Sample	0	1	2	3	4	5	6	7	8	9	10	11	12	13	14	15	16	17	18	19	20	21	22	23	24	25	26	27	28	29	30	31	32	33	34	35	36	37	38	39	40	41	42	43	44	45	46	47	48	49
Bap1_Math1_ctrl_3139_1 - illumina_universal_adapter	(1, 6.16262845200256)	(2, 6.193758746069845)	(3, 6.2132509892492465)	(4, 6.2419283402832395)	(5, 6.280148893045298)	(6, 6.371570258943051)	(7, 6.523342378983518)	(8, 6.994725217561425)	(9, 7.0276758221522)	(10, 7.073798313055571)	(12, 7.2139741598267255)	(14, 7.440373043099045)	(16, 7.63295891236864)	(18, 7.7652089480735835)	(20, 7.867429828372172)	(22, 7.947857712354292)	(24, 8.038025749694889)	(26, 8.177034807261643)	(28, 8.456909042305986)	(30, 8.683749574688923)	(32, 8.838884793024427)	(34, 8.958407575643005)	(36, 9.091266370932852)	(38, 9.235414075583948)	(40, 9.390895451330476)	(42, 9.557844783374989)	(44, 9.735220615368803)	(46, 9.930892060181495)	(48, 10.144877022506737)	(50, 10.384492553825837)	(52, 10.638539268245912)	(54, 10.914322280785823)	(56, 11.205983772498666)	(58, 11.518119281427348)	(60, 11.852760990303832)	(62, 12.21334361619785)	(64, 12.599067416125314)	(66, 13.007568970521294)	(68, 13.43797691762701)	(70, 13.886313431331292)	(72, 14.354595773788041)	(74, 14.843737084374617)	(76, 15.348730017093612)	(78, 15.87094129689545)	(80, 16.4018065119729)	(82, 16.944032255186286)	(84, 17.492852893902814)	(86, 18.04911890107197)	(88, 18.618893999617917)	(90, 19.055404463150737)
Bap1_Math1_ctrl_3139_1 - polya	(1, 0.029781473810535992)	(2, 0.03305206452159285)	(3, 0.034955930282226315)	(4, 0.03666881264367398)	(5, 0.03863832894777756)	(6, 0.04139565177352258)	(7, 0.04559728655561022)	(8, 0.051410343768328065)	(9, 0.056835465951449754)	(10, 0.06492540337633583)	(12, 0.07568314015859859)	(14, 0.08666170149616992)	(16, 0.09802521374772513)	(18, 0.10889933103886673)	(20, 0.11945713207510684)	(22, 0.12956433165389297)	(24, 0.14043248071381)	(26, 0.15159008898811804)	(28, 0.164174104525095)	(30, 0.1757166637133869)	(32, 0.1876710308561732)	(34, 0.20000139656610655)	(36, 0.21297334713267968)	(38, 0.22531863342067443)	(40, 0.237329698760094)	(42, 0.24890508322012095)	(44, 0.26084154566923357)	(46, 0.272915277436511)	(48, 0.2842937102661276)	(50, 0.2957348095236021)	(52, 0.30726841636505714)	(54, 0.3194704651036625)	(56, 0.331973909519108)	(58, 0.3440028795522012)	(60, 0.3563571181870328)	(62, 0.36818615247410336)	(64, 0.3799644567957653)	(66, 0.39220828315294254)	(68, 0.40407014271174824)	(70, 0.41503676758687047)	(72, 0.4261376776645452)	(74, 0.43795179137355444)	(76, 0.44894228917357487)	(78, 0.4595299313659377)	(80, 0.47005789124605507)	(82, 0.48104242081485094)	(84, 0.49180612582833827)	(86, 0.5027130683912149)	(88, 0.5133663611270479)	(90, 0.5214145209333622)
Bap1_Math1_ctrl_3139_1 - polyg	(1, 0.0)	(2, 0.0)	(3, 0.0008952346836834467)	(4, 0.0013130108694023885)	(5, 0.0015994859681810914)	(6, 0.0020411350787982586)	(7, 0.002548434732885545)	(8, 0.0031213849304429506)	(9, 0.003598843428407456)	(10, 0.004374713487599776)	(12, 0.00545197922363219)	(14, 0.006463594416194485)	(16, 0.0075736854239619586)	(18, 0.008692728778566267)	(20, 0.009656598121332112)	(22, 0.010736847972976804)	(24, 0.011870811905642504)	(26, 0.012909284138715301)	(28, 0.014135755655361622)	(30, 0.015287624281700992)	(32, 0.016478286410999975)	(34, 0.017498853950399105)	(36, 0.01842989802142989)	(38, 0.01954297314480964)	(40, 0.020694841771149008)	(42, 0.021882519784835713)	(44, 0.02300753137066458)	(46, 0.027209166152752224)	(48, 0.031157151107796224)	(50, 0.032249337421890026)	(52, 0.03347879305414862)	(54, 0.03470526457079495)	(56, 0.035872053775195714)	(58, 0.03713433467918936)	(60, 0.038495091398388206)	(62, 0.04008860913534475)	(64, 0.04237444169434981)	(66, 0.06170255851507542)	(68, 0.08757782498913931)	(70, 0.2203739538511295)	(72, 3.3833843129697483)	(74, 6.211180013014325)	(76, 6.42150048136769)	(78, 6.641197040974832)	(80, 6.997291556987984)	(82, 7.143346111515326)	(84, 7.306857742374495)	(86, 7.531319934614446)	(88, 7.7348724287591635)	(90, 7.862326990675176)
Bap1_Math1_ctrl_3139_2 - illumina_universal_adapter	(1, 6.225521672646934)	(2, 6.255398638157063)	(3, 6.2733570459117525)	(4, 6.29888317085918)	(5, 6.333654085973445)	(6, 6.422807524005867)	(7, 6.577092269391873)	(8, 7.405148542411713)	(9, 7.439113746310663)	(10, 7.485319792451178)	(12, 7.6054841599263945)	(14, 7.817398146016716)	(16, 8.01825896787916)	(18, 8.160631123740949)	(20, 8.270956862042485)	(22, 8.360504203335728)	(24, 8.4695020101898)	(26, 8.581624186089927)	(28, 8.687984034742744)	(30, 8.797808441621418)	(32, 8.903789307591477)	(34, 9.01713795500825)	(36, 9.143201919048941)	(38, 9.280993457445884)	(40, 9.434051731315243)	(42, 9.600884682850879)	(44, 9.77815308668265)	(46, 9.974108022478507)	(48, 10.188194444734567)	(50, 10.427732389047748)	(52, 10.681665707074556)	(54, 10.956887705879357)	(56, 11.24835224596179)	(58, 11.560347501456697)	(60, 11.895129463766956)	(62, 12.256049294725162)	(64, 12.642068522098242)	(66, 13.051125121998105)	(68, 13.482473065521688)	(70, 13.93114678429016)	(72, 14.399617126030481)	(74, 14.889638750722678)	(76, 15.395929773733014)	(78, 15.918794574853944)	(80, 16.45029839067242)	(82, 16.993568574350107)	(84, 17.542959179148575)	(86, 18.099920485255396)	(88, 18.670781801884207)	(90, 19.107978612007855)
Bap1_Math1_ctrl_3139_2 - polya	(1, 0.05268754525038311)	(2, 0.07129052197732513)	(3, 0.09804013432578652)	(4, 0.12786338575489442)	(5, 0.15920853614626415)	(6, 0.19289323317765997)	(7, 0.23127492818278161)	(8, 0.26741256824747006)	(9, 0.301956690575202)	(10, 0.35415484086517146)	(12, 0.4233684183763511)	(14, 0.4912272073995563)	(16, 0.5574536851828454)	(18, 0.6256079016516662)	(20, 0.6933473260503803)	(22, 0.7598960883197955)	(24, 0.8271132924863609)	(26, 0.8934770395878149)	(28, 0.9607509419510136)	(30, 1.0277503056778827)	(32, 1.0945169083869941)	(34, 1.1615371609231495)	(36, 1.2279576062212365)	(38, 1.2939990688365643)	(40, 1.361475891061398)	(42, 1.4271891009593753)	(44, 1.492896342626128)	(46, 1.5584872037840019)	(48, 1.6233439725012553)	(50, 1.688248487068305)	(52, 1.7513118023025793)	(54, 1.8153360027640073)	(56, 1.880055502163096)	(58, 1.9443661777233023)	(60, 2.0072056842866557)	(62, 2.0701138255090914)	(64, 2.133135363124794)	(66, 2.19540191949059)	(68, 2.2577729199028154)	(70, 2.3197291282449344)	(72, 2.3811690845861295)	(74, 2.4411677130865943)	(76, 2.5016706571255343)	(78, 2.5617110632445703)	(80, 2.6205041090376744)	(82, 2.6782556984820935)	(84, 2.7365145875806003)	(86, 2.794218431175223)	(88, 2.851474657428004)	(90, 2.895075570639)
Bap1_Math1_ctrl_3139_2 - polyg	(1, 0.41007716743926415)	(2, 0.42244931076776937)	(3, 0.4233206725265546)	(4, 0.4242218754414626)	(5, 0.42462174693350785)	(6, 0.4249380631884094)	(7, 0.4253379346804546)	(8, 0.42579748848474547)	(9, 0.42672853255577625)	(10, 0.427411895030988)	(12, 0.42916058677978297)	(14, 0.43011848789132423)	(16, 0.43056908934877824)	(18, 0.4309391196847007)	(20, 0.4313270547142969)	(22, 0.4315986092350142)	(24, 0.4319059731430789)	(26, 0.4322312417448172)	(28, 0.43258933561829055)	(30, 0.4329474294917639)	(32, 0.4334010150648302)	(34, 0.4338247594817737)	(36, 0.43470208947178346)	(38, 0.43527802378495317)	(40, 0.4357644346297545)	(42, 0.4366895104695607)	(44, 0.4374206187945689)	(46, 0.43835763109682424)	(48, 0.43906785061254644)	(50, 0.43981089540000373)	(52, 0.4424846629886049)	(54, 0.4447585590851609)	(56, 0.44588058655537743)	(58, 0.4469130905572257)	(60, 0.4481335938426475)	(62, 0.44956895345215325)	(64, 0.4511087571080888)	(66, 0.45222481634708084)	(68, 0.453997381020774)	(70, 0.4562056265738599)	(72, 0.4588972988561347)	(74, 0.47672440552388445)	(76, 3.7353249400506097)	(78, 6.6498360556723775)	(80, 6.753337121568633)	(82, 6.9635143523726075)	(84, 7.352947408006132)	(86, 7.444392646828783)	(88, 7.597725459334471)	(90, 7.784202843945733)
Bap1_Math1_ctrl_3200_1 - illumina_universal_adapter	(1, 5.653168353983016)	(2, 5.6821702208191525)	(3, 5.699830169313756)	(4, 5.723161076979126)	(5, 5.75380606788269)	(6, 5.8313455288522045)	(7, 5.9603307681452335)	(8, 6.352099530858997)	(9, 6.382330105515466)	(10, 6.421576051161358)	(12, 6.5338210552099145)	(14, 6.721856974483664)	(16, 6.878499045424892)	(18, 6.98913364247816)	(20, 7.078756608757692)	(22, 7.150043473718412)	(24, 7.229858588816708)	(26, 7.353670895481532)	(28, 7.604403630664389)	(30, 7.782210012049334)	(32, 7.897326847985649)	(34, 7.984837745497095)	(36, 8.078990208652764)	(38, 8.180049609260006)	(40, 8.288586678466139)	(42, 8.408382055718338)	(44, 8.536891079850232)	(46, 8.676985582749582)	(48, 8.834601895394506)	(50, 9.012586403061096)	(52, 9.202469019295584)	(54, 9.412836157919346)	(56, 9.638169539431598)	(58, 9.87910532912393)	(60, 10.142277822180095)	(62, 10.431093229332788)	(64, 10.742116258007412)	(66, 11.076579251254536)	(68, 11.432642782573899)	(70, 11.814803631769498)	(72, 12.219288429854632)	(74, 12.651062901333962)	(76, 13.113387847730674)	(78, 13.601544740196275)	(80, 14.112709004836091)	(82, 14.64781489582121)	(84, 15.213147726232556)	(86, 15.813545987516473)	(88, 16.449493165294577)	(90, 16.949602694781635)
Bap1_Math1_ctrl_3200_1 - polya	(1, 0.044342538439106294)	(2, 0.049402778929943804)	(3, 0.052238258515326895)	(4, 0.05469567415599224)	(5, 0.05752388328089998)	(6, 0.061646234370418475)	(7, 0.06776069163018046)	(8, 0.0752565363802573)	(9, 0.08219982613420819)	(10, 0.09138241771456419)	(12, 0.1039566791066669)	(14, 0.1170616841134695)	(16, 0.13050476553237547)	(18, 0.14322807136422266)	(20, 0.15522069591829807)	(22, 0.16712971017690703)	(24, 0.17924593255906324)	(26, 0.19255451045917538)	(28, 0.20631749213899636)	(30, 0.21963697572982155)	(32, 0.2328728490251803)	(34, 0.24689029682163824)	(36, 0.2621546285896172)	(38, 0.27705907256406676)	(40, 0.29053850628534944)	(42, 0.3043414754977848)	(44, 0.3188133270739516)	(46, 0.332681730430665)	(48, 0.3459575912586381)	(50, 0.35915711225162017)	(52, 0.3729927985361946)	(54, 0.38678849728815456)	(56, 0.40121309087123164)	(58, 0.41584852780809356)	(60, 0.4302040520166549)	(62, 0.4445741171461669)	(64, 0.45865699908690283)	(66, 0.47319064957711005)	(68, 0.4874880101018686)	(70, 0.5012982497747793)	(72, 0.5152720748083852)	(74, 0.5302455881573505)	(76, 0.5439758527650325)	(78, 0.5568154859644852)	(80, 0.570127699094835)	(82, 0.5835889566649293)	(84, 0.5970356733140729)	(86, 0.61028972276062)	(88, 0.6231184502693596)	(90, 0.633213484639371)
Bap1_Math1_ctrl_3200_1 - polyg	(1, 0.0)	(2, 0.0)	(3, 0.0006034482194533239)	(4, 0.0010324053874984577)	(5, 0.0012868715041354016)	(6, 0.0018030741978846303)	(7, 0.0022901950497324942)	(8, 0.0027845863620556996)	(9, 0.0031917321486748095)	(10, 0.004020564642863713)	(12, 0.005122039404877912)	(14, 0.006179891404040064)	(16, 0.0073649764615206885)	(18, 0.0084773569142479)	(20, 0.009473409999369652)	(22, 0.010549438149720156)	(24, 0.011690900444348732)	(26, 0.01277419905517458)	(28, 0.013857497666000425)	(30, 0.014824468909220814)	(32, 0.015889591368858307)	(34, 0.01709285257752728)	(36, 0.018136163655738752)	(38, 0.019306707792268694)	(40, 0.020462711007847953)	(42, 0.02188408603077717)	(44, 0.023469046414401562)	(46, 0.15358120708110862)	(48, 0.28025443994297927)	(50, 0.28249010653914663)	(52, 0.28705232048742335)	(54, 0.29820884208683446)	(56, 0.30041542684110056)	(58, 0.30491947710557443)	(60, 0.31431291203971534)	(62, 0.321070805051545)	(64, 0.3284248758223527)	(66, 0.4534259027748948)	(68, 0.6361143983690322)	(70, 1.0922194658290902)	(72, 4.123205368624342)	(74, 5.8240496217652)	(76, 6.0279787676380465)	(78, 6.2514436408081355)	(80, 6.505684373170343)	(82, 6.631834132877989)	(84, 6.775262141905284)	(86, 6.953937343317033)	(88, 7.100033611338778)	(90, 7.196825251646995)
Bap1_Math1_ctrl_3200_2 - illumina_universal_adapter	(1, 5.701524186604511)	(2, 5.729188288713185)	(3, 5.745256006363689)	(4, 5.7658314095089045)	(5, 5.793568216222331)	(6, 5.869486364505844)	(7, 6.0010017240442926)	(8, 6.7137395053629465)	(9, 6.744457200871263)	(10, 6.783884908029039)	(12, 6.880567491430126)	(14, 7.057461430025416)	(16, 7.221024979339169)	(18, 7.339529849856994)	(20, 7.43565260780148)	(22, 7.513112093705766)	(24, 7.606642932490793)	(26, 7.6994031024654355)	(28, 7.785241794067551)	(30, 7.8704915783711655)	(32, 7.950575700507049)	(34, 8.03416054936181)	(36, 8.124405140011984)	(38, 8.222131034491284)	(40, 8.329762931368235)	(42, 8.44953286200877)	(44, 8.578223647652546)	(46, 8.71867440311519)	(48, 8.876283445299638)	(50, 9.054057109612444)	(52, 9.243834304170036)	(54, 9.453445314904364)	(56, 9.678666004279247)	(58, 9.919827178246317)	(60, 10.183508603535756)	(62, 10.472872930454338)	(64, 10.78419404800845)	(66, 11.119624012498793)	(68, 11.476970780092053)	(70, 11.859775065039722)	(72, 12.26528499805188)	(74, 12.698331800114392)	(76, 13.162812438042046)	(78, 13.652361623688673)	(80, 14.164467412960047)	(82, 14.701183710940452)	(84, 15.268203288182077)	(86, 15.86985933912823)	(88, 16.507071577029038)	(90, 17.008704267985685)
Bap1_Math1_ctrl_3200_2 - polya	(1, 0.04027835103339054)	(2, 0.055364556519723634)	(3, 0.0774958382066624)	(4, 0.10057955021587088)	(5, 0.12524822260870375)	(6, 0.15286870195452515)	(7, 0.18369545436997206)	(8, 0.21364975152837803)	(9, 0.24234625902454995)	(10, 0.285565511320216)	(12, 0.34180979355745594)	(14, 0.3965999836996276)	(16, 0.45113934295540004)	(18, 0.5059331683278093)	(20, 0.5618357389227082)	(22, 0.6165459539996512)	(24, 0.6719141457496125)	(26, 0.7279512198633051)	(28, 0.7832176251666116)	(30, 0.8391783594453133)	(32, 0.8956662021084771)	(34, 0.9510089472467748)	(36, 1.006722485869315)	(38, 1.0622288163683076)	(40, 1.1187639170245611)	(42, 1.174190272458325)	(44, 1.2294130549987798)	(46, 1.2844431703366377)	(48, 1.3390079762040736)	(50, 1.3942125825933398)	(52, 1.4480067196503899)	(54, 1.501829938549341)	(56, 1.5558240132694627)	(58, 1.609799911838396)	(60, 1.6635940488954462)	(62, 1.7173154813477427)	(64, 1.7706479441646086)	(66, 1.8252345614134704)	(68, 1.8787306095910314)	(70, 1.931670467542229)	(72, 1.9847121119400808)	(74, 2.036961276146121)	(76, 2.0888614582493443)	(78, 2.13952566207176)	(80, 2.190458872931763)	(82, 2.2397089721917247)	(84, 2.289137197733332)	(86, 2.338827159852052)	(88, 2.3875501507275514)	(90, 2.4245895116191774)
Bap1_Math1_ctrl_3200_2 - polyg	(1, 0.40772015299666203)	(2, 0.4169390968793948)	(3, 0.41727353806126044)	(4, 0.4180369364111713)	(5, 0.4183350252906603)	(6, 0.41847316403969176)	(7, 0.41875671199823006)	(8, 0.41912750548247246)	(9, 0.4198181992276299)	(10, 0.4205197986635003)	(12, 0.422322872861385)	(14, 0.4231298939741478)	(16, 0.42347524084672655)	(18, 0.42380241156811693)	(20, 0.4240459719940408)	(22, 0.4242313687361621)	(24, 0.42452945761565103)	(26, 0.4247257600484853)	(28, 0.4249293329417948)	(30, 0.4252056104398578)	(32, 0.42555822777291186)	(34, 0.4258381405012125)	(36, 0.4264852114835178)	(38, 0.4268487345072849)	(40, 0.42740128950341083)	(42, 0.42808107755785524)	(44, 0.4287645008425373)	(46, 0.4297351073159954)	(48, 0.43045851813329183)	(50, 0.43105106066203214)	(52, 0.43323946926510987)	(54, 0.4352097640539273)	(56, 0.4360749488504929)	(58, 0.4370637314751393)	(60, 0.4381433948557275)	(62, 0.4393975492877239)	(64, 0.4408988993758819)	(66, 0.44177135463292283)	(68, 0.4433163274839328)	(70, 0.4450721436887277)	(72, 0.44697700433326715)	(74, 0.4618378255448647)	(76, 3.496651625780384)	(78, 6.144993193758426)	(80, 6.229036081623134)	(82, 6.409365312793023)	(84, 6.738815323542399)	(86, 6.815940368264818)	(88, 6.939152861940427)	(90, 7.093359328622414)
Bap1_Math1_mut_3201_1 - illumina_universal_adapter	(1, 6.165153195323432)	(2, 6.213879927098908)	(3, 6.250828342915412)	(4, 6.306377739121134)	(5, 6.367735619909364)	(6, 6.5176267914968395)	(7, 6.7864996988577335)	(8, 7.93969133436334)	(9, 7.980465974150861)	(10, 8.039288405319741)	(12, 8.27671021262972)	(14, 8.667618920078247)	(16, 8.962491710808461)	(18, 9.137679754734434)	(20, 9.261467320013619)	(22, 9.346358783177799)	(24, 9.44156491638433)	(26, 9.587065150221932)	(28, 9.838639376316273)	(30, 10.069745609119874)	(32, 10.259927380112993)	(34, 10.439079945261948)	(36, 10.663386563177298)	(38, 10.919870341716376)	(40, 11.223133165732431)	(42, 11.570213169079224)	(44, 11.965247744544692)	(46, 12.406773246212211)	(48, 12.892761314386302)	(50, 13.423442444486907)	(52, 13.97486816238218)	(54, 14.556546404144676)	(56, 15.155534851944724)	(58, 15.76596739734483)	(60, 16.392857315728705)	(62, 17.041506001754993)	(64, 17.70360409553482)	(66, 18.382263285237393)	(68, 19.0638843410862)	(70, 19.75110643563957)	(72, 20.44553151206609)	(74, 21.152956530177267)	(76, 21.87308184592718)	(78, 22.59520094705958)	(80, 23.31631739311524)	(82, 24.04497103940296)	(84, 24.786301933787424)	(86, 25.540091105619688)	(88, 26.30919669810701)	(90, 26.903402365943286)
Bap1_Math1_mut_3201_1 - polya	(1, 0.03973741039778669)	(2, 0.043194841696898065)	(3, 0.04473916101050114)	(4, 0.046214331698121995)	(5, 0.04780475009571322)	(6, 0.05052459605101417)	(7, 0.05388982918214923)	(8, 0.05831534124501179)	(9, 0.06195716888007577)	(10, 0.06784632685956213)	(12, 0.07527980415265159)	(14, 0.08430369984333226)	(16, 0.0923710395412588)	(18, 0.10123358843798094)	(20, 0.10947379970086304)	(22, 0.11771401096374515)	(24, 0.12732566997527475)	(26, 0.13780168681158222)	(28, 0.14861192200680376)	(30, 0.15837340304129488)	(32, 0.16791591342684226)	(34, 0.178783772477049)	(36, 0.18974382969523204)	(38, 0.1988829730958831)	(40, 0.20825261191647493)	(42, 0.21839441039386825)	(44, 0.22938904192504245)	(46, 0.23890850276859574)	(48, 0.24852016178012534)	(50, 0.25825859327262235)	(52, 0.26776652934517864)	(54, 0.27863438839538535)	(56, 0.28985951534650034)	(58, 0.30019723493084327)	(60, 0.3104081820342189)	(62, 0.3209648722675056)	(64, 0.33093379917994337)	(66, 0.34128304353528344)	(68, 0.3510329997987775)	(70, 0.3605755101843249)	(72, 0.3697838022109582)	(74, 0.3794069859934848)	(76, 0.3887074761880944)	(78, 0.3970629351609469)	(80, 0.40644409875253573)	(82, 0.41543342013022533)	(84, 0.4247915341798201)	(86, 0.4338269546414978)	(88, 0.44330031640106293)	(90, 0.4508490414041228)
Bap1_Math1_mut_3201_1 - polyg	(1, 0.0)	(2, 0.0)	(3, 0.0003687926719052129)	(4, 0.0007375853438104258)	(5, 0.0011063780157156387)	(6, 0.0014290716036327)	(7, 0.001913111985508292)	(8, 0.0024432514513720357)	(9, 0.0030425395432180065)	(10, 0.003803174429022508)	(12, 0.004990225841717412)	(14, 0.006050504773444899)	(16, 0.006765040575261249)	(18, 0.007571774545053903)	(20, 0.008401558056840631)	(22, 0.009392688362585892)	(24, 0.010429917752319303)	(26, 0.011236651722111956)	(28, 0.012181682943869064)	(30, 0.013265011417590625)	(32, 0.014359864662309228)	(34, 0.015593015158992283)	(36, 0.01692988859464868)	(38, 0.018520306992239912)	(40, 0.02049104283273339)	(42, 0.02495112920858706)	(44, 0.029422740355437765)	(46, 1.0659030199740416)	(48, 2.0901670423357857)	(50, 2.110254718183622)	(52, 2.17092111271203)	(54, 2.4254572049526093)	(56, 2.441246141218551)	(58, 2.502465724754816)	(60, 2.614924440143912)	(62, 2.6846493046759914)	(64, 2.7276021261819516)	(66, 3.1395320159290776)	(68, 3.7428537776240116)	(70, 4.3600744131413744)	(72, 6.364658506053155)	(74, 7.426216687361314)	(76, 7.787114891133555)	(78, 8.25414471101752)	(80, 8.679904325961092)	(82, 8.940225853242183)	(84, 9.206816855945664)	(86, 9.489980479342886)	(88, 9.72978791424925)	(90, 9.881960990494138)
Bap1_Math1_mut_3201_2 - illumina_universal_adapter	(1, 6.308728792404531)	(2, 6.355680709446463)	(3, 6.388088365490134)	(4, 6.435362976119983)	(5, 6.487362742858618)	(6, 6.624069576425482)	(7, 6.880910622865469)	(8, 8.272342324421842)	(9, 8.313624054133232)	(10, 8.372688505493052)	(12, 8.556151334994897)	(14, 8.901249077730201)	(16, 9.213409024955968)	(18, 9.409560627325554)	(20, 9.550059110550443)	(22, 9.657850293685739)	(24, 9.811060599320362)	(26, 9.958381746975498)	(28, 10.070010678852807)	(30, 10.197359398370075)	(32, 10.345083913010107)	(34, 10.520329580791065)	(36, 10.739887993055635)	(38, 10.992614696249678)	(40, 11.29577379732676)	(42, 11.643188019032468)	(44, 12.039006278925735)	(46, 12.482629288914715)	(48, 12.968467535065844)	(50, 13.499356111044396)	(52, 14.051023849130605)	(54, 14.632667516580112)	(56, 15.231990182739075)	(58, 15.843079640086012)	(60, 16.471502353012497)	(62, 17.122098725337278)	(64, 17.78557979163675)	(66, 18.46517248779008)	(68, 19.148798853792375)	(70, 19.837588317201345)	(72, 20.53427224874328)	(74, 21.244082894450845)	(76, 21.966294193751224)	(78, 22.690199634388165)	(80, 23.412019091474644)	(82, 24.142770246083828)	(84, 24.88592205428582)	(86, 25.640552534400868)	(88, 26.41149056547672)	(90, 27.007240552626598)
Bap1_Math1_mut_3201_2 - polya	(1, 0.03441296619715518)	(2, 0.04727461062984948)	(3, 0.06472311391936486)	(4, 0.0844074227823056)	(5, 0.10662718126459468)	(6, 0.1307139526484039)	(7, 0.15950283059900458)	(8, 0.18944418564930907)	(9, 0.21802561772196305)	(10, 0.2601832300291277)	(12, 0.3153292592499541)	(14, 0.37163929034148124)	(16, 0.4269581911272632)	(18, 0.481631704737211)	(20, 0.5384257762106138)	(22, 0.5941941430652802)	(24, 0.6504580750728193)	(26, 0.706341689637456)	(28, 0.7620063335531491)	(30, 0.8164147774301651)	(32, 0.8715953809639825)	(34, 0.9278708377425187)	(36, 0.9824521531844901)	(38, 1.036549428244586)	(40, 1.0914649620454717)	(42, 1.145689009586535)	(44, 1.2029325471288224)	(46, 1.258827686464456)	(48, 1.3133629028224394)	(50, 1.365524016355033)	(52, 1.4170282179407954)	(54, 1.4705377296800424)	(56, 1.5231598340525174)	(58, 1.57559754208904)	(60, 1.6284962409654438)	(62, 1.6810261471699426)	(64, 1.7346048075351719)	(66, 1.7888403798472323)	(68, 1.8415546823876836)	(70, 1.8916298123698132)	(72, 1.9410019313211238)	(74, 1.99159567599812)	(76, 2.04198197479717)	(78, 2.0947654259636037)	(80, 2.1455896660605402)	(82, 2.195019408866836)	(84, 2.2428817828175345)	(86, 2.292369149478815)	(88, 2.3406925142693953)	(90, 2.3769379190550795)
Bap1_Math1_mut_3201_2 - polyg	(1, 0.41099638329636573)	(2, 0.4197782587961086)	(3, 0.42028534871997825)	(4, 0.4207232900178657)	(5, 0.4209537854378065)	(6, 0.4211612313157531)	(7, 0.42146087536167615)	(8, 0.4218988166595636)	(9, 0.4227286001713503)	(10, 0.4235814332251311)	(12, 0.4252870993326927)	(14, 0.4260707837604913)	(16, 0.42637042780641426)	(18, 0.4267622700203136)	(20, 0.42705038929523953)	(22, 0.4274076571961477)	(24, 0.4276496773870855)	(26, 0.4279147471200173)	(28, 0.4282259159369374)	(30, 0.42847946089887223)	(32, 0.4288367287997804)	(34, 0.42930924441065893)	(36, 0.42995463158649305)	(38, 0.4306000187623272)	(40, 0.431153207770185)	(42, 0.43190231788499245)	(44, 0.4326399032288029)	(46, 0.4337347564735215)	(48, 0.4345645399853082)	(50, 0.4351984023901453)	(52, 0.4362702060928698)	(54, 0.4371691382306388)	(56, 0.4380680703684078)	(58, 0.43913987407113225)	(60, 0.44008490529288935)	(62, 0.44128348147658136)	(64, 0.442701028309217)	(66, 0.4437613072409444)	(68, 0.4447754870886838)	(70, 0.44618150915032245)	(72, 0.44764515506694624)	(74, 0.4651397574404498)	(76, 3.903151817421812)	(78, 6.711646311231973)	(80, 6.845990566744444)	(82, 7.267025025579229)	(84, 8.22080354852309)	(86, 8.345904937695934)	(88, 8.605880721847118)	(90, 8.934394319117683)
Bap1_Math1_mut_3391_1 - illumina_universal_adapter	(1, 6.032295644366443)	(2, 6.062995963320934)	(3, 6.082393787328923)	(4, 6.1090095777769795)	(5, 6.146677188136848)	(6, 6.241631416718713)	(7, 6.394329376821126)	(8, 6.862162719505622)	(9, 6.897662728094928)	(10, 6.943458845094404)	(12, 7.08201209772463)	(14, 7.3121760163416525)	(16, 7.505627101569174)	(18, 7.635111816179702)	(20, 7.735415007634161)	(22, 7.816209783153561)	(24, 7.909424032082866)	(26, 8.052994471804478)	(28, 8.327428338827417)	(30, 8.507612079204169)	(32, 8.646522912398586)	(34, 8.774673151089143)	(36, 8.916009633883952)	(38, 9.067874468135775)	(40, 9.231288785971223)	(42, 9.409198019047912)	(44, 9.599814264544884)	(46, 9.806905020777641)	(48, 10.035601753162211)	(50, 10.287500671845956)	(52, 10.555479656725609)	(54, 10.846671887097145)	(56, 11.154957942996054)	(58, 11.487972353787704)	(60, 11.8455713499669)	(62, 12.233030166454858)	(64, 12.645836652627144)	(66, 13.080621441105707)	(68, 13.53856417911262)	(70, 14.017817981465825)	(72, 14.518596659224322)	(74, 15.0389759128571)	(76, 15.576994578857462)	(78, 16.12818105697423)	(80, 16.687389136201112)	(82, 17.261350178499058)	(84, 17.843679343278595)	(86, 18.43953021434116)	(88, 19.045083683805295)	(90, 19.505835456759772)
Bap1_Math1_mut_3391_1 - polya	(1, 0.018999693070538407)	(2, 0.021513816212584816)	(3, 0.022752445795763104)	(4, 0.02396158419838953)	(5, 0.025214959371843752)	(6, 0.027463661888923387)	(7, 0.031105822687078594)	(8, 0.0355516181552721)	(9, 0.04033656219981204)	(10, 0.047104788136464834)	(12, 0.05510795725872694)	(14, 0.06404747136351072)	(16, 0.07347727634496926)	(18, 0.08261216952090913)	(20, 0.09155905642083088)	(22, 0.09993455169756027)	(24, 0.10888512499505101)	(26, 0.11873149290180463)	(28, 0.12880273106026618)	(30, 0.1384094831250359)	(32, 0.14819686867068577)	(34, 0.1588210664644948)	(36, 0.16998347830337535)	(38, 0.17995518372747438)	(40, 0.18937024311865697)	(42, 0.1989475040028748)	(44, 0.20869802557283484)	(46, 0.2182531680716388)	(48, 0.22802580802701272)	(50, 0.23734133468383278)	(52, 0.24746418240826012)	(54, 0.25750592938616984)	(56, 0.26820754152892745)	(58, 0.278304584470372)	(60, 0.28819518914795333)	(62, 0.2978535507786888)	(64, 0.307578267565666)	(66, 0.31726243397938436)	(68, 0.32780921742424474)	(70, 0.3370620753223921)	(72, 0.34653243067710937)	(74, 0.35658523684772603)	(76, 0.36570907083095894)	(78, 0.3745748569843631)	(80, 0.3835291166794228)	(82, 0.39243545320608575)	(84, 0.40173992067019887)	(86, 0.41053197887222337)	(88, 0.41994703826340596)	(90, 0.426877465693094)
Bap1_Math1_mut_3391_1 - polyg	(1, 0.0)	(2, 0.0)	(3, 0.0004866044791057566)	(4, 0.000796261874900329)	(5, 0.0011649016317986296)	(6, 0.001563032569248794)	(7, 0.0020348914580786185)	(8, 0.0026320878642538655)	(9, 0.0031997930898772483)	(10, 0.004228298011623506)	(12, 0.005562773931595355)	(14, 0.006735048358531949)	(16, 0.008010541917400069)	(18, 0.009145952368646834)	(20, 0.010266617229617667)	(22, 0.011394654885726468)	(24, 0.012777053974095095)	(26, 0.01387560044965203)	(28, 0.015158466803658115)	(30, 0.016548238687164707)	(32, 0.01784953702901571)	(34, 0.018959142697279593)	(36, 0.020286245822113476)	(38, 0.021528561802860745)	(40, 0.022837232939849714)	(42, 0.024186454450097497)	(44, 0.025598344719017986)	(46, 0.08269327026742677)	(48, 0.138169867283052)	(50, 0.1398176869963874)	(52, 0.14241659728252043)	(54, 0.14763284984263136)	(56, 0.14937651589276035)	(58, 0.15282329761975944)	(60, 0.15804323657743938)	(62, 0.16234894893801155)	(64, 0.16857527443202383)	(66, 0.3097643013240729)	(68, 0.4250748172818613)	(70, 0.9971115600487991)	(72, 4.768248349950016)	(74, 6.250235468644719)	(76, 6.430655138465885)	(78, 6.719893578125861)	(80, 7.0244748044679435)	(82, 7.1668434785820665)	(84, 7.3496887980036245)	(86, 7.57958729599568)	(88, 7.757765636094905)	(90, 7.87551654724336)
Bap1_Math1_mut_3391_2 - illumina_universal_adapter	(1, 6.118446755553577)	(2, 6.147878953744336)	(3, 6.1656916267976625)	(4, 6.18926245285374)	(5, 6.222948753839106)	(6, 6.315197166605337)	(7, 6.466685988305125)	(8, 7.21475190138857)	(9, 7.2508343607937755)	(10, 7.296726324130045)	(12, 7.414904857396502)	(14, 7.630555428784439)	(16, 7.832404127674104)	(18, 7.972026435599335)	(20, 8.080848891835714)	(22, 8.17161905917678)	(24, 8.283578639744364)	(26, 8.40100146150918)	(28, 8.505201175194053)	(30, 8.615715687914594)	(32, 8.731656577856679)	(34, 8.85565961928213)	(36, 8.992141116478589)	(38, 9.139357403395923)	(40, 9.301381949347865)	(42, 9.479825710072056)	(44, 9.670810595325928)	(46, 9.878502234362431)	(48, 10.107541801720913)	(50, 10.359444406802229)	(52, 10.627733049077674)	(54, 10.91936396075992)	(56, 11.22787120051297)	(58, 11.562013648960727)	(60, 11.92056742211029)	(62, 12.308977329171046)	(64, 12.723162528034132)	(66, 13.1593370883962)	(68, 13.619428996185832)	(70, 14.1004817605527)	(72, 14.602701819760668)	(74, 15.12564680610146)	(76, 15.66614273126818)	(78, 16.21978435016589)	(80, 16.781005202465433)	(82, 17.357377148773494)	(84, 17.941918152094424)	(86, 18.54019835915495)	(88, 19.148055827099697)	(90, 19.61122219046186)
Bap1_Math1_mut_3391_2 - polya	(1, 0.05335691841346001)	(2, 0.074833870650355)	(3, 0.10809254951771967)	(4, 0.14355569413133618)	(5, 0.1821375310883123)	(6, 0.22394865231571753)	(7, 0.27129674269173526)	(8, 0.316027490793775)	(9, 0.35971130198622364)	(10, 0.4240315667698391)	(12, 0.5085754086168953)	(14, 0.5930971320785376)	(16, 0.6770253455315738)	(18, 0.7609019494186441)	(20, 0.8439380546599862)	(22, 0.9265428513857574)	(24, 1.0082924038755245)	(26, 1.0907018215301396)	(28, 1.1743093183946742)	(30, 1.2578983832713637)	(32, 1.3412625778963454)	(34, 1.4258948932850573)	(36, 1.5090932000194348)	(38, 1.5917938430819993)	(40, 1.6739488993043548)	(42, 1.7564136129225045)	(44, 1.836331025820487)	(46, 1.9173838491697164)	(48, 1.9984145541335319)	(50, 2.0804184680555586)	(52, 2.159974613991781)	(54, 2.2411527748583557)	(56, 2.3206794296140263)	(58, 2.401378358796633)	(60, 2.4801640476409377)	(62, 2.558588469523482)	(64, 2.636482050156093)	(66, 2.714357198800859)	(68, 2.7924314129143504)	(70, 2.8699563537900628)	(72, 2.9472674836067743)	(74, 3.023022953649375)	(76, 3.0983913519472326)	(78, 3.1734795840298475)	(80, 3.2483687506437375)	(82, 3.3207106165374594)	(84, 3.392871848950302)	(86, 3.464730796762488)	(88, 3.535966743385515)	(90, 3.5906618241165162)
Bap1_Math1_mut_3391_2 - polyg	(1, 0.42064008100637473)	(2, 0.4302320874808685)	(3, 0.4306081000329048)	(4, 0.4313085155710116)	(5, 0.43175825607442747)	(6, 0.4321490142167397)	(7, 0.43244392602225834)	(8, 0.43287154814026035)	(9, 0.4338373843033339)	(10, 0.43462627338309623)	(12, 0.4365505729141054)	(14, 0.43761594181154145)	(16, 0.43808780070037134)	(18, 0.43856334598677016)	(20, 0.439024145682893)	(22, 0.4393190574884116)	(24, 0.4396803244501719)	(26, 0.44004159141193233)	(28, 0.4405208230959001)	(30, 0.44105535074340263)	(32, 0.44158619199333615)	(34, 0.442050678087028)	(36, 0.44293541350358395)	(38, 0.4436616338246736)	(40, 0.4444025997360392)	(42, 0.44524309838176734)	(44, 0.44605041944937457)	(46, 0.44719688909332833)	(48, 0.44814060687098795)	(50, 0.44924652614168287)	(52, 0.4525458519659227)	(54, 0.4554138692745914)	(56, 0.45696584265113327)	(58, 0.45834086894436393)	(60, 0.4599297062965956)	(62, 0.4618429466348978)	(64, 0.46412851312766723)	(66, 0.4655920129625535)	(68, 0.46772275075742564)	(70, 0.470255305887317)	(72, 0.47390852587817917)	(74, 0.501036725588325)	(76, 3.8983838611873725)	(78, 6.5953412634626325)	(80, 6.685300423338524)	(82, 6.916769326694967)	(84, 7.30914211114238)	(86, 7.397239640245935)	(88, 7.550070310660834)	(90, 7.740432194725547)
