Summit_Chr	Summit_Start	Summit_End	Peak_Chr	Peak_Start	Peak_End	width	strand	Conc	Conc_mut	Conc_ctrl	Fold	p.value	FDR
chr8	30797362	30797762	chr8	30797451	30797669	219	*	6.14619564164989	6.92666073522556	4.32157574387154	2.38625104699581	8.382995464265019e-20	3.65508237868925e-17
chr8	30643364	30643764	chr8	30643306	30643742	437	*	7.94654598301192	8.58031347529126	6.78936675527468	1.65227928806935	1.23179513287802e-15	2.63986919635377e-13
chr8	30636797	30637197	chr8	30636885	30637126	242	*	7.0785169436235	7.65620101312788	6.10013447800423	1.41650149046089	5.27739587995393e-13	6.809097207969129e-11
chr8	30542313	30542713	chr8	30542184	30542595	412	*	5.91456078154456	6.57346507249934	4.66685371380392	1.71873880511262	6.458506802719329e-13	8.154251371501329e-11
chr8	34051203	34051603	chr8	34051236	34051774	539	*	7.31427297938793	7.91203003156237	6.27519409145274	1.47571833718922	1.24452410781885e-12	1.45257024559669e-10
chr8	32884554	32884954	chr8	32884529	32884904	376	*	6.417717445233	6.98005593925507	5.48353559833788	1.33950213071285	1.3043968979620399e-11	1.1908468719709801e-9
chr8	32008523	32008923	chr8	32008514	32009015	502	*	6.65115348519012	7.12477215457473	5.94137012105104	1.10126714832739	8.04366598073574e-11	6.1146369067585004e-9
chr8	37925054	37925454	chr8	37925175	37925302	128	*	4.44392730673367	5.18473933044956	2.83957731088783	2.02956049352566	1.52732369799791e-9	8.6536176006206e-8
chr8	34686488	34686888	chr8	34686599	34686759	161	*	5.69736065440408	4.81623042924784	6.24041904320932	-1.28558196820741	2.6371855533388404e-9	1.40585014449976e-7
chr8	31191586	31191986	chr8	31191717	31191882	166	*	5.17239776577309	4.12126116553572	5.77401079186604	-1.37661832252649	5.59053384648766e-9	2.73739388106862e-7
chr8	37916423	37916823	chr8	37916555	37916693	139	*	5.02164145529873	5.64512955089798	3.89947841855311	1.48897751172155	2.68709136864259e-8	1.08782750145912e-6
chr8	49824997	49825397	chr8	49825111	49825277	167	*	5.29232769217827	5.85275328763532	4.36352967067641	1.25111911036038	5.81618738433509e-8	2.17472090734335e-6
chr8	38237631	38238031	chr8	38237729	38237935	207	*	4.81553667282034	5.47208742635133	3.57661963634229	1.56069033522033	1.04260158382783e-7	3.65517614411655e-6
chr8	36225260	36225660	chr8	36225364	36225558	195	*	5.58724525725463	4.82129837111391	6.08491660689001	-1.11707393464773	2.23156603094458e-7	7.20732177537852e-6
chr8	41040146	41040546	chr8	41040259	41040750	492	*	7.69715182278818	8.14983277866499	7.03382111478172	0.964473398740462	1.31620768454992e-6	3.39182785992066e-5
chr8	36052493	36052893	chr8	36052538	36052912	375	*	6.23615913433736	5.42379385435013	6.75273158831613	-1.10877220630948	1.5347843537935e-6	3.87222978998661e-5
chr8	37239372	37239772	chr8	37239486	37239644	159	*	5.09786958843845	5.67621790852708	4.1175321133921	1.26101166164101	1.9992377035265e-6	4.86759202874652e-5
chr8	38661347	38661747	chr8	38661245	38661659	415	*	6.76341111816343	7.20400325101464	6.12593994247452	0.92505825962791	3.13347625297063e-6	7.143158335573e-5
chr8	35171535	35171935	chr8	35171607	35172161	555	*	8.57620126091885	8.04741683405295	8.96230750740304	-0.809671814027434	3.15400473294992e-6	7.18132422178808e-5
chr8	30923750	30924150	chr8	30923858	30924086	229	*	6.3831198956808	6.80195680464034	5.79052842539001	0.842323519321417	1.04984992060191e-5	2.011818996625e-4
chr8	32290133	32290533	chr8	32290112	32290411	300	*	6.54436331138389	6.91364662794873	6.04677337025269	0.747118380760035	1.41844934790757e-5	2.6138469329209e-4
chr8	34123935	34124335	chr8	34123965	34124649	685	*	8.21713949459742	7.81261052804769	8.5327255314975	-0.633582490509389	1.62142612238506e-5	2.9351256072742e-4
chr8	35826505	35826905	chr8	35825951	35826870	920	*	7.62622664819804	7.93989654756149	7.22484862190944	0.622812295521504	2.36635626137663e-5	4.0653529013949e-4
chr8	38660455	38660855	chr8	38659969	38660783	815	*	7.23927612829091	7.57144623808783	6.80700534969325	0.667247671604555	2.60782754682194e-5	4.3946122760371e-4
chr8	34097310	34097710	chr8	34097274	34097592	319	*	6.71343552759421	6.20433681710358	7.08899073638556	-0.749453225036258	3.4096699703998e-5	5.5296712692251e-4
chr8	41713746	41714146	chr8	41713643	41714191	549	*	6.98502210607098	6.50793636074157	7.34293732809301	-0.709215781349838	5.83143697619531e-5	8.6627726186809e-4
chr8	34326261	34326661	chr8	34326329	34326550	222	*	5.75829744347396	6.16934896574109	5.18127400994279	0.798124973077729	1.4692933342314e-4	0.00186092500992993
chr8	35193701	35194101	chr8	35193798	35194237	440	*	7.10344008009394	5.94800033959296	7.73670450039654	-1.1737901641413	1.6462704270459e-4	0.00204378910519174
chr8	35825558	35825958	chr8	35825684	35825875	192	*	5.44576924270825	5.81805702874637	4.94268386971629	0.695059483490798	2.358146702826e-4	0.00276170357759498
chr8	36732690	36733090	chr8	36732792	36732987	196	*	4.78777447288695	5.24292030238614	4.11908672644903	0.814096211197121	2.4636721333481e-4	0.00285894099214723
chr8	35959186	35959586	chr8	35959067	35959682	616	*	10.2437395970571	9.93168863097769	10.5001514814949	-0.466857300824296	0.00102536648780833	0.00920270365125599
chr8	30916249	30916649	chr8	30915959	30916745	787	*	6.90858266172447	7.17043045390297	6.58843265934841	0.470914280952339	0.00105946784757212	0.00943952879904948
chr8	35180064	35180464	chr8	35180106	35180391	286	*	7.28043028481257	6.87743641633783	7.59508364451135	-0.561440760989727	0.00120712328098882	0.0105070691642379
chr8	36084136	36084536	chr8	36084282	36084394	113	*	4.70256263558634	5.1286020058099	4.09534145008206	0.707082802601318	0.00190706311118231	0.0152071946597601
chr8	35661455	35661855	chr8	35661584	35661726	143	*	4.91496881569222	4.3269743684825	5.33151990209813	-0.693864548803849	0.00191805406589142	0.0152723645846892
chr8	36175799	36176199	chr8	36175772	36176145	374	*	6.95975209406316	5.94475008944818	7.54968079549684	-0.855998251095302	0.0020790039353466	0.0162386196395558
chr8	36155462	36155862	chr8	36155427	36156042	616	*	8.59456560958051	8.80753305168175	8.34462358127069	0.377161166779125	0.00238715291066904	0.0181040129396903
chr8	36611762	36612162	chr8	36611641	36612377	737	*	9.97612678461469	10.2011984027024	9.70933312481531	0.395421905409017	0.00267398491009524	0.0197454291599461
chr8	36476142	36476542	chr8	36476202	36476423	222	*	6.59374435684745	6.89362379078881	6.21472194336286	0.499481461848902	0.00309766542507285	0.0222124277068598
chr8	36492185	36492585	chr8	36492301	36492459	159	*	6.39251559930362	6.68263861001319	6.02897636914011	0.485198120261132	0.00334389669421156	0.0236223358345994
chr8	40272317	40272717	chr8	40272330	40272638	309	*	7.82418106556318	7.52259165307873	8.07349528898598	-0.427935667772661	0.00359277233188654	0.0250100413790778
chr8	34224970	34225370	chr8	34225098	34225229	132	*	4.68253915682364	5.11379383240352	4.06458495329051	0.66375674300048	0.00369158266928043	0.0255744325438434
chr8	34861432	34861832	chr8	34861443	34861764	322	*	7.14484712917656	7.42288463623102	6.80011772074347	0.46480617215807	0.00371041984290979	0.0256639632155969
chr8	40331142	40331542	chr8	40331250	40331459	210	*	6.39044120543294	6.69893865238737	5.99751395317884	0.494378637804828	0.0042895171877583	0.0287481016754833
chr8	35898472	35898872	chr8	35898622	35898746	125	*	4.07964698925052	4.54582956382196	3.38661083716977	0.653194563759662	0.00461098903235284	0.0303924668921356
chr8	31187064	31187464	chr8	31186957	31187662	706	*	7.6822814447078	7.42070762555041	7.90362968377756	-0.375880936152946	0.00462258552744473	0.0304521322994043
chr8	33662670	33663070	chr8	33662664	33663024	361	*	9.69600362370873	9.4124428577873	9.93288096248712	-0.401787437526188	0.0049419876604462	0.0321689262846342
chr8	34327175	34327575	chr8	34327261	34327596	336	*	5.5308880175923	5.88510841768794	5.06036990622444	0.534723306666036	0.0066427059856289	0.0402938780127706
chr8	34918540	34918940	chr8	34918455	34918835	381	*	5.40946726762188	5.7522921233255	4.95891480567866	0.509496029281945	0.00684544477468611	0.0411812317243943
chr8	34855385	34855785	chr8	34855469	34855724	256	*	8.34598350722622	8.59276874349878	8.04809108218972	0.40105399089702	0.00698914534809522	0.0417971386550995
chr8	32546851	32547251	chr8	32546937	32547092	156	*	4.73680336981441	5.14888594351665	4.15773262517291	0.573360162447977	0.00733550631742089	0.0433457062292588
chr8	40586962	40587362	chr8	40586938	40587273	336	*	6.42633821096962	6.85968880957407	5.80403702083731	0.593387578942802	0.00832637528057543	0.0477719720968113
chr8	40605320	40605720	chr8	40605492	40605540	49	*	3.90874599177321	4.2969418288088	3.37601354453786	0.56486486281018	0.00862641483949694	0.0490336096660879
chr8	40227264	40227664	chr8	40227061	40227553	493	*	6.9181871441767004	7.1797946276866504	6.59839679003094	0.408141997704749	0.00931067128126303	0.0519920055516194
chr8	41016490	41016890	chr8	41016386	41016831	446	*	7.30913604581344	7.55398618508329	7.01406168959853	0.382341874929006	0.00932426833279669	0.052052607898157
chr8	41051039	41051439	chr8	41051141	41051422	282	*	8.67426386823506	8.41083368198347	8.89693892340956	-0.362628546223639	0.00959373940043955	0.0531657146350436
chr8	36549092	36549492	chr8	36549170	36549438	269	*	5.23227819448111	5.55061512287741	4.82320617903683	0.460493466649983	0.0101461745308006	0.0554359160304836
chr8	36435767	36436167	chr8	36435896	36436095	200	*	5.42543401356155	4.32580035848251	6.04213519315435	-0.598652679241832	0.0115354089530394	0.0610494012882834
chr8	36426546	36426946	chr8	36426654	36426824	171	*	4.227658637569	3.70166277915789	4.61228368137761	-0.508289150878821	0.0116414718168457	0.0614822068121697
chr8	34215469	34215869	chr8	34215373	34216285	913	*	6.8523980944944904	7.0502376042171	6.6230505425652	0.314878965425032	0.0129114666744331	0.0664636538690829
chr8	35233530	35233930	chr8	35233680	35233778	99	*	4.10903495888557	4.48804802565964	3.59353007115217	0.522711221269527	0.0130854384222287	0.0670695431306941
chr8	31917862	31918262	chr8	31917997	31918133	137	*	4.61330236980535	4.93467158047459	4.19919586336885	0.460342516406013	0.0145067373696706	0.0723059021935108
chr8	36993331	36993731	chr8	36993138	36993807	670	*	6.97881016226885	7.19668831723588	6.72207209237877	0.338087054060907	0.0151063232831993	0.0744772759425005
chr8	34807802	34808202	chr8	34807875	34808449	575	*	7.82916931755214	8.08399180874101	7.51947211161017	0.378285885324412	0.0154866576699318	0.0758296623221322
chr8	33929532	33929932	chr8	33929615	33929810	196	*	5.17846000323715	5.45489736175901	4.83619107913088	0.386664261781739	0.0167436433010262	0.080289233371853
chr8	30840141	30840541	chr8	30840227	30840396	170	*	5.53392517021072	5.78486795301793	5.22994658900506	0.384065109071436	0.018009123575479	0.0846937868322146
chr8	34709979	34710379	chr8	34709834	34710749	916	*	8.57575144260169	8.35754918992003	8.76524588814927	-0.295504431927735	0.0203413154506068	0.0926132291889657
chr8	36150520	36150920	chr8	36150647	36150782	136	*	5.47489852727192	5.15849559699508	5.73423769934319	-0.371222396137555	0.0212445562559523	0.0956294947735896
chr8	40302051	40302451	chr8	40301887	40302379	493	*	9.06160149354699	8.86190921835872	9.23698394785175	-0.275414926392656	0.0238799476178747	0.103904341934944
chr8	36596105	36596505	chr8	36596252	36596396	145	*	5.33087027581891	5.83232115321692	4.55580821954491	0.490787218241242	0.0240451551879916	0.104401633577072
chr8	32293068	32293468	chr8	32293179	32293416	238	*	6.59672980914891	6.83643022355536	6.3091099802998	0.345013942236259	0.0245645005386501	0.105983302881326
chr8	40615403	40615803	chr8	40615454	40615705	252	*	8.15159292537004	7.9152193621157	8.3546356556707	-0.301057634006577	0.0269911116463671	0.113446408651705
chr8	35588128	35589301	chr8	35588247	35588435	189	*	6.10805540778591	6.31647304639139	5.86436103300645	0.294522737813245	0.0333336573611214	0.131459752007009
chr8	40880857	40881257	chr8	40880820	40881208	389	*	8.20928467084766	8.01750707397914	8.37853460398436	-0.25952467211955	0.0334397321280763	0.131775333348672
chr8	35948896	35949296	chr8	35948846	35949182	337	*	6.46936050605634	6.26054855595562	6.65173567418234	-0.279517505165693	0.033657157823572	0.132418914870254
chr8	40150899	40151299	chr8	40151008	40151174	167	*	5.63881494369992	5.90783931877802	5.30785500408832	0.349392564790337	0.0341698981795251	0.133915357748107
chr8	36135359	36135759	chr8	36135474	36135643	170	*	4.22682887654779	3.8190744318542	4.54436942516408	-0.384523713534418	0.0355313713708905	0.137510739194204
chr8	35924015	35924415	chr8	35924057	35924682	626	*	10.6486120453477	10.4692051374232	10.8081560487092	-0.243512376304819	0.0363619351428603	0.139724175839172
chr8	36094575	36094975	chr8	36094476	36095151	676	*	9.15412670618261	9.3120467534574	8.97677122238591	0.239869074247879	0.0370587238949457	0.14161573298816
chr8	40862359	40862759	chr8	40862383	40862850	468	*	6.16579875346279	6.38518336963846	5.90696476760415	0.298710406226481	0.0371037424924529	0.141723518675483
chr8	33625996	33626396	chr8	33626080	33626274	195	*	4.79041234713294	4.45996222296136	5.05910026713394	-0.353977445159586	0.0372808966350573	0.142135409021321
chr8	36532544	36532944	chr8	36532634	36533192	559	*	6.29450919793133	6.50112589010969	6.05327495674081	0.285654796842485	0.0375185436013359	0.142720782197609
chr8	35595876	35596276	chr8	35595984	35596160	177	*	6.01573153201796	5.72930169061806	6.25460570560046	-0.317936230401244	0.0392572736552549	0.147403727945042
chr8	36102482	36102882	chr8	36102612	36102747	136	*	6.1182692145428	5.89849955298395	6.30894408885896	-0.275104035304502	0.0491025242243854	0.171604036053548
chr8	36193553	36193953	chr8	36193627	36193812	186	*	5.80308450700205	6.04154466516396	5.51725032337059	0.293295385911669	0.0526518309052033	0.180012789700503
chr8	35588128	35589301	chr8	35588688	35588758	71	*	5.36488250194243	5.58715312868179	5.10201859127249	0.284796695073155	0.0536123132657169	0.182300782544181
chr8	34390605	34391005	chr8	34390687	34390913	227	*	7.06993368948862	7.63757514473778	6.12068297909017	0.355878375701018	0.0560187482908805	0.188122327005763
chr8	40187542	40187942	chr8	40187656	40187785	130	*	5.03152023826891	5.27150092275223	4.7434963744639	0.300441799346948	0.0566092211126087	0.189411447866683
chr8	34591123	34591523	chr8	34591271	34591362	92	*	2.56659450041496	1.66968396051812	3.11548922684308	-0.365229177553264	0.0572423248957819	0.190708899589057
chr8	33687456	33687856	chr8	33687565	33687712	148	*	4.90698294731228	4.25818324749846	5.35291010805883	-0.365352265851581	0.059142299859664	0.19504618983596
chr8	32009509	32009909	chr8	32009643	32009829	187	*	5.6186970881923	5.83132812429789	5.36921860601036	0.270732959236714	0.0652380881217932	0.208235980875461
chr8	38861408	38861808	chr8	38861535	38861666	132	*	3.73707001078788	4.09221476286178	3.26491321937782	0.332959716533491	0.0670761045464463	0.212077338925638
chr8	41031937	41032337	chr8	41032046	41032230	185	*	5.29011081171154	5.0538184213496	5.49309367952401	-0.25741957145415	0.0671541356925052	0.212262130591101
chr8	34613904	34614635	chr8	34614049	34614189	141	*	4.66558527928992	4.3844148820333	4.9007938022786	-0.290173010904532	0.0748709999445286	0.228274857605257
chr8	37063770	37064170	chr8	37063888	37064196	309	*	5.31071506859016	5.54277487937712	5.03403655394278	0.268578237309118	0.0770722575849358	0.232399200871969
chr8	31089532	31089932	chr8	31089527	31090176	650	*	9.52528966752105	9.67974323177197	9.35229571283243	0.210026454734547	0.0847707605226202	0.247487821050146
chr8	35359334	35359734	chr8	35359096	35359847	752	*	8.30258769556291	8.13019212806901	8.4565642002157	-0.212958568466322	0.0860162720288667	0.2499889095059
chr8	40573233	40573633	chr8	40573061	40573716	656	*	7.53344543611529	7.70270558397223	7.34165471996363	0.21970874806579	0.088687496379603	0.255142603630312
chr8	32304873	32305273	chr8	32304864	32305251	388	*	6.4426314966366	6.66628168001673	6.17783437972635	0.255625543797375	0.0889418001507425	0.255530208084669
chr8	41053231	41053631	chr8	41053177	41053588	412	*	9.36084519509723	9.21630433787905	9.49221441254151	-0.187633616782512	0.094340820049242	0.265024833513138
chr8	39031576	39031976	chr8	39031713	39031826	114	*	4.53658271329289	4.80644690181038	4.20434893561092	0.267399000529919	0.0973238020044115	0.270470257623601
chr8	35375426	35375826	chr8	35375509	35375858	350	*	6.03590344012189	6.2318714436889	5.80906851204056	0.224543323997645	0.101948358896239	0.278387320279382
chr8	35218288	35218688	chr8	35218398	35218583	186	*	5.69064471127549	5.32339640748074	5.98312050125524	-0.279057569515754	0.102144668014729	0.27864181020479
chr8	41357928	41358328	chr8	41358061	41358225	165	*	5.25312022783569	5.7853636750327	4.40061890340036	0.273667732027067	0.104751628527877	0.28314620214091
chr8	35979905	35980305	chr8	35980072	35980116	45	*	4.13564287681547	4.41931447022048	3.78219470372258	0.270509931391686	0.104806372745155	0.283205273614093
chr8	36457899	36458299	chr8	36457424	36458534	1111	*	9.59874893767801	9.737985952887	9.44462429990889	0.187828176720957	0.10976854092607	0.29168827060936
chr8	36987297	36987697	chr8	36987452	36987562	111	*	4.07248865995812	4.35782068618853	3.71645434341962	0.262686108082016	0.112083621673254	0.295423006545512
chr8	40511227	40511957	chr8	40511639	40512411	773	*	8.9921274381936	9.11717753743438	8.85520064244158	0.17380208979746	0.114848241556032	0.299944118347962
chr8	35616327	35616727	chr8	35616177	35616706	530	*	7.22709815594186	7.38777401694661	7.04625836008448	0.202109288264385	0.11577981413138	0.301505213293903
chr8	40417226	40417626	chr8	40417315	40417522	208	*	5.25669932461265	5.02525025362469	5.45609977349483	-0.236512683730293	0.116642169308118	0.302991673516731
chr8	36994062	36994462	chr8	36994236	36994284	49	*	3.63868368070927	3.96017626902166	3.22437173370173	0.269540650587331	0.118061118584042	0.305149028118847
chr8	31148804	31149204	chr8	31148921	31149061	141	*	5.73886104886862	5.95285108989554	5.48750836429639	0.224780035268356	0.121859218228987	0.311341397257369
chr8	34843421	34843821	chr8	34843421	34843715	295	*	5.93751561757884	6.14900566213514	5.68960743728796	0.22314533415579	0.123580884804701	0.314030957793414
chr8	40572504	40572904	chr8	40572609	40572795	187	*	5.26658918895503	5.47750894877832	5.01946476413451	0.221052176433377	0.125294442450153	0.316747356578583
chr8	34890558	34890958	chr8	34890487	34891230	744	*	8.79641212970643	8.92788855072372	8.65174146428382	0.175363481515284	0.12579308157771	0.317524770020118
chr8	35607049	35607449	chr8	35607151	35607355	205	*	6.09971533368556	6.29706990709485	5.8710195748122596	0.216351028587951	0.126527270615789	0.318568893951196
chr8	36857908	36858308	chr8	36857958	36858207	250	*	5.79658482577476	6.24597275711755	5.1403659502806	0.260655557258264	0.127740143275679	0.320526617611772
chr8	41083526	41083926	chr8	41083595	41083920	326	*	6.60637006091899	6.76137640054572	6.43268218870159	0.190239258609168	0.132429154083616	0.327761400310169
chr8	34233697	34234097	chr8	34233689	34234031	343	*	8.40658257565712	8.26039429026463	8.53931103495572	-0.177652927713758	0.135100178089622	0.332032463343396
chr8	40926306	40926706	chr8	40926093	40926809	717	*	6.92640962760561	6.76444751685897	7.07201061175318	-0.18629891622595	0.147801071300301	0.350970773147818
chr8	35452846	35453246	chr8	35452961	35453131	171	*	7.33619336896701	7.16468886718294	7.48945881878523	-0.188978189424561	0.147838237000863	0.350992107354906
chr8	35991007	35991407	chr8	35991075	35991364	290	*	7.13896447719242	6.97368794763772	7.28723797896067	-0.184976869764651	0.148594848102141	0.352114466083115
chr8	35605274	35605674	chr8	35605380	35605855	476	*	6.85962068102271	6.7264326824455	6.98154540478901	-0.164834902693945	0.153749005359088	0.359463622178873
chr8	35495340	35495740	chr8	35494949	35495837	889	*	8.5434520171223909	8.65250398405676	8.42547790303964	0.151108678220557	0.155020964018003	0.361296610653402
chr8	34622670	34623070	chr8	34622741	34623009	269	*	4.90619759213101	5.22432063674156	4.49747962643547	0.238831573697773	0.156485783077214	0.363244073349
chr8	36095434	36095834	chr8	36095567	36095666	100	*	6.18592610034092	6.33170610476545	6.02374240057295	0.170515856686389	0.163146012191683	0.37214385981767
chr8	36831860	36832260	chr8	36832023	36832123	101	*	4.11310347298133	4.31313207110995	3.88080720670683	0.21192266425029	0.165651897774524	0.375901030428172
chr8	41008606	41009006	chr8	41008720	41008860	141	*	3.59622417675423	3.28419045796158	3.85262443062846	-0.220967691274792	0.172947560317114	0.38631723675215
chr8	31211374	31211774	chr8	31211456	31211853	398	*	6.79265392401571	6.91444593281359	6.6596242953511	0.155775548185525	0.173129403564124	0.386523098335056
chr8	36951977	36952377	chr8	36952047	36952249	203	*	3.94391770251758	3.62819122679536	4.20280283560702	-0.21538097540606	0.176236014449084	0.390979627744234
chr8	41041719	41042119	chr8	41041285	41042159	875	*	8.72989679320439	8.83761617923976	8.61348079640488	0.143535049539956	0.181713931464967	0.398114560656659
chr8	36361279	36361679	chr8	36361378	36361548	171	*	7.24334660853189	7.37615953386524	7.09705583524931	0.159732431858536	0.182518458416012	0.399266035183218
chr8	41114838	41115238	chr8	41114959	41115285	327	*	6.4735657385492	6.34168789394882	6.5943917390158	-0.157685516260848	0.187334859247156	0.405696118738432
chr8	36346929	36347329	chr8	36346853	36347251	399	*	7.35271451167806	7.46809889238045	7.22729333801349	0.144361479850594	0.196715973560308	0.418029020199052
chr8	40896549	40896949	chr8	40896640	40896826	187	*	6.06582159058948	5.89976230863437	6.21472463314687	-0.169492980896107	0.19837774251509	0.420347609586912
chr8	36386462	36386862	chr8	36386526	36386808	283	*	5.88720033939841	6.01363716435833	5.74860893272965	0.151783622087665	0.201184899325975	0.423777672838405
chr8	33641667	33642067	chr8	33641527	33642225	699	*	8.72471939742548	8.82105978154011	8.62148229351471	0.130427465661122	0.203589594212621	0.426683835314088
chr8	36472810	36473210	chr8	36472891	36473436	546	*	7.12749114329138	7.27714288120756	6.96049995728264	0.164768104953454	0.203695176486061	0.426843529434162
chr8	35662106	35662506	chr8	35662221	35662415	195	*	5.27634240460671	5.45659225202574	5.07031301613584	0.174001753497899	0.210807991393584	0.435270910787515
chr8	36249343	36249743	chr8	36249442	36249779	338	*	8.86531174436134	8.74264912973319	8.97835750426151	-0.14098254451047	0.21732732126564	0.443163211066483
chr8	35773404	35773804	chr8	35773549	35773679	131	*	5.11725949022971	5.2898176459914	4.92122185099665	0.171371949567778	0.218944468679378	0.44500994108208
chr8	41175120	41175520	chr8	41175229	41175421	193	*	6.14824173562394	5.71960028307147	6.47827105125596	-0.1953602167663	0.227619406212299	0.455047117545184
chr8	36084627	36085027	chr8	36084672	36085023	352	*	5.77413935544097	5.9098359927822	5.62434160990165	0.155168905432406	0.232201564965698	0.460409908726351
chr8	35588128	35589301	chr8	35587542	35588152	611	*	9.02330914948879	9.11629673125632	8.92391268919889	0.123371390465756	0.23270842066671	0.461005249694502
chr8	35860235	35860635	chr8	35860166	35860742	577	*	6.30325607918104	6.44558178693333	6.14533723219695	0.14890178630793	0.234266161630905	0.462846340224752
chr8	36613757	36614157	chr8	36613721	36614182	462	*	9.14235243872675	9.23942796478732	9.03827066339945	0.126264265638766	0.243194914871987	0.473241546097236
chr8	35905074	35905474	chr8	35905137	35905540	404	*	7.54023214219375	7.41705076208244	7.65371832653226	-0.137939926888754	0.2503818356863	0.481422012473752
chr8	31128346	31128746	chr8	31128459	31128653	195	*	5.35928725392394	5.49513190127341	5.20930908912798	0.14433958639873	0.257060527836723	0.488385719223078
chr8	35933531	35933931	chr8	35933381	35934089	709	*	11.4545462423368	11.355375215386	11.5473365053309	-0.119352963788154	0.266791389870341	0.498679303831263
chr8	34154327	34154727	chr8	34154385	34154948	564	*	9.29999091065417	9.39047433142928	9.20345052006569	0.116527978436723	0.270245196502372	0.502350282455319
chr8	31033271	31033671	chr8	31033359	31033517	159	*	6.44587844807736	6.57015892014378	6.30987398719797	0.135798221538286	0.271534637898603	0.503821337282709
chr8	36050840	36051240	chr8	36050895	36051214	320	*	5.85276326670134	5.9909774122648	5.69989115986882	0.13946037069694	0.272989960353295	0.505488827369485
chr8	36195649	36196049	chr8	36195618	36195970	353	*	5.94272600755321	6.07918920605022	5.79199340483444	0.140730338291411	0.274238727651743	0.506805887947654
chr8	34108334	34108734	chr8	34107848	34108705	858	*	9.40803066694826	9.49687786521898	9.31335071705913	0.113848579679062	0.283510640283718	0.516443004124197
chr8	41239316	41239716	chr8	41239322	41240225	904	*	10.6817490096149	10.763801897412	10.5947464610698	0.108557883986329	0.288218536735741	0.521505970380462
chr8	33660411	33660811	chr8	33660526	33660700	175	*	6.5548396778332	6.67232601708195	6.42693076614226	0.123778064057301	0.290047912902617	0.523333323459915
chr8	35875441	35875841	chr8	35875563	35875666	104	*	4.33729319764442	4.55024730792521	4.08736954462956	0.155534564851181	0.290455826804206	0.523625258568256
chr8	41004546	41004946	chr8	41004591	41004886	296	*	5.83792256871816	5.97357178682815	5.68818261695154	0.138615103554387	0.290800301205616	0.5240033214114
chr8	41573022	41573422	chr8	41573178	41573291	114	*	4.84347026983003	4.98811656382457	4.68268882425736	0.13406095882457	0.315984910050127	0.549966991347885
chr8	40307722	40308122	chr8	40307568	40308741	1174	*	9.61715134939081	9.69277752854092	9.53734046683584	0.10014905327884	0.316639167615857	0.550691178468895
chr8	41024157	41024557	chr8	41024299	41024413	115	*	4.56576496159402	4.38183295299267	4.72887656244484	-0.141148953276029	0.322398459096431	0.556472877846199
chr8	40961744	40962144	chr8	40961831	40962133	303	*	7.03992989592743	6.93108747699684	7.14113374257136	-0.114775663388958	0.325320129227292	0.559108735789541
chr8	35645362	35645762	chr8	35645503	35645665	163	*	4.65559973321954	4.82058835845857	4.46927670666532	0.134277121873514	0.330872556204775	0.564343015940455
chr8	41075917	41076317	chr8	41076068	41076162	95	*	4.10603408322234	3.81100802464544	4.35085100210473	-0.148602882400461	0.335965078145057	0.569348965992516
chr8	33805242	33805642	chr8	33805384	33805468	85	*	4.25067865826421	4.44176213206665	4.03036574987737	0.138870249104274	0.338085415484917	0.570971642651233
chr8	33833287	33833687	chr8	33833384	33833560	177	*	4.71727222319551	4.53470437665566	4.87931042222687	-0.134780056479609	0.33926625666305	0.57216226399414
chr8	35699488	35699888	chr8	35699637	35699742	106	*	5.45329161187373	5.5860909361677	5.30701734247473	0.12593436955889	0.340636632295013	0.573378419509073
chr8	34179904	34180304	chr8	34180036	34180141	106	*	5.04942618183004	5.21529933602084	4.86197395626381	0.132735539400094	0.341659707695166	0.574323215988688
chr8	34100920	34101320	chr8	34101062	34101346	285	*	6.94192480825464	6.84137201759212	7.03592360226928	-0.109438856348323	0.348163346468971	0.581007444529826
chr8	35698106	35698506	chr8	35698109	35698484	376	*	8.1904410522108	8.27330955469407	8.10252093903946	0.0994267448328219	0.354910606117848	0.587048057458643
chr8	36103319	36103719	chr8	36103471	36103574	104	*	4.99592310316264	4.83362403108258	5.14179629642423	-0.118354601901466	0.359360306919146	0.591028271851925
chr8	33078102	33078502	chr8	33078243	33078382	140	*	4.97540083348124	5.12031930594324	4.81428296289461	0.123637387638567	0.363216079381439	0.594437636516357
chr8	34679913	34680313	chr8	34679933	34680444	512	*	10.2820300732968	10.3510064894864	10.2095895228924	0.0895215565973333	0.372304630969348	0.602629894028602
chr8	31194956	31195356	chr8	31194989	31195292	304	*	6.13931669585915	6.03463230359693	6.23691620514187	-0.10784896000337	0.373767201132384	0.603927810387184
chr8	37062302	37062702	chr8	37062332	37062578	247	*	6.03013847024621	6.13573968859186	5.91619272495106	0.107782965380143	0.375689813533002	0.605641261203432
chr8	40964330	40964730	chr8	40964358	40964648	291	*	6.2583079117588	6.14752780017125	6.36118481719703	-0.111467291880985	0.383307492101476	0.61201738810419
chr8	33731689	33732089	chr8	33731753	33732181	429	*	9.64841546467836	9.58244584341539	9.71149996208612	-0.0842847113303081	0.389402508699832	0.617460773853515
chr8	33804801	33805201	chr8	33804842	33805173	332	*	6.82852544075056	6.75491169356805	6.89856468634059	-0.0920224250940889	0.401663820734098	0.628470052257576
chr8	36599912	36600312	chr8	36600058	36600195	138	*	4.6792632949614	4.56873980463164	4.78191886677414	-0.108685660858188	0.412857844061196	0.63743685165032
chr8	36519698	36520098	chr8	36519542	36520079	538	*	9.59457872062185	9.66312365772722	9.52261393680944	0.0841693087787966	0.420205302263358	0.643220520994148
chr8	34392950	34393350	chr8	34392673	34393312	640	*	9.12099522181013	9.20609198040309	9.03056269505746	0.0930005535567217	0.420282191717041	0.643265329113433
chr8	31135654	31136054	chr8	31135743	31135914	172	*	7.14732114295361	7.22396055544171	7.06638092439084	0.09038844595795	0.424350973516882	0.646396341880842
chr8	35005235	35005635	chr8	35005333	35005700	368	*	7.20315383251479	7.12059879694948	7.28123943846657	-0.0899296895172596	0.43484783367716	0.654826632587365
chr8	31168594	31168994	chr8	31168489	31169124	636	*	9.45803763302473	9.51260618494014	9.40132366397792	0.0732037104525425	0.439211132774689	0.658485859476443
chr8	34893007	34893407	chr8	34893090	34893328	239	*	7.0669117343868	6.98158747347401	7.14747026927971	-0.0894964850419177	0.445871709806359	0.663811435616964
chr8	34816136	34816536	chr8	34816081	34816527	447	*	7.15597381009327	7.23120640401549	7.07660116026463	0.0834559435070221	0.448153085777067	0.665484087014347
chr8	35588128	35589301	chr8	35589012	35589375	364	*	7.28501207442704	7.34649443791147	7.22079247482008	0.0780623550011501	0.450325891428024	0.667344539317436
chr8	36604207	36604607	chr8	36604354	36604478	125	*	4.88741231628559	4.99357796745809	4.7728090851542	0.0970898862229808	0.45645413040646	0.672088288353547
chr8	34613904	34614635	chr8	34614322	34614473	152	*	4.58092543678022	4.48474939432018	4.67108873240926	-0.0944056224762246	0.476333277231817	0.687377559022103
chr8	31097020	31097420	chr8	31096936	31097429	494	*	7.03117739254103	7.10021950176823	6.95866438004167	0.0783042120978088	0.491498986843174	0.698861160488972
chr8	40511227	40511957	chr8	40511265	40511541	277	*	6.5654257122037	6.63555533224603	6.49171212189546	0.0783382742391869	0.492184192124779	0.69940723060607
chr8	39313872	39314272	chr8	39314010	39314219	210	*	5.03189227007588	5.16238916635311	4.88840687693276	0.0874184250362473	0.517613707588326	0.717929020071957
chr8	33517187	33517587	chr8	33517307	33517474	168	*	4.91712020627453	5.02491847912972	4.80061205813269	0.0858743152330221	0.522504725313436	0.721625709798098
chr8	35554217	35554617	chr8	35554311	35554544	234	*	5.93841928868499	6.02694777355251	5.84410120253547	0.0750410823150656	0.529014717446409	0.726078817896553
chr8	40423598	40423998	chr8	40423272	40424632	1361	*	8.80361021810314	8.85646117794839	8.74874927699392	0.0645679793922893	0.529124588603702	0.726123289363813
chr8	36471016	36471416	chr8	36471102	36471332	231	*	6.55118270716973	6.48277177733377	6.61649600203192	-0.0715333847348295	0.547314169832596	0.739361410408114
chr8	33600053	33600453	chr8	33599940	33600353	414	*	7.04917670559804	6.9763707347411	7.11848434231766	-0.071229228330845	0.547880855407975	0.739823949884867
chr8	34484915	34485315	chr8	34485018	34485342	325	*	6.54727492016446	6.61194596280207	6.47956829074125	0.0669153829460225	0.550024418084272	0.741504264813529
chr8	34137464	34137864	chr8	34137637	34137707	71	*	3.96302529390153	4.03975459090225	3.88198481026354	0.0816871120091905	0.551523503359928	0.742452947876925
chr8	31120867	31121267	chr8	31120863	31121665	803	*	11.2192025116411	11.1713638108248	11.2655056968982	-0.0587367615352101	0.554828643762848	0.744712322418036
chr8	33653746	33654146	chr8	33653771	33654104	334	*	6.71330379797433	6.65996535202148	6.76474035388204	-0.064267137569295	0.559344154604949	0.748021034371786
chr8	39190858	39191258	chr8	39190388	39191402	1015	*	9.43919375093809	9.4917949739051	9.38460185741924	0.0616641703356095	0.560203679377716	0.748443311713706
chr8	36142830	36143230	chr8	36142660	36143195	536	*	7.79454665966497	7.74539331145103	7.84208035923986	-0.0592447342710152	0.573909678622439	0.757511250885033
chr8	35159311	35159711	chr8	35159458	35159614	157	*	4.86237033221436	4.93949209315203	4.78089190497952	0.0701230333740018	0.580584387714512	0.761880808094186
chr8	41176256	41176656	chr8	41176338	41176565	228	*	5.48199113226854	5.4137879557938	5.54711503896756	-0.0685102502386918	0.581146676366981	0.762200882060067
chr8	36459134	36459534	chr8	36459233	36459405	173	*	6.56815963886683	6.62867870935654	6.50499029579478	0.0632311670108733	0.587168621961545	0.766403845143722
NA	NA	NA	chr8	32614103	32614334	232	*	1.25367749290572	0.856347359061178	1.56487589892549	-0.0689148780314548	0.588870055686708	0.767232281935874
chr8	31114832	31115232	chr8	31114983	31115146	164	*	7.79109150076902	7.7417521433329	7.83879913038476	-0.0571181998020606	0.589316405055063	0.767586992891861
chr8	36247990	36248390	chr8	36247984	36248550	567	*	7.57689247976301	7.52058264800361	7.6310867946961	-0.0588084957228873	0.589861974065321	0.767931985524241
chr8	41824952	41825352	chr8	41825068	41825187	120	*	3.72135220927968	3.89757924680415	3.5205638514805	0.0780061833668183	0.591595243444258	0.769158978940603
chr8	33797330	33797730	chr8	33797426	33797689	264	*	5.6000269447771	5.66171649576119	5.53558126169273	0.0632768627128298	0.591899101301426	0.769351750990899
chr8	34806963	34807363	chr8	34806921	34807685	765	*	9.30878146634857	9.26363725722546	9.35255579900306	-0.0541069952601269	0.594999483527701	0.771593622135191
chr8	41015012	41015412	chr8	41015121	41015315	195	*	5.89311992010298	5.960909124728	5.8219877176103	0.0610219939235713	0.601529345769425	0.77593133176018
chr8	35152541	35152941	chr8	35152640	35152964	325	*	6.2509296238464	6.30834801364669	6.19113095605295	0.0564475561853135	0.607156072552892	0.779693473055419
chr8	41374548	41374948	chr8	41374442	41375090	649	*	10.4213559814904	10.4600111605018	10.3816365041709	0.04884915217323	0.617546840889384	0.786287545043064
chr8	36248890	36249290	chr8	36248960	36249314	355	*	7.52233338937175	7.56747724509156	7.47573116493987	0.0524386292144389	0.617717599097628	0.786345533163793
chr8	36340465	36340865	chr8	36340543	36340832	290	*	7.96248087641803	8.0080544620573	7.91542056543293	0.0501942093338358	0.622370688783619	0.789493914307835
chr8	35205641	35206041	chr8	35205774	35205891	118	*	4.59852950724668	4.66660789283396	4.52707882584936	0.0657767610201834	0.623768241105451	0.790221148569799
chr8	36406734	36407134	chr8	36406707	36407180	474	*	9.29723066583587	9.33740818571543	9.25590211327822	0.0485796180506715	0.6324008978446	0.796006943670938
chr8	35300995	35301395	chr8	35301139	35301263	125	*	4.74684408800184	4.82075633779671	4.66893971593451	0.0591090881145854	0.63690862714005	0.79860689044884
chr8	35468959	35469359	chr8	35469092	35469250	159	*	5.7050581216502	5.76782969872696	5.63943062502256	0.0561832975849001	0.656600679725682	0.811191818135563
chr8	31113173	31113573	chr8	31113311	31113455	145	*	6.63651474940649	6.69266889295982	6.57808608306424	0.0497131711136761	0.66732743683625	0.817923278120744
chr8	36504819	36505219	chr8	36504901	36505089	189	*	6.76749494214669	6.73403330205256	6.80019803857272	-0.0451269567904896	0.673702743985746	0.821814872658058
chr8	35725131	35725531	chr8	35725273	35725452	180	*	4.54868450139338	4.4809621774136	4.6133698624439	-0.0531934185931371	0.681987978038485	0.827001581475755
chr8	35707855	35708255	chr8	35707917	35708344	428	*	8.17515371220729	8.20947216452233	8.13999896762752	0.0404686512868588	0.685929102435122	0.829658933490792
chr8	36108274	36108674	chr8	36108434	36108532	99	*	4.67472209476715	4.75939051042717	4.58477317651194	0.0543383901493704	0.688180956336094	0.830951861873822
chr8	40296473	40296873	chr8	40296557	40296972	416	*	8.35348340912492	8.32200011115861	8.38429430830537	-0.0391139074819411	0.697855976779068	0.836932950794682
chr8	36309937	36310337	chr8	36310048	36310298	251	*	5.67351978924103	5.73292666860746	5.61156122189018	0.0456445434308004	0.700643608451818	0.838724880061942
chr8	40187093	40187493	chr8	40187212	40187449	238	*	4.9959860167962296	4.95582825565918	5.03505618222623	-0.0468122362751865	0.702931366778914	0.839717797666712
chr8	34965554	34965954	chr8	34965437	34965921	485	*	9.61150445381133	9.64598458572353	9.57618003393831	0.0397080591125435	0.707272615348815	0.842830237434864
chr8	40981525	40981925	chr8	40981600	40982014	415	*	7.84436534029345	7.88364166640666	7.80398974817695	0.0388338651947807	0.717768523160041	0.849453658498708
chr8	39357170	39357570	chr8	39357300	39357444	145	*	4.38036911689907	4.30610859251867	4.45099359090603	-0.0460114649015125	0.722603083375807	0.852661298463137
chr8	41043502	41043902	chr8	41043661	41043796	136	*	6.44698969617892	6.48997279908121	6.40268654142978	0.0405179024073412	0.726821907188395	0.854887068584282
chr8	35384897	35385297	chr8	35384825	35385400	576	*	6.87737983017638	6.84087326438486	6.91298537139626	-0.0392127697961191	0.729387034312518	0.856296584520352
chr8	36522911	36523311	chr8	36522837	36523213	377	*	8.33272729894836	8.36573397362518	8.29894776526831	0.0362788662600255	0.73093472817931	0.857182872573425
chr8	36480114	36480514	chr8	36480251	36480380	130	*	5.88074399435002	5.95640964100605	5.80088915323501	0.0466803825939595	0.732642640904334	0.858194243902731
chr8	35648712	35649112	chr8	35648809	35649028	220	*	5.94956973076541	5.98414569215439	5.91414472387178	0.0392796217352057	0.735565914894668	0.859697956673027
chr8	40963090	40963490	chr8	40963029	40963499	471	*	6.77750347632551	6.81025328388501	6.74399293133223	0.0372583551089325	0.736816930403846	0.860421209919966
chr8	35582153	35582553	chr8	35582220	35582396	177	*	4.47327165648288	4.45313310527971	4.49313295971189	-0.0435473921752692	0.742406496631289	0.863869250654602
chr8	35454729	35455129	chr8	35454779	35455432	654	*	8.53642410167043	8.50615701494816	8.56606922482949	-0.0334002530974178	0.753307417614089	0.870160792726796
chr8	33653281	33653681	chr8	33653200	33653559	360	*	8.50497981898568	8.53209915176226	8.47734092324935	0.0312511689077829	0.755019876421999	0.871117602382045
chr8	36122393	36122793	chr8	36122389	36122886	498	*	8.10043881673175	8.07338597208954	8.12699370041531	-0.0314641597130043	0.762363187682668	0.875462735135598
chr8	35597416	35597816	chr8	35597400	35597717	318	*	6.31715554362405	6.34523256345859	6.28852123913016	0.0327175934810993	0.764765940429327	0.87693221231697
chr8	34731575	34731975	chr8	34731640	34731889	250	*	6.72219253955098	6.76699428740124	6.67595479623679	0.0349854925942276	0.767229330267416	0.878272329572197
chr8	34401386	34401786	chr8	34401551	34401641	91	*	4.62383316158126	4.66928915781468	4.57689822740374	0.0379054447392679	0.770395786684538	0.880170573348129
chr8	30863001	30863401	chr8	30863088	30863305	218	*	5.95155091594321	5.99203989113646	5.90989273241413	0.0344257971344335	0.771368872953256	0.880698755650609
chr8	36483490	36483890	chr8	36483558	36483809	252	*	8.37772957967909	8.35221691249293	8.40279890866333	-0.0303240767781586	0.773231780687029	0.88196295872389
chr8	41026828	41027228	chr8	41026909	41027183	275	*	6.4481045774056	6.42204893787573	6.47369797772426	-0.0305947890766574	0.778626148476959	0.885402138534527
chr8	40990048	40990448	chr8	40990205	40990294	90	*	4.18442048594359	4.15415213434586	4.21406682252509	-0.0351171049239464	0.79775719744587	0.896233489433265
chr8	31673609	31674009	chr8	31673772	31673852	81	*	3.99410918773844	3.92325355480014	4.06164716652715	-0.0331477692390079	0.805009941638872	0.90050091190171
chr8	34093043	34093443	chr8	34093165	34093320	156	*	4.89572186782252	4.86757283381113	4.92333216879334	-0.0305495988496331	0.806763300036432	0.901518654930831
chr8	41416917	41417317	chr8	41416759	41417374	616	*	7.79336973594872	7.81490702677628	7.77150604660988	0.0245822355667578	0.807153517096337	0.901755470393784
chr8	33385385	33385785	chr8	33385292	33385877	586	*	9.90560052985432	9.92516876091261	9.88576322811504	0.0238928544681548	0.808356667241013	0.902156387609325
chr8	40996498	40996898	chr8	40996578	40996826	249	*	6.9708351308343	6.94905820828914	6.99228822123651	-0.0275726749568405	0.808721319221003	0.902271723797612
chr8	36190212	36190612	chr8	36190368	36190487	120	*	4.45226071903077	4.50051546854696	4.40233594230344	0.0320457074010172	0.810896946598548	0.903455243241525
chr8	31150056	31150456	chr8	31149956	31150379	424	*	8.56307441362753	8.53792217708106	8.58779564451497	-0.0259923616948588	0.811855394436164	0.903933507797324
chr8	36142023	36142423	chr8	36142129	36142384	256	*	6.27308419867864	6.30645704250768	6.23892104674783	0.0287789154329208	0.813483426924023	0.904723794869427
chr8	34386089	34386489	chr8	34385941	34386507	567	*	7.48003495896682	7.50160551467321	7.4581369880259	0.0238926379016496	0.814356711932833	0.905150994894168
chr8	41133559	41133959	chr8	41133372	41134173	802	*	7.02569377331917	7.0063888505434	7.04474378127439	-0.0231508325868062	0.818178937105715	0.90712676637090806
chr8	36096368	36096768	chr8	36096498	36096756	259	*	7.23767781285947	7.25989609353002	7.21511199953343	0.0236474781799565	0.831385241676206	0.914488224547269
chr8	40446386	40446786	chr8	40446492	40446687	196	*	6.48905519841756	6.52645226306433	6.45066288365032	0.0261900869533785	0.832172036385914	0.914951496017806
chr8	39315887	39316287	chr8	39316052	39316180	129	*	4.5613040245981	4.61957009433117	4.50058536530965	0.0266909955626307	0.842882639977191	0.920989376145143
chr8	34848852	34849252	chr8	34848986	34849134	149	*	4.75611893927417	4.73005147420394	4.78172374917098	-0.0243587684049089	0.852163377474346	0.925812280946595
chr8	31111550	31111950	chr8	31111418	31112160	743	*	10.6188750027888	10.6066198992714	10.6310268804667	-0.0151465791084488	0.877625000299862	0.939579034445495
chr8	34146437	34146837	chr8	34146330	34147280	951	*	7.78905339229443	7.77574347197029	7.80224164049697	-0.0160443568440939	0.878976213235464	0.940183701458143
chr8	33599439	33599839	chr8	33599402	33599716	315	*	7.53659478428468	7.55326823725354	7.5197263783057	0.0163157018416016	0.879649692598583	0.94062557899707
chr8	30134948	30135348	chr8	30135103	30135214	112	*	4.11430148361121	4.09285123034803	4.13543747735617	-0.0186285177913792	0.891084548202528	0.946255627797098
chr8	35850409	35850809	chr8	35850478	35850786	309	*	6.07916788813924	6.08850817133703	6.06976673989848	0.0141507489253341	0.897990765580617	0.949703316673019
chr8	40894055	40894455	chr8	40894136	40894526	391	*	5.43250097215753	5.44303232709979	5.42189217499427	0.0141737787283103	0.905879923559079	0.95369940163655
chr8	31460292	31460692	chr8	31460440	31460550	111	*	4.55059052864488	4.57648335089558	4.52422448797612	0.0137591379833398	0.914501261394606	0.958011875833998
chr8	36184114	36184514	chr8	36184170	36184480	311	*	9.20641816989065	9.21423373465718	9.19856003485626	0.00805908766885309	0.93864438641696	0.970117220403387
chr8	40381362	40381762	chr8	40381494	40381651	158	*	5.80696534806201	5.80629098755738	5.80763939349686	-0.0093010325326647	0.940582356394974	0.971383372180837
chr8	39493455	39493855	chr8	39493576	39493727	152	*	4.80963764065163	4.84295858492272	4.77552887358169	0.00941026115418943	0.947304130362157	0.974774117051534
chr8	35376377	35376777	chr8	35376388	35376777	390	*	5.98123909042891	5.97562405135939	5.98683236019387	-0.00641203033835045	0.952284818908969	0.977341216587274
chr8	33747585	33747985	chr8	33747462	33748044	583	*	7.55560398085278	7.56365756452646	7.54750518701178	0.00637174995406407	0.954569280272236	0.978372550231456
chr8	36494826	36495226	chr8	36494873	36495431	559	*	10.3530312115235	10.3499038575801	10.356151800911	-0.00459932176562664	0.963003597058005	0.982642920464158
NA	NA	NA	chr8	34511685	34511878	194	*	1.64715150664341	1.66781898443598	1.62618364637702	0.00567485474643132	0.966277084732056	0.984208835434148
chr8	39005712	39006112	chr8	39005688	39006478	791	*	9.91248184031181	9.90925996249467	9.91569653894678	-0.00387433191039479	0.969366924292568	0.985799829191696
chr8	40634649	40635049	chr8	40634230	40634987	758	*	9.77697961502929	9.77441380430905	9.7795408705951	-0.00368389280952021	0.97077627220428	0.986504332708821
chr8	41191440	41191840	chr8	41191591	41191733	143	*	6.68258283422137	6.6844028592866	6.68076051021165	0.00253299132573703	0.982192579418038	0.992184259142617
chr8	42870270	42870670	chr8	42870171	42870523	353	*	5.78296668466509	5.80332988403923	5.76231194504736	0.00181866423002357	0.987628979916536	0.994484692544071
chr8	31031648	31032048	chr8	31031723	31032293	571	*	8.84908369158213	8.84858891045899	8.84957830307522	0.00139983218656169	0.988585553323656	0.994939613321123
chr8	30227405	30227805	chr8	30227385	30227734	350	*	7.20027188621426	7.70347274189706	6.42096163901721	0.556437496578213	1	1
