Distance from Center (cmd=annotatePeaks.pl /expanse/lustre/projects/csd940/ctea/homer/homer_scripts/reference_peaks/H3K27me3.bed mm10 -size 500000 -hist 1000 -bedGraph /expanse/lustre/projects/csd940/ctea/homer/bwt2_bam/tags/ctrl_M2/tagdirs/tagdirs.DLR.bedGraph /expanse/lustre/projects/csd940/ctea/homer/bwt2_bam/tags/mut_M2/tagdirs/tagdirs.DLR.bedGraph)	/expanse/lustre/projects/csd940/ctea/homer/bwt2_bam/tags/ctrl_M2/tagdirs/tagdirs.DLR.bedGraph Coverage	/expanse/lustre/projects/csd940/ctea/homer/bwt2_bam/tags/ctrl_M2/tagdirs/tagdirs.DLR.bedGraph + Tags	/expanse/lustre/projects/csd940/ctea/homer/bwt2_bam/tags/ctrl_M2/tagdirs/tagdirs.DLR.bedGraph - Tags	/expanse/lustre/projects/csd940/ctea/homer/bwt2_bam/tags/mut_M2/tagdirs/tagdirs.DLR.bedGraph Coverage	/expanse/lustre/projects/csd940/ctea/homer/bwt2_bam/tags/mut_M2/tagdirs/tagdirs.DLR.bedGraph + Tags	/expanse/lustre/projects/csd940/ctea/homer/bwt2_bam/tags/mut_M2/tagdirs/tagdirs.DLR.bedGraph - Tags
-250000	-0.656896261623126	-0.00013502675691062	-0.000134863368967044	-0.813386741729395	-0.00016586349547726	-0.000165630590170157
-249000	-0.656289961414384	-0.000129800177114302	-0.000130406477323044	-0.812922955278639	-0.000160861028528053	-0.000161324814978809
-248000	-0.655994749826048	-0.000130043709279524	-0.00013033892086786	-0.812759567335062	-0.000161788032133595	-0.000161951420077171
-247000	-0.655812764880764	-0.0001306510848251	-0.000130833069770384	-0.812548611550383	-0.000161885065469037	-0.000162096021253717
-246000	-0.655426845467772	-0.000129905117338225	-0.000130291036751218	-0.812320956417231	-0.000161923334809286	-0.000162150989942438
-245000	-0.654958567904358	-0.000134558479347207	-0.00013502675691062	-0.812125498133974	-0.000165668037194003	-0.00016586349547726
-244000	-0.654497564678348	-0.000129339173888291	-0.000129800177114302	-0.812014485419698	-0.000160750015813777	-0.000160861028528053
-243000	-0.654474919349737	-0.000130021063950914	-0.000130043709279524	-0.811982415080018	-0.000161755961793915	-0.000161788032133595
-242000	-0.654542033019166	-0.000130718198494528	-0.0001306510848251	-0.811907141501676	-0.000161809791890695	-0.000161885065469037
-241000	-0.654205009804542	-0.0001295680941236	-0.000129905117338225	-0.811639762160794	-0.000161655955468404	-0.000161923334809286
-240000	-0.653814156493137	-0.000134167626035802	-0.000134558479347207	-0.81153779492694	-0.00016556606996015	-0.000165668037194003
-239000	-0.653531785691695	-0.000129056803086849	-0.000129339173888291	-0.811059839332026	-0.000160272060218863	-0.000160750015813777
-238000	-0.653259282687077	-0.000129748560946296	-0.000130021063950914	-0.811082737681068	-0.000161778860142957	-0.000161755961793915
-237000	-0.652997975836549	-0.000130456891644	-0.000130718198494528	-0.810911063318363	-0.00016163811752799	-0.000161809791890695
-236000	-0.652926560819786	-0.000129496679106838	-0.0001295680941236	-0.811016003542286	-0.000161760895692327	-0.000161655955468404
-235000	-0.652541400468088	-0.000133782465684104	-0.000134167626035802	-0.81061812891391	-0.000165168195331773	-0.00016556606996015
-234000	-0.652442153203871	-0.000128957555822632	-0.000129056803086849	-0.810370611676893	-0.000160024542981846	-0.000160272060218863
-233000	-0.652231640204947	-0.000129538047947372	-0.000129748560946296	-0.810189322537795	-0.000161597571003858	-0.000161778860142957
-232000	-0.652270289075843	-0.000130495540514896	-0.000130456891644	-0.81033215257132	-0.000161780947561515	-0.00016163811752799
-231000	-0.651974065405782	-0.000129200455436777	-0.000129496679106838	-0.810087355303941	-0.000161516098424948	-0.000161760895692327
-230000	-0.651327281928016	-0.000133135682206338	-0.000133782465684104	-0.809635081282814	-0.000164715921310646	-0.000165168195331773
-229000	-0.651015434246315	-0.000128645708140933	-0.000128957555822632	-0.809039154911759	-0.000159428616610792	-0.000160024542981846
-228000	-0.65099645771396	-0.000129519071415017	-0.000129538047947372	-0.809196723385413	-0.000161755139477513	-0.000161597571003858
-227000	-0.651033588462268	-0.000130532671263205	-0.000130495540514896	-0.809458473021696	-0.000162042697197799	-0.000161780947561515
-226000	-0.650732494148903	-0.000128899361123411	-0.000129200455436777	-0.809087165538617	-0.000161144790941868	-0.000161516098424948
-225000	-0.650390853311405	-0.000132794041368841	-0.000133135682206338	-0.808524637864508	-0.000164153393636536	-0.000164715921310646
-224000	-0.64962312606743	-0.000127877980896958	-0.000128645708140933	-0.807992915427921	-0.000158896894174204	-0.000159428616610792
-223000	-0.649199000569296	-0.000129094945916883	-0.000129519071415017	-0.808030615472199	-0.000161792839521791	-0.000161755139477513
-222000	-0.649050287810741	-0.000130383958504649	-0.000130532671263205	-0.80806414067936	-0.000162076222404959	-0.000162042697197799
-221000	-0.648709153014106	-0.000128558226326776	-0.000128899361123411	-0.807558036561452	-0.000160638686823961	-0.000161144790941868
-220000	-0.648409893098868	-0.000132494781453603	-0.000132794041368841	-0.807473844012904	-0.000164069201087988	-0.000164153393636536
-219000	-0.647975710038586	-0.000127443797836675	-0.000127877980896958	-0.807079385160352	-0.000158502435321652	-0.000158896894174204
-218000	-0.647764311468151	-0.000128883547346448	-0.000129094945916883	-0.806864444303877	-0.000161577898665317	-0.000161792839521791
-217000	-0.647174141311911	-0.000129793788348409	-0.000130383958504649	-0.806562148143463	-0.000161773926244544	-0.000162076222404959
-216000	-0.647113416408375	-0.00012849750142324	-0.000128558226326776	-0.806790878613448	-0.000160867417293947	-0.000160638686823961
-215000	-0.646854766272376	-0.000132236131317603	-0.000132494781453603	-0.806685875134417	-0.000163964197608957	-0.000164069201087988
-214000	-0.646487127585552	-0.000127076159149851	-0.000127443797836675	-0.80644012904042	-0.000158256689227655	-0.000158502435321652
-213000	-0.646450819153647	-0.000128847238914543	-0.000128883547346448	-0.806555063571383	-0.000161692833196281	-0.000161577898665317
-212000	-0.645950154975014	-0.000129293124169777	-0.000129793788348409	-0.806185400721108	-0.000161404263394269	-0.000161773926244544
-211000	-0.645512239863369	-0.000128059586311595	-0.00012849750142324	-0.805943892719337	-0.000160625909292176	-0.000160867417293947
-210000	-0.645245113542919	-0.000131969004997153	-0.000132236131317603	-0.806128597634259	-0.000164148902523878	-0.000163964197608957
-209000	-0.645054462647859	-0.000126885508254791	-0.000127076159149851	-0.805987728509077	-0.000158115820102473	-0.000158256689227655
-208000	-0.645041621860965	-0.000128834398127649	-0.000128847238914543	-0.805415649313682	-0.000161120754000886	-0.000161692833196281
-207000	-0.644721867290784	-0.000128973369599595	-0.000129293124169777	-0.805024922512493	-0.00016101353659308	-0.000161404263394269
-206000	-0.644466126889746	-0.000127803845910557	-0.000128059586311595	-0.805075210323234	-0.000160676197102916	-0.000160625909292176
-205000	-0.644889999367449	-0.000132392877474856	-0.000131969004997153	-0.805291289771649	-0.000164364981972294	-0.000164148902523878
-204000	-0.645073439180214	-0.000127068948067557	-0.000126885508254791	-0.805283888924031	-0.000158108419254855	-0.000158115820102473
-203000	-0.644917388829148	-0.000128678347776583	-0.000128834398127649	-0.805438800683155	-0.00016127566576001	-0.000161120754000886
-202000	-0.644625972547283	-0.00012868195331773	-0.000128973369599595	-0.805342336643684	-0.000160917072553609	-0.00016101353659308
-201000	-0.644530394079322	-0.000127708267442596	-0.000127803845910557	-0.805144601176545	-0.000160478461635777	-0.000160676197102916
-200000	-0.644870327028908	-0.000132732810424442	-0.000132392877474856	-0.80519564804858	-0.000164416028844329	-0.000164364981972294
-199000	-0.644951799607818	-0.000127150420646467	-0.000127068948067557	-0.805459738123854	-0.000158372509330128	-0.000158108419254855
-198000	-0.644763805427288	-0.000128490353596052	-0.000128678347776583	-0.805441457397685	-0.000161257385033842	-0.00016127566576001
-197000	-0.644665317224366	-0.000128583465114808	-0.00012868195331773	-0.805308937946739	-0.000160784553102663	-0.000160917072553609
-196000	-0.644620342842685	-0.000127663293060915	-0.000127708267442596	-0.805150989942438	-0.000160320513631476	-0.000160478461635777
-195000	-0.644430261243595	-0.000132542728825353	-0.000132732810424442	-0.804946233158328	-0.000164211272060219	-0.000164416028844329
-194000	-0.644664494907964	-0.000127384654310836	-0.000127150420646467	-0.805428553355683	-0.000158854829527485	-0.000158372509330128
-193000	-0.644420646467202	-0.000128246505155291	-0.000128490353596052	-0.805232525776456	-0.000161061357454615	-0.000161257385033842
-192000	-0.643976532354988	-0.000128139351002593	-0.000128583465114808	-0.804956227465368	-0.000160508254791575	-0.000160784553102663
-191000	-0.64379024606237	-0.000127477006768297	-0.000127663293060915	-0.804757100385856	-0.000160121386551964	-0.000160320513631476
-190000	-0.643703080523752	-0.000132455563286735	-0.000132542728825353	-0.804719273831362	-0.000164173445505725	-0.000164211272060219
-189000	-0.643263584034411	-0.000126945157821494	-0.000127384654310836	-0.804504649250427	-0.00015864020494655	-0.000158854829527485
-188000	-0.642922575747992	-0.000127905496868872	-0.000128246505155291	-0.80412916693023	-0.000160685875134417	-0.000161061357454615
-187000	-0.642554620785628	-0.00012777139604023	-0.000128139351002593	-0.803949712189259	-0.000160328800050604	-0.000160508254791575
-186000	-0.642291163261433	-0.000127213549244101	-0.000127477006768297	-0.803950914036308	-0.000160122588399013	-0.000160121386551964
-185000	-0.641811879309254	-0.000131976279334556	-0.000132455563286735	-0.803656461509267	-0.000163878992978683	-0.000164173445505725
-184000	-0.641320576886584	-0.000126453855398824	-0.000126945157821494	-0.803498007464103	-0.000158481750901385	-0.00015864020494655
-183000	-0.640701499146056	-0.000127286419128344	-0.000127905496868872	-0.803008286419128	-0.000160196154089443	-0.000160685875134417
-182000	-0.640345436143969	-0.000127415333038143	-0.00012777139604023	-0.802645265355177	-0.000159965778986653	-0.000160328800050604
-181000	-0.640317856916946	-0.000127185970017079	-0.000127213549244101	-0.802722879372509	-0.000160200202416346	-0.000160122588399013
-180000	-0.64016534885192	-0.00013182377126953	-0.000131976279334556	-0.80253222847745	-0.000163688342083624	-0.000163878992978683
-179000	-0.639979884875704	-0.000126268391422607	-0.000126453855398824	-0.802150547156683	-0.000158100069580619	-0.000158481750901385
-178000	-0.639726864444304	-0.000127033398696945	-0.000127286419128344	-0.802022518818395	-0.000160068125751154	-0.000160196154089443
-177000	-0.639376178126384	-0.000127064646720223	-0.000127415333038143	-0.802131444114112	-0.000160074704282371	-0.000159965778986653
-176000	-0.639242393573281	-0.000127052185463976	-0.000127185970017079	-0.801827629831109	-0.000159896388133342	-0.000160200202416346
-175000	-0.639016066797394	-0.000131597444493643	-0.00013182377126953	-0.801783730786261	-0.000163644443038775	-0.000163688342083624
-174000	-0.638945221076602	-0.000126197545701815	-0.000126268391422607	-0.801961730659751	-0.000158278069454109	-0.000158100069580619
-173000	-0.638768549560377	-0.00012685672718072	-0.000127033398696945	-0.801826870769815	-0.000159933265861218	-0.000160068125751154
-172000	-0.638580049338984	-0.00012687614649883	-0.000127064646720223	-0.801718957555823	-0.000159966791068379	-0.000160074704282371
-171000	-0.638411854007211	-0.000126883990132203	-0.000127052185463976	-0.80119122019103	-0.000159368650768549	-0.000159896388133342
-170000	-0.63814415839079	-0.000131329748877222	-0.000131597444493643	-0.801150800177114	-0.00016360402302486	-0.000163644443038775
-169000	-0.638070972231008	-0.000126124359542033	-0.000126197545701815	-0.801045670187868	-0.000158172939464862	-0.000158278069454109
-168000	-0.638136757543172	-0.000126922512492884	-0.00012685672718072	-0.80108412929344	-0.000159971724966791	-0.000159933265861218
-167000	-0.638192738313619	-0.000126932127269277	-0.00012687614649883	-0.801529002466949	-0.000160411664241888	-0.000159966791068379
-166000	-0.637820735024353	-0.000126511986842937	-0.000126883990132203	-0.801332405591752	-0.000159172053893352	-0.000159368650768549
-165000	-0.637727433740275	-0.000131236447593143	-0.000131329748877222	-0.801256309697008	-0.000163527927130116	-0.00016360402302486
-164000	-0.637231007653868	-0.000125627933455626	-0.000126124359542033	-0.800978050477576	-0.00015789468024543	-0.000158172939464862
-163000	-0.636997786071225	-0.000126689290910241	-0.000126922512492884	-0.800948826617749	-0.000159942501106964	-0.000159971724966791
-162000	-0.636994180530078	-0.000126928521728129	-0.000126932127269277	-0.80095028148523	-0.000160413119109368	-0.000160411664241888
-161000	-0.636451641470049	-0.000125969447782909	-0.000126511986842937	-0.800612752229743	-0.000158834524637864	-0.000159172053893352
-160000	-0.636243848440762	-0.000131028654563856	-0.000131236447593143	-0.800499462331583	-0.000163414637231956	-0.000163527927130116
-159000	-0.635999430704029	-0.000125383515718894	-0.000125627933455626	-0.800213359478778	-0.000157608577392624	-0.00015789468024543
-158000	-0.636049971535201	-0.000126739831741413	-0.000126689290910241	-0.800242773103928	-0.000159971914732115	-0.000159942501106964
-157000	-0.635846353343032	-0.00012672490353596	-0.000126928521728129	-0.800090391549118	-0.000160260737554557	-0.000160413119109368
-156000	-0.635845657536846	-0.000125968751976722	-0.000125969447782909	-0.800339363653615	-0.000159083496742362	-0.000158834524637864
-155000	-0.635718704535391	-0.000130901701562401	-0.000131028654563856	-0.800376241381492	-0.000163451514959833	-0.000163414637231956
-154000	-0.635209500917199	-0.000124874312100702	-0.000125383515718894	-0.80014238724777	-0.000157374723258903	-0.000157608577392624
-153000	-0.635050857106711	-0.000126581187930926	-0.000126739831741413	-0.800193054589158	-0.000160022582073502	-0.000159971914732115
-152000	-0.635168068821557	-0.000126842115250806	-0.00012672490353596	-0.800433930039851	-0.00016050161300525	-0.000160260737554557
-151000	-0.635080650262509	-0.000125881333417673	-0.000125968751976722	-0.800410399139731	-0.000159059965842242	-0.000159083496742362
-150000	-0.634768549560377	-0.000130589600860269	-0.000130901701562401	-0.800412866088937	-0.000163453981909039	-0.000163451514959833
-149000	-0.634504965525966	-0.000124610728066291	-0.000124874312100702	-0.800157315453223	-0.00015711917262319	-0.000157374723258903
-148000	-0.634594914289329	-0.000126671136694288	-0.000126581187930926	-0.800201404263394	-0.000160066670883674	-0.000160022582073502
-147000	-0.634636219874755	-0.000126883420836232	-0.000126842115250806	-0.800054905433614	-0.000160355114175469	-0.00016050161300525
-146000	-0.634769751407426	-0.000126014864950345	-0.000125881333417673	-0.800265228667215	-0.000159270289075843	-0.000159059965842242
-145000	-0.634717945474097	-0.00013053779492694	-0.000130589600860269	-0.800307672844582	-0.000163496426086406	-0.000163453981909039
-144000	-0.634527231323929	-0.000124420013916124	-0.000124610728066291	-0.800338604592321	-0.000157150104370928	-0.00015711917262319
-143000	-0.634147763931938	-0.000126291669302296	-0.000126671136694288	-0.800028148522993	-0.000159756214814346	-0.000160066670883674
-142000	-0.633448288949333	-0.000126183945853628	-0.000126883420836232	-0.799695995951673	-0.000160022961604149	-0.000160355114175469
-141000	-0.6329476247707	-0.000125514200771712	-0.000126014864950345	-0.799417799987349	-0.000158992093111519	-0.000159270289075843
-140000	-0.633000569295971	-0.000130590739452211	-0.00013053779492694	-0.799521222088684	-0.000163599848187741	-0.000163496426086406
-139000	-0.632771965336201	-0.000124191409956354	-0.000124420013916124	-0.799451578214941	-0.000157080460497185	-0.000157150104370928
-138000	-0.632136314757417	-0.000125656018723512	-0.000126291669302296	-0.798807071921058	-0.000159111708520463	-0.000159756214814346
-137000	-0.632155670820419	-0.00012620330191663	-0.000126183945853628	-0.798655575937757	-0.000159871465620849	-0.000160022961604149
-136000	-0.631718641280283	-0.000125077171231577	-0.000125514200771712	-0.798237206654437	-0.000158573723828199	-0.000158992093111519
-135000	-0.631581757226896	-0.000130453855398823	-0.000130590739452211	-0.798238851287241	-0.000163601492820546	-0.000163599848187741
-134000	-0.63137421721804	-0.000123983869947498	-0.000124191409956354	-0.798335631602252	-0.000157177240812196	-0.000157080460497185
-133000	-0.630918590676197	-0.000125200392181668	-0.000125656018723512	-0.798016256562717	-0.000158792333480929	-0.000159111708520463
-132000	-0.630465747359099	-0.000125750458599532	-0.00012620330191663	-0.797868176355241	-0.000159723385413372	-0.000159871465620849
-131000	-0.630659181478904	-0.000125270605351382	-0.000125077171231577	-0.797687456512113	-0.000158393003985072	-0.000158573723828199
-130000	-0.630300271996964	-0.000130094945916883	-0.000130453855398823	-0.797410272629515	-0.000163324308937947	-0.000163601492820546
-129000	-0.630003858561579	-0.000123687456512113	-0.000123983869947498	-0.797067303434752	-0.000156834271617433	-0.000157177240812196
-128000	-0.629643557467266	-0.000124840091087355	-0.000125200392181668	-0.796752799038522	-0.000158477829084699	-0.000158792333480929
-127000	-0.629889177051047	-0.000125996078183313	-0.000125750458599532	-0.796608577392624	-0.000159579163767474	-0.000159723385413372
-126000	-0.629692453665634	-0.000125073881965969	-0.000125270605351382	-0.796609462964134	-0.000158393889556582	-0.000158393003985072
-125000	-0.629464355746727	-0.000129866847997976	-0.000130094945916883	-0.796239736858751	-0.000162954582832564	-0.000163324308937947
-124000	-0.628986273641597	-0.000123209374406984	-0.000123687456512113	-0.795533050793852	-0.000156127585552534	-0.000156834271617433
-123000	-0.628961414384211	-0.00012481523182997	-0.000124840091087355	-0.7954939591372	-0.000158438737428047	-0.000158477829084699
-122000	-0.629041432095642	-0.000126076095894743	-0.000125996078183313	-0.795577772155102	-0.000159662976785375	-0.000159579163767474
-121000	-0.628854007211082	-0.000124886457081409	-0.000125073881965969	-0.795720981719274	-0.000158537099120754	-0.000158393889556582
-120000	-0.628469352900247	-0.00012948219368714	-0.000129866847997976	-0.795485988993611	-0.000162719590106902	-0.000162954582832564
-119000	-0.628246125624644	-0.000122986147131381	-0.000123209374406984	-0.794950724270985	-0.000155592320829907	-0.000156127585552534
-118000	-0.628016003542286	-0.000124585109747612	-0.00012481523182997	-0.794770447213612	-0.000158258460370675	-0.000158438737428047
-117000	-0.62816946043393	-0.000126229552786387	-0.000126076095894743	-0.794925042697198	-0.000159817572268961	-0.000159662976785375
-116000	-0.627727813270922	-0.000124444809918401	-0.000124886457081409	-0.794925548738061	-0.000158537605161617	-0.000158537099120754
-115000	-0.627423745967487	-0.000129178126383705	-0.00012948219368714	-0.794772661142387	-0.000162566702511228	-0.000162719590106902
-114000	-0.627165412107028	-0.000122727813270922	-0.000122986147131381	-0.794685622113986	-0.000155505281801506	-0.000155592320829907
-113000	-0.627051363147574	-0.000124471060788159	-0.000124585109747612	-0.794790372572585	-0.000158363210829275	-0.000158258460370675
-112000	-0.627159655892213	-0.000126337845531027	-0.000126229552786387	-0.795054525902967	-0.000160081725599342	-0.000159817572268961
-111000	-0.626998481877412	-0.000124283635903599	-0.000124444809918401	-0.794947118729837	-0.000158430197988488	-0.000158537605161617
-110000	-0.626618192169018	-0.000128797836675312	-0.000129178126383705	-0.794617812638371	-0.000162237396419761	-0.000162566702511228
-109000	-0.626682775634132	-0.000122792396736036	-0.000122727813270922	-0.79475640457967	-0.000155643873742804	-0.000155505281801506
-108000	-0.6264939591372	-0.000124282244291227	-0.000124471060788159	-0.794340818521096	-0.0001579476247707	-0.000158363210829275
-107000	-0.62653690935543	-0.000126380795749257	-0.000126337845531027	-0.794568916440002	-0.000160309823518249	-0.000160081725599342
-106000	-0.626447087102283	-0.000124193813650452	-0.000124283635903599	-0.794607375545575	-0.00015846865709406	-0.000158430197988488
-105000	-0.626214814346258	-0.000128565563919286	-0.000128797836675312	-0.794575558226327	-0.000162205579100512	-0.000162237396419761
-104000	-0.625916946043393	-0.000122494528433171	-0.000122792396736036	-0.794067746220507	-0.000155136061736985	-0.000155643873742804
-103000	-0.625826238218736	-0.00012419153646657	-0.000124282244291227	-0.793987728509077	-0.00015786760705927	-0.0001579476247707
-102000	-0.625817255993421	-0.000126371813523942	-0.000126380795749257	-0.794308937946739	-0.000160631032955911	-0.000160309823518249
-101000	-0.625507748750712	-0.000123884306407743	-0.000124193813650452	-0.794336011132899	-0.000158495730280221	-0.00015846865709406
-100000	-0.625579543298121	-0.000128637358466696	-0.000128565563919286	-0.794351382124106	-0.00016222095009172	-0.000162205579100512
-99000	-0.625184704914922	-0.000122099690049971	-0.000122494528433171	-0.794136378012524	-0.000154921057625403	-0.000155136061736985
-98000	-0.62487614649883	-0.000123882978050477	-0.00012419153646657	-0.793706939085331	-0.000157438168132077	-0.00015786760705927
-97000	-0.624695995951673	-0.000126191662976785	-0.000126371813523942	-0.793732683914226	-0.000160656777784806	-0.000160631032955911
-96000	-0.624621734455057	-0.000123810044911126	-0.000123884306407743	-0.793640584477197	-0.000158403630843191	-0.000158495730280221
-95000	-0.62463723195648	-0.00012865285596812	-0.000128637358466696	-0.793697956860016	-0.00016227832247454	-0.00016222095009172
-94000	-0.624291100006325	-0.000121753558099816	-0.000122099690049971	-0.793508571067114	-0.000154731671832501	-0.000154921057625403
-93000	-0.62396381807831	-0.000123555696122462	-0.000123882978050477	-0.793508887342653	-0.000157438484407616	-0.000157438168132077
-92000	-0.62383876273009	-0.000126066607628566	-0.000126191662976785	-0.793235245746094	-0.000160383136188247	-0.000160656777784806
-91000	-0.623559681194256	-0.000123530963375293	-0.000123810044911126	-0.79281200581947	-0.000157980390916566	-0.000158403630843191
-90000	-0.623821557340755	-0.000128914732114618	-0.00012865285596812	-0.79288968309191	-0.000162355999746979	-0.00016227832247454
-89000	-0.623559617939149	-0.00012149161869821	-0.000121753558099816	-0.792834967423619	-0.00015467695616421	-0.000154731671832501
-88000	-0.623271301157568	-0.000123267379340881	-0.000123555696122462	-0.792724966791068	-0.000157328483775065	-0.000157438484407616
-87000	-0.623445315959264	-0.000126240622430261	-0.000126066607628566	-0.792623568853185	-0.000160281738250364	-0.000160383136188247
-86000	-0.622977417926498	-0.000123063065342526	-0.000123530963375293	-0.792079701435891	-0.000157436523499273	-0.000157980390916566
-85000	-0.622965778986653	-0.000128903093174774	-0.000128914732114618	-0.792336390663546	-0.000162612688974635	-0.000162355999746979
-84000	-0.622819533177304	-0.000121345372888861	-0.00012149161869821	-0.79207679170093	-0.000154417357201594	-0.00015467695616421
-83000	-0.622876589284585	-0.000123324435448163	-0.000123267379340881	-0.792164842811057	-0.000157416534885192	-0.000157328483775065
-82000	-0.622717439433234	-0.000126081472578911	-0.000126240622430261	-0.792241697767095	-0.000160358593206401	-0.000160281738250364
-81000	-0.622541716743627	-0.000122887342652919	-0.000123063065342526	-0.79218445189449	-0.000157379277626668	-0.000157436523499273
-80000	-0.622208868366121	-0.000128570244797267	-0.000128903093174774	-0.791975077487507	-0.000162403314567651	-0.000162612688974635
-79000	-0.62182731355557	-0.00012096381807831	-0.000121345372888861	-0.791663166550699	-0.000154105446264786	-0.000154417357201594
-78000	-0.62150483901575	-0.000123001960908343	-0.000123324435448163	-0.791498829780505	-0.000157252198114998	-0.000157416534885192
-77000	-0.621481687646277	-0.000126058321209438	-0.000126081472578911	-0.79224713770637	-0.000161106901132267	-0.000160358593206401
-76000	-0.621402428996141	-0.000122808084002783	-0.000122887342652919	-0.792490986147131	-0.00015762312606743	-0.000157379277626668
-75000	-0.621024353216522	-0.000128192169017649	-0.000128570244797267	-0.792145107217408	-0.000162057435637928	-0.000162403314567651
-74000	-0.620705737238282	-0.000120645202100069	-0.00012096381807831	-0.791977607691821	-0.000153937946739199	-0.000154105446264786
-73000	-0.621057878423683	-0.000123354102093744	-0.000123001960908343	-0.792477259788728	-0.000157751850211904	-0.000157252198114998
-72000	-0.620822189891834	-0.000125822632677588	-0.000126058321209438	-0.792702511227782	-0.00016133215257132	-0.000161106901132267
-71000	-0.620642102599785	-0.000122627996710734	-0.000122808084002783	-0.792878170662281	-0.000157798785501929	-0.00015762312606743
-70000	-0.62045455120501	-0.000128004617622873	-0.000128192169017649	-0.792333291163261	-0.000161512556138908	-0.000162057435637928
-69000	-0.620412613068505	-0.000120603263963565	-0.000120645202100069	-0.792438990448479	-0.000154043646024417	-0.000153937946739199
-68000	-0.620217154785249	-0.000123158643810488	-0.000123354102093744	-0.792485609462964	-0.00015779846922639	-0.000157751850211904
-67000	-0.620069707128851	-0.000125675185021191	-0.000125822632677588	-0.792353849073313	-0.000161200392181669	-0.00016133215257132
-66000	-0.620151432728193	-0.000122709722310077	-0.000122627996710734	-0.792241950787526	-0.000157686887216143	-0.000157798785501929
-65000	-0.619690935543045	-0.000127544120437725	-0.000128004617622873	-0.792034031248023	-0.000161304636599405	-0.000161512556138908
-64000	-0.619378898096021	-0.000120291226516541	-0.000120603263963565	-0.791928078942375	-0.000153937693718768	-0.000154043646024417
-63000	-0.619680371940034	-0.000123460117654501	-0.000123158643810488	-0.792200202416345	-0.000158070592700361	-0.00015779846922639
-62000	-0.619541273957872	-0.000125536087039028	-0.000125675185021191	-0.791916123726991	-0.000160916313492315	-0.000161200392181669
-61000	-0.619542475804921	-0.000122710924157125	-0.000122709722310077	-0.791452843317098	-0.000157223606806249	-0.000157686887216143
-60000	-0.619544183692833	-0.000127545828325638	-0.000127544120437725	-0.791552659877285	-0.000161404453159593	-0.000161304636599405
-59000	-0.61943867417294	-0.000120185716996648	-0.000120291226516541	-0.791482256942248	-0.000153867290783731	-0.000153937693718768
-58000	-0.619227465367828	-0.00012324890884939	-0.000123460117654501	-0.791329306091467	-0.000157917641849579	-0.000158070592700361
-57000	-0.619210386488709	-0.000125519008159909	-0.000125536087039028	-0.791001834398128	-0.000160588841798975	-0.000160916313492315
-56000	-0.619053766841672	-0.000122554304510089	-0.000122710924157125	-0.790700044278576	-0.000156921816686698	-0.000157223606806249
-55000	-0.619229299765956	-0.000127721361249921	-0.000127545828325638	-0.790846100322601	-0.000161550509203618	-0.000161404453159593
-54000	-0.61930773609969	-0.000120264153330382	-0.000120185716996648	-0.790694477829085	-0.000153715668290215	-0.000153867290783731
-53000	-0.619130495287494	-0.000123071668037194	-0.00012324890884939	-0.790503067872731	-0.000157726231893226	-0.000157917641849579
-52000	-0.619157758238978	-0.000125546271111392	-0.000125519008159909	-0.790507875260927	-0.000160593649187172	-0.000160588841798975
-51000	-0.618828388892403	-0.000122224935163515	-0.000122554304510089	-0.790365234992726	-0.000156779176418495	-0.000156921816686698
-50000	-0.61862401163894	-0.000127516983996458	-0.000127721361249921	-0.790342399898792	-0.000161527674109684	-0.000161550509203618
-49000	-0.61883408185211	-0.000120474223543551	-0.000120264153330382	-0.790443038775381	-0.000153816307166804	-0.000153715668290215
-48000	-0.618834018597002	-0.000123071604782086	-0.000123071668037194	-0.790377379973433	-0.000157660573091278	-0.000157726231893226
-47000	-0.618626794863685	-0.000125339047378075	-0.000125546271111392	-0.790532924283636	-0.000160749193497375	-0.000160593649187172
-46000	-0.618341704092605	-0.000121939844392435	-0.000122224935163515	-0.790416914415839	-0.000156663166550699	-0.000156779176418495
-45000	-0.618379783667531	-0.000127555063571383	-0.000127516983996458	-0.790411664241888	-0.000161522423935733	-0.000161527674109684
-44000	-0.61841925485483	-0.000120513694730849	-0.000120474223543551	-0.790689986716427	-0.000154094629641344	-0.000153816307166804
-43000	-0.618132203175406	-0.000122784553102663	-0.000123071604782086	-0.790485356442533	-0.000157455942817383	-0.000157660573091278
-42000	-0.61815946612689	-0.000125366310329559	-0.000125339047378075	-0.790421974824467	-0.000160685811879309	-0.000160749193497375
-41000	-0.618171674362705	-0.00012195205262825	-0.000121939844392435	-0.790608956923272	-0.000156850148649504	-0.000156663166550699
-40000	-0.618229552786387	-0.000127612941995066	-0.000127555063571383	-0.790604908596369	-0.00016151837560883	-0.000161522423935733
-39000	-0.618299070149915	-0.000120583212094377	-0.000120513694730849	-0.790816813207667	-0.000154306534252641	-0.000154094629641344
-38000	-0.618252008349674	-0.000122737491302423	-0.000122784553102663	-0.790855968119426	-0.000157495097729142	-0.000157455942817383
-37000	-0.618403757353406	-0.000125518059333291	-0.000125366310329559	-0.790889303561263	-0.000160719147321146	-0.000160685811879309
-36000	-0.618587576696818	-0.000122135871971662	-0.00012195205262825	-0.791080650262509	-0.000157041495350749	-0.000156850148649504
-35000	-0.61896059206781	-0.000127985957366057	-0.000127612941995066	-0.791339173888291	-0.000161776899234614	-0.00016151837560883
-34000	-0.618962236700614	-0.000120584856727181	-0.000120583212094377	-0.791675311531406	-0.000154642671895756	-0.000154306534252641
-33000	-0.619490543361376	-0.000123265797963186	-0.000122737491302423	-0.791929344044532	-0.000157749130242267	-0.000157495097729142
-32000	-0.619564741602884	-0.000125592257574799	-0.000125518059333291	-0.791741729394649	-0.000160531532671263	-0.000160719147321146
-31000	-0.619771965336201	-0.000122343095704978	-0.000122135871971662	-0.791795749256752	-0.000157095515212854	-0.000157041495350749
-30000	-0.620326459611614	-0.00012854045164147	-0.000127985957366057	-0.79256841039914	-0.000162549560377	-0.000161776899234614
-29000	-0.620521791384654	-0.000120780188500221	-0.000120584856727181	-0.792802770573724	-0.00015487703207034	-0.000154642671895756
-28000	-0.620605794167879	-0.00012334980074641	-0.000123265797963186	-0.793029160604719	-0.000157975520273262	-0.000157749130242267
-27000	-0.620760010120817	-0.000125746473527737	-0.000125592257574799	-0.793542033019166	-0.000161044405085711	-0.000160531532671263
-26000	-0.621116895439307	-0.000122699981023468	-0.000122343095704978	-0.793678917072554	-0.000157232399266241	-0.000157095515212854
-25000	-0.621416345119868	-0.000128839901322032	-0.00012854045164147	-0.794252387880321	-0.000163123031184768	-0.000162549560377
-24000	-0.621838825985198	-0.000121202669365551	-0.000120780188500221	-0.794494654943387	-0.000155119299133405	-0.00015487703207034
-23000	-0.622039028401543	-0.000123550003162756	-0.00012334980074641	-0.794439116958694	-0.00015791998228857	-0.000157975520273262
-22000	-0.622269150483902	-0.000125976595610095	-0.000125746473527737	-0.795144917452084	-0.000161750205579101	-0.000161044405085711
-21000	-0.622616863811753	-0.000123047694351319	-0.000122699981023468	-0.795242014042634	-0.00015732949585679	-0.000157232399266241
-20000	-0.622985830855842	-0.00012920886836612	-0.000128839901322032	-0.795909545195775	-0.000163790562337909	-0.000163123031184768
-19000	-0.623268644443039	-0.000121485482952748	-0.000121202669365551	-0.796595736605731	-0.000155805490543361	-0.000155119299133405
-18000	-0.62342836359036	-0.000123709722310076	-0.000123550003162756	-0.797069517363527	-0.000158393763046366	-0.00015791998228857
-17000	-0.62414061610475	-0.000126688848124486	-0.000125976595610095	-0.797680371940034	-0.000162361060155608	-0.000161750205579101
-16000	-0.624668669745082	-0.00012357574799165	-0.000123047694351319	-0.79844866847998	-0.000158097792396736	-0.00015732949585679
-15000	-0.625074198241508	-0.000129614396862547	-0.00012920886836612	-0.798894047694351	-0.00016423594155228	-0.000163790562337909
-14000	-0.62563223480296	-0.000122043519514201	-0.000121485482952748	-0.799665253969258	-0.000156576696818268	-0.000155805490543361
-13000	-0.626038142830034	-0.00012411563033715	-0.000123709722310076	-0.800196343854766	-0.000158924852931874	-0.000158393763046366
-12000	-0.626382566892277	-0.000127033272186729	-0.000126688848124486	-0.80072699095452	-0.00016289170725536	-0.000162361060155608
-11000	-0.627176671516225	-0.000124369852615599	-0.00012357574799165	-0.801781327092163	-0.000159152128534379	-0.000158097792396736
-10000	-0.627506357138339	-0.000129944082484661	-0.000129614396862547	-0.80247808210513	-0.000164932696565247	-0.00016423594155228
-9000	-0.628135808716554	-0.000122672971092416	-0.000122043519514201	-0.803087102283509	-0.000157185716996647	-0.000156576696818268
-8000	-0.629046682269593	-0.000125026503890189	-0.00012411563033715	-0.804143905370359	-0.000159981656018723	-0.000158924852931874
-7000	-0.629776329938643	-0.000127762919855778	-0.000127033272186729	-0.804609399709026	-0.000163357201594029	-0.00016289170725536
-6000	-0.630174520842558	-0.000124768043519515	-0.000124369852615599	-0.80504472136125	-0.000159587450186603	-0.000159152128534379
-5000	-0.630435448162439	-0.000130205009804542	-0.000129944082484661	-0.80529154279208	-0.000165179517996078	-0.000164932696565247
-4000	-0.630744386109178	-0.000122981909039155	-0.000122672971092416	-0.805390600290974	-0.00015728477449554	-0.000157185716996647
-3000	-0.631108292744639	-0.00012539041052565	-0.000125026503890189	-0.805856031374534	-0.000160447087102284	-0.000159981656018723
-2000	-0.631021316971345	-0.000127675944082484	-0.000127762919855778	-0.805944715035739	-0.000163445885255234	-0.000163357201594029
-1000	-0.631039850717945	-0.000124786577266114	-0.000124768043519515	-0.806156113606174	-0.000159798848757037	-0.000159587450186603
0	-0.631250490227086	-0.000130415649313682	-0.000130205009804542	-0.806325510784996	-0.000165348915174901	-0.000165179517996078
1000	-0.631152761085458	-0.000122884179897527	-0.000122981909039155	-0.806078499588842	-0.000157037763299387	-0.00015728477449554
2000	-0.631037194003416	-0.000125274843443608	-0.00012539041052565	-0.806006135745461	-0.000160374723258903	-0.000160447087102284
3000	-0.630879878550193	-0.000127518628629262	-0.000127675944082484	-0.805584477196534	-0.000163024226706306	-0.000163445885255234
4000	-0.630511354291859	-0.00012441805300778	-0.000124786577266114	-0.805401543424632	-0.000159615914985135	-0.000159798848757037
5000	-0.630153520146752	-0.000130057815168575	-0.000130415649313682	-0.80477228161174	-0.000164719653362009	-0.000165348915174901
6000	-0.629785754949712	-0.000122516414700487	-0.000122884179897527	-0.804548738060598	-0.000156814219748244	-0.000157037763299387
7000	-0.629494148902524	-0.00012498323739642	-0.000125274843443608	-0.804175469669176	-0.000160001454867481	-0.000160374723258903
8000	-0.62864254538554	-0.000126667025112278	-0.000127518628629262	-0.803312100702132	-0.000162160857739262	-0.000163024226706306
9000	-0.62804149535075	-0.00012381700297299	-0.00012441805300778	-0.802691125308369	-0.000158994939591372	-0.000159615914985135
10000	-0.627571193623885	-0.00012958751344171	-0.000130057815168575	-0.802008792459991	-0.000164037320513631	-0.000164719653362009
11000	-0.626759504079955	-0.000121704725156557	-0.000122516414700487	-0.800950661015877	-0.00015575608830413	-0.000156814219748244
12000	-0.62634069201088	-0.000124564425327346	-0.00012498323739642	-0.800114112214561	-0.000159164906066165	-0.000160001454867481
13000	-0.62549218799418	-0.000125818521095578	-0.000126667025112278	-0.798953697261054	-0.000161000442785755	-0.000162160857739262
14000	-0.625211272060219	-0.000123536087039028	-0.00012381700297299	-0.798506357138339	-0.000158547599468657	-0.000158994939591372
15000	-0.624624833955342	-0.000129001075336834	-0.00012958751344171	-0.797809285849832	-0.000163340249225125	-0.000164037320513631
16000	-0.624096906825226	-0.000121176798026441	-0.000121704725156557	-0.797040040483269	-0.000154986842937567	-0.00015575608830413
17000	-0.623759504079955	-0.000124227022582074	-0.000124564425327346	-0.796147510911506	-0.000158272376494402	-0.000159164906066165
18000	-0.623205389335189	-0.000125264406350813	-0.000125818521095578	-0.795348662154469	-0.000160201594028717	-0.000161000442785755
19000	-0.622997027009931	-0.000123327724713771	-0.000123536087039028	-0.79503295591119	-0.000158231893225378	-0.000158547599468657
20000	-0.62314649882978	-0.000129150547156683	-0.000129001075336834	-0.794633752925549	-0.000162941046239484	-0.000163340249225125
21000	-0.622630906445696	-0.000120661205642356	-0.000121176798026441	-0.794041368840534	-0.000154394458852552	-0.000154986842937567
22000	-0.622380289708394	-0.000123976405844772	-0.000124227022582074	-0.793448478714656	-0.000157679486368524	-0.000158272376494402
23000	-0.62207268011892	-0.000124956796761339	-0.000125264406350813	-0.793254348788665	-0.000160007464102726	-0.000160201594028717
24000	-0.622129293440445	-0.000123384338035296	-0.000123327724713771	-0.793120817255993	-0.000158098361692707	-0.000158231893225378
25000	-0.622165791637675	-0.000129187045353913	-0.000129150547156683	-0.792694667594408	-0.000162514896577899	-0.000162941046239484
26000	-0.622089758998039	-0.00012058517300272	-0.000120661205642356	-0.7925954835853	-0.000154295274843443	-0.000154394458852552
27000	-0.621491998228857	-0.00012337864507559	-0.000123976405844772	-0.792133594787779	-0.000157217597571004	-0.000157679486368524
28000	-0.621570814093238	-0.00012503561262572	-0.000124956796761339	-0.792284901005756	-0.000160158770320704	-0.000160007464102726
29000	-0.62126655702448	-0.000123080080966538	-0.000123384338035296	-0.792128154848504	-0.000157941615535455	-0.000158098361692707
30000	-0.621105193244355	-0.000129025681573787	-0.000129187045353913	-0.791946549433867	-0.000162333291163261	-0.000162514896577899
31000	-0.621194825732178	-0.000120674805490543	-0.00012058517300272	-0.791982478335126	-0.000154331203744703	-0.000154295274843443
32000	-0.620864760579417	-0.000123048579922829	-0.00012337864507559	-0.791926434309571	-0.000157161553545449	-0.000157217597571004
33000	-0.620578910747043	-0.000124749762793346	-0.00012503561262572	-0.791628186476058	-0.000159860522487191	-0.000160158770320704
34000	-0.620420330191663	-0.000122921500411158	-0.000123080080966538	-0.791630526915048	-0.000157943955974445	-0.000157941615535455
35000	-0.620281232209501	-0.000128886583591625	-0.000129025681573787	-0.791742172180404	-0.000162444936428616	-0.000162333291163261
36000	-0.620412423303182	-0.000120805996584224	-0.000120674805490543	-0.791976279334556	-0.000154565310898855	-0.000154331203744703
37000	-0.620213232968562	-0.000122849389588209	-0.000123048579922829	-0.791855778354102	-0.000157041052564995	-0.000157161553545449
38000	-0.620214055284964	-0.000124750585109747	-0.000124749762793346	-0.791480612309444	-0.000159485356442533	-0.000159860522487191
39000	-0.620078752609273	-0.000122786197735467	-0.000122921500411158	-0.791203554937061	-0.000157666898602062	-0.000157943955974445
40000	-0.620095072427098	-0.00012890290340945	-0.000128886583591625	-0.791659181478904	-0.00016290056297046	-0.000162444936428616
41000	-0.620060218862673	-0.000120771143019799	-0.000120805996584224	-0.791449174520843	-0.000154355303940793	-0.000154565310898855
42000	-0.62019210576254	-0.000122981276488076	-0.000122849389588209	-0.791426908722879	-0.000157018786767031	-0.000157041052564995
43000	-0.620028970839395	-0.000124587450186602	-0.000124750585109747	-0.790818204820039	-0.000158876652539692	-0.000159485356442533
44000	-0.619996520969068	-0.00012275374786514	-0.000122786197735467	-0.790701309380732	-0.000157550003162755	-0.000157666898602062
45000	-0.620030931747739	-0.000128937314188121	-0.00012890290340945	-0.790546081346069	-0.000162745334935796	-0.00016290056297046
46000	-0.61991644000253	-0.00012065665127459	-0.000120771143019799	-0.79045189449048	-0.000154261117085205	-0.000154355303940793
47000	-0.619808590043646	-0.000122873426529192	-0.000122981276488076	-0.790460180909608	-0.00015702707318616	-0.000157018786767031
48000	-0.620036371687014	-0.00012481523182997	-0.000124587450186602	-0.790458979062559	-0.000158875450692643	-0.000158876652539692
49000	-0.61994673919919	-0.000122664115377317	-0.00012275374786514	-0.789987222468214	-0.000157078246568411	-0.000157550003162755
50000	-0.619615788474919	-0.00012860636346385	-0.000128937314188121	-0.789671642735151	-0.000162429755202733	-0.000162745334935796
51000	-0.619673224112847	-0.000120714086912518	-0.00012065665127459	-0.789760136631033	-0.000154349610981087	-0.000154261117085205
52000	-0.619575241950788	-0.000122775444367133	-0.000122873426529192	-0.789558542602315	-0.000156825479157442	-0.00015702707318616
53000	-0.619332468846859	-0.000124572458726042	-0.00012481523182997	-0.789397558352837	-0.000158714466443165	-0.000158875450692643
54000	-0.619407552659877	-0.000122739199190334	-0.000122664115377317	-0.789830286545639	-0.000157510974761212	-0.000157078246568411
55000	-0.619164969321273	-0.000128363780125245	-0.00012860636346385	-0.789317097855652	-0.000161916566512746	-0.000162429755202733
56000	-0.61919387690556	-0.000120742994496805	-0.000120714086912518	-0.789480043013473	-0.000154512556138908	-0.000154349610981087
57000	-0.618809602125372	-0.000122391169586944	-0.000122775444367133	-0.789275729015118	-0.000156621165159086	-0.000156825479157442
58000	-0.618909924726422	-0.000124672781327092	-0.000124572458726042	-0.789529381997596	-0.000158968119425644	-0.000158714466443165
59000	-0.619070276424821	-0.000122899550888734	-0.000122739199190334	-0.789527168068822	-0.000157508760832437	-0.000157510974761212
60000	-0.618890442153204	-0.000128183945853628	-0.000128363780125245	-0.789406920108799	-0.000161796318552723	-0.000161916566512746
61000	-0.618948700107534	-0.000120801252451135	-0.000120742994496805	-0.789312543487887	-0.000154418179517996	-0.000154512556138908
62000	-0.618980896957429	-0.00012242336643684	-0.000122391169586944	-0.788903029919666	-0.000156211651590866	-0.000156621165159086
63000	-0.61905825795433	-0.000124750142323992	-0.000124672781327092	-0.789167183250047	-0.000159232272756025	-0.000158968119425644
64000	-0.619145866278702	-0.000122987159213106	-0.000122899550888734	-0.789542033019166	-0.000157883610601556	-0.000157508760832437
65000	-0.619165032576381	-0.000128203112151306	-0.000128183945853628	-0.789402049465494	-0.000161656334999051	-0.000161796318552723
66000	-0.619640078436334	-0.000121276298311088	-0.000120801252451135	-0.789587133911063	-0.000154603263963565	-0.000154418179517996
67000	-0.619737744322854	-0.00012252103232336	-0.00012242336643684	-0.789828388892403	-0.000156452906572206	-0.000156211651590866
68000	-0.620012398001139	-0.000125024796002277	-0.000124750142323992	-0.790006199000569	-0.000159410082864191	-0.000159232272756025
69000	-0.62018388259852	-0.000123158643810488	-0.000122987159213106	-0.7898952495414	-0.000157772661142387	-0.000157883610601556
70000	-0.620201024732747	-0.000128220254285534	-0.000128203112151306	-0.789805870074008	-0.000161566955531659	-0.000161656334999051
71000	-0.62039717882219	-0.000121472452400531	-0.000121276298311088	-0.789799418053008	-0.000154596811942564	-0.000154603263963565
72000	-0.620541653488519	-0.000122665506989689	-0.00012252103232336	-0.789951293566955	-0.000156604782086153	-0.000156452906572206
73000	-0.620682522613701	-0.000125165665127459	-0.000125024796002277	-0.790298753874375	-0.000159757543171611	-0.000159410082864191
74000	-0.620901258776646	-0.000123377379973433	-0.000123158643810488	-0.790455689796951	-0.000157929597064963	-0.000157772661142387
75000	-0.620896957429312	-0.0001282159529382	-0.000128220254285534	-0.790391549117591	-0.000161502814852299	-0.000161566955531659
76000	-0.620974255171105	-0.000121549750142324	-0.000121472452400531	-0.790761844518945	-0.000154967107343918	-0.000154596811942564
77000	-0.621024542981846	-0.00012271579480043	-0.000122665506989689	-0.791024985767601	-0.000156867923334809	-0.000156604782086153
78000	-0.621337592510595	-0.000125478714656208	-0.000125165665127459	-0.791584477196534	-0.000160317034600544	-0.000159757543171611
79000	-0.621698209880448	-0.000123737997343286	-0.000123377379973433	-0.791910430767285	-0.000158255550635714	-0.000157929597064963
80000	-0.621844771965336	-0.000128362515023088	-0.0001282159529382	-0.791907268011892	-0.000161499652096907	-0.000161502814852299
81000	-0.622130558542602	-0.00012183553671959	-0.000121549750142324	-0.791771838825985	-0.000154831678158011	-0.000154967107343918
82000	-0.622213992029856	-0.000122799228287684	-0.00012271579480043	-0.791972737048517	-0.000157068821557341	-0.000156867923334809
83000	-0.622484597381239	-0.000125749320007591	-0.000125478714656208	-0.792020684420267	-0.000160364981972294	-0.000160317034600544
84000	-0.622780504775761	-0.000124033904737807	-0.000123737997343286	-0.792103611866658	-0.000158338478082105	-0.000158255550635714
85000	-0.622693339237143	-0.000128275349484471	-0.000128362515023088	-0.792351698399646	-0.000161747738629894	-0.000161499652096907
86000	-0.622872161427035	-0.000122014358909482	-0.00012183553671959	-0.792815548105509	-0.000155295527863875	-0.000154831678158011
87000	-0.62330419381365	-0.000123231260674299	-0.000122799228287684	-0.793028654563856	-0.000157281928015687	-0.000157068821557341
88000	-0.623744259598963	-0.000126189385792903	-0.000125749320007591	-0.793519956986527	-0.000160856284394965	-0.000160364981972294
89000	-0.623939338351572	-0.000124228983490417	-0.000124033904737807	-0.793655449427541	-0.00015847397052312	-0.000158338478082105
90000	-0.624168827882852	-0.00012850483901575	-0.000128275349484471	-0.793899740654058	-0.00016199202985641	-0.000161747738629894
91000	-0.624686697450819	-0.00012253222847745	-0.000122014358909482	-0.794055791005124	-0.000155451578214941	-0.000155295527863875
92000	-0.625181478904422	-0.000123726042127902	-0.000123231260674299	-0.794379783667531	-0.000157605920678095	-0.000157281928015687
93000	-0.625852742108925	-0.000126860648997406	-0.000126189385792903	-0.79480435195142	-0.000161280852678853	-0.000160856284394965
94000	-0.625964956670251	-0.000124341198051742	-0.000124228983490417	-0.794932823075463	-0.000158602441647163	-0.00015847397052312
95000	-0.626509519893731	-0.000129049402239231	-0.00012850483901575	-0.795364286166108	-0.000162423492947055	-0.00016199202985641
96000	-0.626452463786451	-0.000122475172370169	-0.00012253222847745	-0.795573660573091	-0.000155660952621924	-0.000155451578214941
97000	-0.626812448605225	-0.000124086026946676	-0.000123726042127902	-0.796047125055348	-0.000158079385160352	-0.000157605920678095
98000	-0.627277057372383	-0.000127325257764565	-0.000126860648997406	-0.79649895629072	-0.000161732683914226	-0.000161280852678853
99000	-0.626983933202606	-0.000124048073881966	-0.000124341198051742	-0.796474982604845	-0.000158578467961288	-0.000158602441647163
100000	-0.627277183882599	-0.000129342652919223	-0.000129049402239231	-0.796432158896831	-0.000162380669239041	-0.000162423492947055
101000	-0.627390916566513	-0.000122588905054083	-0.000122475172370169	-0.796443861091783	-0.000155672654816876	-0.000155660952621924
102000	-0.627674046429249	-0.000124369156809412	-0.000124086026946676	-0.796925232462521	-0.00015856075653109	-0.000158079385160352
103000	-0.628096400784363	-0.000127747612119679	-0.000127325257764565	-0.797144411411221	-0.000161951862862927	-0.000161732683914226
104000	-0.628220444050857	-0.00012417211714846	-0.000124048073881966	-0.797282117781011	-0.000158716174331077	-0.000158578467961288
105000	-0.628267189575558	-0.000129389398443925	-0.000129342652919223	-0.797640900752736	-0.000162739452210766	-0.000162380669239041
106000	-0.62790878613448	-0.000122230501613006	-0.000122588905054083	-0.797460686950471	-0.000155492441014612	-0.000155672654816876
107000	-0.628054842178506	-0.000124515212853438	-0.000124369156809412	-0.797666645581631	-0.00015876671516225	-0.00015856075653109
108000	-0.628093933835157	-0.00012778670377633	-0.000127747612119679	-0.79765696755013	-0.000161942184831425	-0.000161951862862927
109000	-0.628146245809349	-0.000124224429122651	-0.00012417211714846	-0.79739951926118	-0.000158458726042128	-0.000158716174331077
110000	-0.628245493073566	-0.000129488645708141	-0.000129389398443925	-0.797253969258018	-0.000162593902207604	-0.000162739452210766
111000	-0.628175659434499	-0.000122160667973939	-0.000122230501613006	-0.796995255866911	-0.000155233727623506	-0.000155492441014612
112000	-0.628694477829085	-0.000125034031248023	-0.000124515212853438	-0.797248276298311	-0.000159019735593649	-0.00015876671516225
113000	-0.628984818774116	-0.000128077044721361	-0.00012778670377633	-0.797599342146878	-0.000162293250679993	-0.000161942184831425
114000	-0.629167436270479	-0.000124407046619014	-0.000124224429122651	-0.797484660636346	-0.000158344044531596	-0.000158458726042128
115000	-0.629564678347777	-0.000129885887785439	-0.000129488645708141	-0.797682016572838	-0.000162791258144095	-0.000162593902207604
116000	-0.629706433044468	-0.000122302422670631	-0.000122160667973939	-0.797420772977418	-0.000154972484028085	-0.000155233727623506
117000	-0.629905623379088	-0.000125233221582643	-0.000125034031248023	-0.79748573597318	-0.000159084698589411	-0.000159019735593649
118000	-0.630175153393637	-0.00012834657473591	-0.000128077044721361	-0.797572775001581	-0.000162380289708394	-0.000162293250679993
119000	-0.630292997659561	-0.000124524890884939	-0.000124407046619014	-0.797786197735467	-0.000158557467265482	-0.000158344044531596
120000	-0.631216395723955	-0.000130809285849832	-0.000129885887785439	-0.79832127269277	-0.000163326333101398	-0.000162791258144095
121000	-0.631271364412676	-0.000122357391359352	-0.000122302422670631	-0.797949585679044	-0.000154600797014359	-0.000154972484028085
122000	-0.631459674868746	-0.000125421532038712	-0.000125233221582643	-0.797964766904928	-0.000159099879815295	-0.000159084698589411
123000	-0.631449301031058	-0.000128336200898223	-0.00012834657473591	-0.79785938389525	-0.000162274906698716	-0.000162380289708394
124000	-0.631736226200266	-0.000124811816054147	-0.000124524890884939	-0.797838130179012	-0.000158536213549244	-0.000158557467265482
125000	-0.632130495287494	-0.000131203554937062	-0.000130809285849832	-0.798287178189639	-0.000163775381112025	-0.000163326333101398
126000	-0.632536466569676	-0.000122763362641534	-0.000122357391359352	-0.798432791447909	-0.00015474641027263	-0.000154600797014359
127000	-0.632561515592384	-0.000125446581061421	-0.000125421532038712	-0.79827300904548	-0.000158940097412866	-0.000159099879815295
128000	-0.632674362704788	-0.000128449048010627	-0.000128336200898223	-0.798305585426023	-0.000162307483079259	-0.000162274906698716
129000	-0.633185970017079	-0.000125323423366437	-0.000124811816054147	-0.798742614966159	-0.000158973243089379	-0.000158536213549244
130000	-0.633299323170346	-0.000131316908090328	-0.000131203554937062	-0.798458093491049	-0.000163490859636916	-0.000163775381112025
131000	-0.633691062053261	-0.000123155101524448	-0.000122763362641534	-0.79909678031501	-0.000155385097096591	-0.00015474641027263
132000	-0.633733189955089	-0.000125488708963249	-0.000125446581061421	-0.798986969447783	-0.000158830286545639	-0.000158940097412866
133000	-0.63391409956354	-0.000128629957619078	-0.000128449048010627	-0.799054462647859	-0.000162374976279334	-0.000162307483079259
134000	-0.634327092162692	-0.000125736415965589	-0.000125323423366437	-0.799521981149978	-0.000159440761591498	-0.000158973243089379
135000	-0.634657030805237	-0.000131646846732873	-0.000131316908090328	-0.799848883547346	-0.000163817762034284	-0.000163490859636916
136000	-0.634785944715036	-0.000123284015434246	-0.000123155101524448	-0.800027452716807	-0.000155563666266051	-0.000155385097096591
137000	-0.63488348409134	-0.000125586248339553	-0.000125488708963249	-0.799920678094756	-0.000158723511923587	-0.000158830286545639
138000	-0.635346511480802	-0.00012909298500854	-0.000128629957619078	-0.800373900942501	-0.000162828199127079	-0.000162374976279334
139000	-0.635470554747296	-0.000125860459232083	-0.000125736415965589	-0.800484028085268	-0.000159550888734265	-0.000159440761591498
140000	-0.635492694035043	-0.000131668986020621	-0.000131646846732873	-0.800801189196028	-0.000164134923145044	-0.000163817762034284
141000	-0.635741223353786	-0.000123532544752989	-0.000123284015434246	-0.800875577202859	-0.000155638054272882	-0.000155563666266051
142000	-0.636259535707508	-0.000126104560693276	-0.000125586248339553	-0.801420899487634	-0.000159268834208362	-0.000158723511923587
143000	-0.636683408185211	-0.000129516857486242	-0.00012909298500854	-0.801570940603454	-0.0001629782402429	-0.000162828199127079
144000	-0.636952368903789	-0.000126129419950661	-0.000125860459232083	-0.801701815421595	-0.000159681763552406	-0.000159550888734265
145000	-0.637090771079765	-0.000131807388196597	-0.000131668986020621	-0.801788917705105	-0.000164222025428553	-0.000164134923145044
146000	-0.637144601176545	-0.000123586374849769	-0.000123532544752989	-0.801925928268708	-0.000155775064836485	-0.000155638054272882
147000	-0.637721551015245	-0.000126681510531975	-0.000126104560693276	-0.802305205895376	-0.000159648111835031	-0.000159268834208362
148000	-0.638404895945348	-0.000130200202416345	-0.000129516857486242	-0.802651337845531	-0.000163324372193054	-0.0001629782402429
149000	-0.638501866025682	-0.000126226390030995	-0.000126129419950661	-0.802859130874818	-0.000159889556581694	-0.000159681763552406
150000	-0.638939148586248	-0.000132244670757164	-0.000131807388196597	-0.803283699158707	-0.000164646593712442	-0.000164222025428553
151000	-0.639157125687899	-0.00012380435195142	-0.000123586374849769	-0.803557657030805	-0.000156049022708584	-0.000155775064836485
152000	-0.639477702574483	-0.000127002087418559	-0.000126681510531975	-0.803959010690113	-0.000160049465494339	-0.000159648111835031
153000	-0.639852995129357	-0.000130575494971219	-0.000130200202416345	-0.803956670251123	-0.000163322031754064	-0.000163324372193054
154000	-0.639860269466759	-0.000126233664368398	-0.000126226390030995	-0.804057878423683	-0.000159990764754254	-0.000159889556581694
155000	-0.640142323992662	-0.000132526725283067	-0.000132244670757164	-0.804283762413815	-0.000164872477702574	-0.000164646593712442
156000	-0.640280915933962	-0.000123942943892719	-0.00012380435195142	-0.804390537035866	-0.000156155797330634	-0.000156049022708584
157000	-0.640496995382377	-0.000127218166866974	-0.000127002087418559	-0.804537858182048	-0.000160196786640521	-0.000160049465494339
158000	-0.640551521285344	-0.000130630020874186	-0.000130575494971219	-0.804853564425327	-0.000163637737997343	-0.000163322031754064
159000	-0.640593585932064	-0.000126275729015118	-0.000126233664368398	-0.805077740527548	-0.000160214940856474	-0.000159990764754254
160000	-0.641231576949839	-0.000133164716300841	-0.000132526725283067	-0.805277183882599	-0.000165071921057625	-0.000164872477702574
161000	-0.64144866847998	-0.000124160035422861	-0.000123942943892719	-0.805393193750395	-0.000156271807198431	-0.000156155797330634
162000	-0.641498450249858	-0.000127267948636853	-0.000127218166866974	-0.805347839838067	-0.000160151432728193	-0.000160196786640521
163000	-0.64144601176545	-0.000130577582389778	-0.000130630020874186	-0.805466632930609	-0.000163756531089886	-0.000163637737997343
164000	-0.642054905433614	-0.000126884622683281	-0.000126275729015118	-0.805389904484787	-0.000160138212410652	-0.000160214940856474
165000	-0.642556391928648	-0.000133666202795876	-0.000133164716300841	-0.80574021127206	-0.000165422227844898	-0.000165071921057625
166000	-0.643207856284395	-0.000124811499778607	-0.000124160035422861	-0.806021443481561	-0.000156553039407932	-0.000156271807198431
167000	-0.643363210829275	-0.000127423303181732	-0.000127267948636853	-0.806033335441837	-0.000160163324688469	-0.000160151432728193
168000	-0.643396672781327	-0.00013061104434183	-0.000130577582389778	-0.806042380922259	-0.000163765576570308	-0.000163756531089886
169000	-0.643652033651717	-0.000127139983553672	-0.000126884622683281	-0.806036498197229	-0.000160132329685622	-0.000160138212410652
170000	-0.644044405085711	-0.000134058574229869	-0.000133666202795876	-0.806167626035802	-0.000165553355683472	-0.000165422227844898
171000	-0.644309254222278	-0.000125076348915175	-0.000124811499778607	-0.80656663925612	-0.00015695205262825	-0.000156553039407932
172000	-0.644220570561073	-0.000127334619520526	-0.000127423303181732	-0.806215320387121	-0.00015981200581947	-0.000160163324688469
173000	-0.644259345942185	-0.000130649819722943	-0.00013061104434183	-0.806096717059903	-0.00016364697324309	-0.000163765576570308
174000	-0.644579480043013	-0.0001274601176545	-0.000127139983553672	-0.806289455373521	-0.000160325067999241	-0.000160132329685622
175000	-0.644741539629325	-0.000134220633816181	-0.000134058574229869	-0.806777848061231	-0.000166041748371181	-0.000165553355683472
176000	-0.645198494528433	-0.000125533303814283	-0.000125076348915175	-0.807151432728193	-0.000157325637295212	-0.00015695205262825
177000	-0.645449364286166	-0.000127585489278259	-0.000127334619520526	-0.807327028907584	-0.000159987601998862	-0.00015981200581947
178000	-0.645638876589285	-0.000130839332026061	-0.000130649819722943	-0.807283509393384	-0.000163603453728889	-0.00016364697324309
179000	-0.645639951926118	-0.000127461192991334	-0.0001274601176545	-0.807515529128977	-0.000160557087734835	-0.000160325067999241
180000	-0.64575286229363	-0.000134333544183693	-0.000134220633816181	-0.807580112594092	-0.000166106331836296	-0.000166041748371181
181000	-0.645867860079701	-0.000125648301600354	-0.000125533303814283	-0.807728003036245	-0.000157473527737365	-0.000157325637295212
182000	-0.64629185906762	-0.000128009488266177	-0.000127585489278259	-0.808203365171738	-0.000160462964134354	-0.000159987601998862
183000	-0.646308115630337	-0.000130855588588779	-0.000130839332026061	-0.807932949585679	-0.00016333303814283	-0.000163603453728889
184000	-0.646393003985072	-0.000127546081346068	-0.000127461192991334	-0.807980454171674	-0.00016060459232083	-0.000160557087734835
185000	-0.646884812448605	-0.000134825352647227	-0.000134333544183693	-0.808312859763426	-0.000166438737428047	-0.000166106331836296
186000	-0.647183945853628	-0.000125947435005377	-0.000125648301600354	-0.808276488076412	-0.000157437156050351	-0.000157473527737365
187000	-0.647522487190841	-0.00012834802960339	-0.000128009488266177	-0.808239041052565	-0.000160425517110506	-0.000160462964134354
188000	-0.647640521222089	-0.000130973622620027	-0.000130855588588779	-0.808169966474793	-0.000163263963565058	-0.00016333303814283
189000	-0.64794174204567	-0.00012784730216965	-0.000127546081346068	-0.808274400657853	-0.00016070902650389	-0.00016060459232083
190000	-0.648298247833513	-0.000135181858435069	-0.000134825352647227	-0.808165981402998	-0.000166330318173193	-0.000166438737428047
191000	-0.648272819280157	-0.000125922006452021	-0.000125947435005377	-0.808121386551964	-0.000157392561199317	-0.000157437156050351
192000	-0.648642418875324	-0.000128717629198558	-0.00012834802960339	-0.808278828515403	-0.000160582959073945	-0.000160425517110506
193000	-0.648822506167373	-0.000131153709912075	-0.000130973622620027	-0.8083456891644	-0.000163330824214055	-0.000163263963565058
194000	-0.649353912328421	-0.000128378708330698	-0.00012784730216965	-0.808476563982542	-0.000160839901322032	-0.00016070902650389
195000	-0.649319122019103	-0.000135147068125751	-0.000135181858435069	-0.808788664684673	-0.000166642418875325	-0.000166330318173193
196000	-0.649562084888355	-0.000126164969321272	-0.000125922006452021	-0.808981592763616	-0.000157585489278259	-0.000157392561199317
197000	-0.649708899993675	-0.000128864444303878	-0.000128717629198558	-0.80899645771396	-0.00016059782402429	-0.000160582959073945
198000	-0.650110380163198	-0.000131555190081599	-0.000131153709912075	-0.809579543298121	-0.000163913909798216	-0.000163330824214055
199000	-0.650368271237902	-0.000128636599405402	-0.000128378708330698	-0.809884749193497	-0.000161145107217408	-0.000160839901322032
200000	-0.650363969890569	-0.000135142766778417	-0.000135147068125751	-0.809918590676197	-0.000166676260358024	-0.000166642418875325
201000	-0.650837560883041	-0.000126638560313745	-0.000126164969321272	-0.810214624580935	-0.000157881523182997	-0.000157585489278259
202000	-0.651277563413246	-0.000129304446834082	-0.000128864444303878	-0.810771902081093	-0.000161155101524448	-0.00016059782402429
203000	-0.651712189259283	-0.000131989815927636	-0.000131555190081599	-0.811315516477956	-0.000164457524195079	-0.000163913909798216
204000	-0.652341893857929	-0.000129266304004048	-0.000128636599405402	-0.811843759883611	-0.000161673350623063	-0.000161145107217408
205000	-0.65270080333987	-0.000135501676260358	-0.000135142766778417	-0.811994813081156	-0.00016682731355557	-0.000166676260358024
206000	-0.653210892529572	-0.000127148649503448	-0.000126638560313745	-0.812282687076981	-0.000158169397178822	-0.000157881523182997
207000	-0.653353090012018	-0.000129446644316529	-0.000129304446834082	-0.812559997469796	-0.000161432411917262	-0.000161155101524448
208000	-0.65342482130432	-0.000132061547219938	-0.000131989815927636	-0.812853564425327	-0.000164751091150611	-0.000164457524195079
209000	-0.65380877980897	-0.000129650262508698	-0.000129266304004048	-0.813161110759694	-0.000161980896957429	-0.000161673350623063
210000	-0.654293440445316	-0.000135986336896704	-0.000135501676260358	-0.81351015244481	-0.000167176355240686	-0.00016682731355557
211000	-0.654579543298121	-0.000127434752356253	-0.000127148649503448	-0.813889240306155	-0.000158548485040167	-0.000158169397178822
212000	-0.655109178316149	-0.000129976279334556	-0.000129446644316529	-0.814299070149915	-0.000161842241761022	-0.000161432411917262
213000	-0.655169776709469	-0.000132122145613258	-0.000132061547219938	-0.814078626099057	-0.000164530647099753	-0.000164751091150611
214000	-0.655595040799545	-0.000130075526598773	-0.000129650262508698	-0.814344866847998	-0.00016224713770637	-0.000161980896957429
215000	-0.656232272756025	-0.000136623568853185	-0.000135986336896704	-0.814899487633626	-0.000167730976026314	-0.000167176355240686
216000	-0.656319881080397	-0.000127522360680625	-0.000127434752356253	-0.814781200581947	-0.000158430197988488	-0.000158548485040167
217000	-0.6561079764691	-0.000129764374723259	-0.000129976279334556	-0.814751217660826	-0.000161812258839901	-0.000161842241761022
218000	-0.656224302612436	-0.000132238471756595	-0.000132122145613258	-0.814991966601303	-0.00016477139604023	-0.000164530647099753
219000	-0.656611487127586	-0.000130462711113922	-0.000130075526598773	-0.815556265418433	-0.000162811436523499	-0.00016224713770637
220000	-0.656847808210513	-0.000136859889936112	-0.000136623568853185	-0.815785944715036	-0.000167960655322917	-0.000167730976026314
221000	-0.656774242520084	-0.000127448794990196	-0.000127522360680625	-0.815710354861155	-0.000158354608134607	-0.000158430197988488
222000	-0.657097033335442	-0.000130087165538617	-0.000129764374723259	-0.816067935985831	-0.000162169839964577	-0.000161812258839901
223000	-0.657307293313935	-0.000132448731735087	-0.000132238471756595	-0.816059902587134	-0.000164763362641533	-0.00016477139604023
224000	-0.657406350812828	-0.000130561768612816	-0.000130462711113922	-0.816017015624012	-0.000162768549560377	-0.000162811436523499
225000	-0.657430830539566	-0.00013688436966285	-0.000136859889936112	-0.816030805237523	-0.000167974444936429	-0.000167960655322917
226000	-0.657485672718072	-0.000127503637168701	-0.000127448794990196	-0.815740907078247	-0.000158064709975331	-0.000158354608134607
227000	-0.657697703839585	-0.00013029919666013	-0.000130087165538617	-0.815711430197989	-0.00016214036308432	-0.000162169839964577
228000	-0.65847574166614	-0.000133226769561642	-0.000132448731735087	-0.816272376494402	-0.000165324308937947	-0.000164763362641533
229000	-0.658858561578847	-0.000130944588525524	-0.000130561768612816	-0.8166913783288	-0.000163187551394775	-0.000162768549560377
230000	-0.6589629325068	-0.000136988740590803	-0.00013688436966285	-0.816684926307799	-0.000167967992915428	-0.000167974444936429
231000	-0.659006894806756	-0.000127547599468657	-0.000127503637168701	-0.816892719337087	-0.000158272503004618	-0.000158064709975331
232000	-0.659531975457018	-0.000130824277310392	-0.00013029919666013	-0.817436713264596	-0.000162684357011829	-0.00016214036308432
233000	-0.66006236953634	-0.000133757163640964	-0.000133226769561642	-0.817642418875324	-0.000165530014548675	-0.000165324308937947
234000	-0.66045866278702	-0.000131340881776203	-0.000130944588525524	-0.817689986716427	-0.000163235119235878	-0.000163187551394775
235000	-0.660411980517427	-0.000136942058321209	-0.000136988740590803	-0.817852742108925	-0.000168130748307926	-0.000167967992915428
236000	-0.660740148016952	-0.000127875766968183	-0.000127547599468657	-0.818322917325574	-0.000158742678221267	-0.000158272503004618
237000	-0.66105383009678	-0.000131137959390221	-0.000130824277310392	-0.81840040483269	-0.000162761844518945	-0.000162684357011829
238000	-0.661134100828642	-0.000133837434372826	-0.000133757163640964	-0.818374090707825	-0.000165503700423809	-0.000165530014548675
239000	-0.661325257764565	-0.000131532038712126	-0.000131340881776203	-0.818557593775697	-0.000163418622303751	-0.000163235119235878
240000	-0.661650262508698	-0.000137267063065342	-0.000136942058321209	-0.818833006515276	-0.000168406161047505	-0.000168130748307926
241000	-0.661726548168765	-0.00012795205262825	-0.000127875766968183	-0.819029856410905	-0.000158939528116895	-0.000158742678221267
242000	-0.661881459927889	-0.000131292871149345	-0.000131137959390221	-0.819205009804542	-0.000162936997912581	-0.000162761844518945
243000	-0.662132076665191	-0.000134088051110127	-0.000133837434372826	-0.819497627933456	-0.000165796318552723	-0.000165503700423809
244000	-0.662444177367322	-0.000131844139414258	-0.000131532038712126	-0.819883673856664	-0.000163804668226959	-0.000163418622303751
245000	-0.662874565121134	-0.000137697450819153	-0.000137267063065342	-0.820124486052249	-0.000168646973243089	-0.000168406161047505
246000	-0.663239420583212	-0.000128316908090328	-0.00012795205262825	-0.820270099310519	-0.000159085141375166	-0.000158939528116895
247000	-0.663332279081536	-0.000131385729647669	-0.000131292871149345	-0.820395028148523	-0.000163061926750585	-0.000162936997912581
248000	-0.663718894300715	-0.000134474666329306	-0.000134088051110127	-0.820659624264659	-0.000166060914668859	-0.000165796318552723
249000	-0.663496995382377	-0.00013162224049592	-0.000131844139414258	-0.820455626541843	-0.000163600670504143	-0.000163804668226959
250000	-0.66366930229616	-0.000137869757732937	-0.000137697450819153	-0.820913720032893	-0.000169105066734139	-0.000168646973243089
