Distance from Center (cmd=annotatePeaks.pl /expanse/lustre/projects/csd940/ctea/homer/homer_scripts/reference_peaks/CTCF.bed mm10 -size 500000 -hist 1000 -bedGraph /expanse/lustre/projects/csd940/ctea/homer/bwt2_bam/tags/ctrl_M3/tagdirs/tagdirs.DLR.bedGraph /expanse/lustre/projects/csd940/ctea/homer/bwt2_bam/tags/mut_M3/tagdirs/tagdirs.DLR.bedGraph)	/expanse/lustre/projects/csd940/ctea/homer/bwt2_bam/tags/ctrl_M3/tagdirs/tagdirs.DLR.bedGraph Coverage	/expanse/lustre/projects/csd940/ctea/homer/bwt2_bam/tags/ctrl_M3/tagdirs/tagdirs.DLR.bedGraph + Tags	/expanse/lustre/projects/csd940/ctea/homer/bwt2_bam/tags/ctrl_M3/tagdirs/tagdirs.DLR.bedGraph - Tags	/expanse/lustre/projects/csd940/ctea/homer/bwt2_bam/tags/mut_M3/tagdirs/tagdirs.DLR.bedGraph Coverage	/expanse/lustre/projects/csd940/ctea/homer/bwt2_bam/tags/mut_M3/tagdirs/tagdirs.DLR.bedGraph + Tags	/expanse/lustre/projects/csd940/ctea/homer/bwt2_bam/tags/mut_M3/tagdirs/tagdirs.DLR.bedGraph - Tags
-250000	-1.00609988610829	-0.000205224089635854	-0.000205005140517745	-1.05392741712069	-0.000214564687413427	-0.000214413026749161
-249000	-1.00611946316988	-0.000202228768430449	-0.000202209191368855	-1.05384566134146	-0.000211898974974605	-0.00021198073075384
-248000	-1.00633708868163	-0.000202538707790809	-0.000202321082279065	-1.05416535845107	-0.000212136454581833	-0.00021181675747222
-247000	-1.00663776279743	-0.000197857081294056	-0.000197556407178255	-1.05477067750177	-0.000207974112722013	-0.000207368793671315
-246000	-1.00685351063502	-0.000199004863483855	-0.000198789115646259	-1.05511644657863	-0.000208542216886754	-0.000208196447809893
-245000	-1.00686145227322	-0.000205232031274048	-0.000205224089635854	-1.05532566872903	-0.000214773909563825	-0.000214564687413427
-244000	-1.00724951519069	-0.000202616831347924	-0.000202228768430449	-1.05538664696648	-0.000211959953212054	-0.000211898974974605
-243000	-1.00776747622126	-0.000203056668821375	-0.000202538707790809	-1.05572231969711	-0.000212472127312463	-0.000212136454581833
-242000	-1.00847145011851	-0.000198561055191307	-0.000197857081294056	-1.05620906824268	-0.000208460861267584	-0.000207974112722013
-241000	-1.00840293040293	-0.000198936343768277	-0.000199004863483855	-1.05612915935605	-0.000208462308000123	-0.000208542216886754
-240000	-1.00854951211254	-0.000205378612983655	-0.000205232031274048	-1.05651208175578	-0.000215156831963555	-0.000214773909563825
-239000	-1.00852771877982	-0.000202595038015206	-0.000202616831347924	-1.05659691568935	-0.000212044787145627	-0.000211959953212054
-238000	-1.00862126389017	-0.000203150213931727	-0.000203056668821375	-1.05688533875088	-0.000212760550373995	-0.000212472127312463
-237000	-1.00917166866747	-0.000199111459968603	-0.000198561055191307	-1.05751075814941	-0.000209086280666112	-0.000208460861267584
-236000	-1.00908544956444	-0.000198850124665251	-0.000198936343768277	-1.05740117585496	-0.000208352725705667	-0.000208462308000123
-235000	-1.009351894604	-0.000205645058023209	-0.000205378612983655	-1.05755505279035	-0.000215310708898944	-0.000215156831963555
-234000	-1.00948262381876	-0.000202725767229969	-0.000202595038015206	-1.05736731615723	-0.000211857050512512	-0.000212044787145627
-233000	-1.00991341151845	-0.000203581001631422	-0.000203150213931727	-1.05766146458583	-0.000213054698802598	-0.000212760550373995
-232000	-1.0104459014375	-0.000199643949887648	-0.000199111459968603	-1.05791553544495	-0.000209340351525225	-0.000209086280666112
-231000	-1.01046760242559	-0.00019887182565334	-0.000198850124665251	-1.05780192076831	-0.000208239111029028	-0.000208352725705667
-230000	-1.0108312863607	-0.000206008741958321	-0.000205645058023209	-1.05793874472866	-0.000215447532859297	-0.000215310708898944
-229000	-1.01108043217287	-0.000202974913042141	-0.000202725767229969	-1.05847108073999	-0.00021238938652384	-0.000211857050512512
-228000	-1.01135552682611	-0.000203856096284667	-0.000203581001631422	-1.05892135315665	-0.000213504971219258	-0.000213054698802598
-227000	-1.01143226521378	-0.00019972068827531	-0.000199643949887648	-1.05886748545572	-0.000209286483824299	-0.000209340351525225
-226000	-1.01156471819497	-0.000199004278634531	-0.00019887182565334	-1.05879576445963	-0.000208167390032936	-0.000208239111029028
-225000	-1.01200446332379	-0.000206448487087143	-0.000206008741958321	-1.05882239049466	-0.000215474158894327	-0.000215447532859297
-224000	-1.01209342198418	-0.000203063871702527	-0.000202974913042141	-1.05906193246529	-0.000212628928494474	-0.00021238938652384
-223000	-1.01234841628959	-0.000204111090590082	-0.000203856096284667	-1.05947280450642	-0.000213915843260382	-0.000213504971219258
-222000	-1.01245639794379	-0.00019982866992951	-0.00019972068827531	-1.05934786222181	-0.000209161541539693	-0.000209286483824299
-221000	-1.0124959214455	-0.000199043802136239	-0.000199004278634531	-1.05922202727245	-0.000208041555083572	-0.000208167390032936
-220000	-1.01258417213039	-0.000206536737772032	-0.000206448487087143	-1.05944664019454	-0.000215698771816418	-0.000215474158894327
-219000	-1.01307356788869	-0.00020355326746083	-0.000203063871702527	-1.05989571213101	-0.000213078000430941	-0.000212628928494474
-218000	-1.01358755810016	-0.000204625080801552	-0.000204111090590082	-1.06026062732785	-0.000214280758457228	-0.000213915843260382
-217000	-1.01354249392065	-0.000199783605749992	-0.00019982866992951	-1.06037451903838	-0.000209275433250224	-0.000209161541539693
-216000	-1.01374032689999	-0.000199241635115584	-0.000199043802136239	-1.06049456705759	-0.00020816160310278	-0.000208041555083572
-215000	-1.01386810108659	-0.00020666451195863	-0.000206536737772032	-1.06036743928341	-0.000215571644042232	-0.000215698771816418
-214000	-1.01397103456767	-0.000203656200941915	-0.00020355326746083	-1.06031270969926	-0.000213023270846801	-0.000213078000430941
-213000	-1.01463610059408	-0.000205290146827962	-0.000204625080801552	-1.06067356173239	-0.00021464161049035	-0.000214280758457228
-212000	-1.0147640286884	-0.000199911533844307	-0.000199783605749992	-1.06109730045865	-0.000209699171976483	-0.000209275433250224
-211000	-1.01481663434605	-0.000199294240773232	-0.000199241635115584	-1.06127420198849	-0.000208338504632622	-0.00020816160310278
-210000	-1.01482565333826	-0.000206673530950843	-0.00020666451195863	-1.06146110751993	-0.000215758549573676	-0.000215571644042232
-209000	-1.01498500938837	-0.000203815556992028	-0.000203656200941915	-1.06168433527257	-0.000213246498599439	-0.000213023270846801
-208000	-1.01536334533814	-0.000205668482777727	-0.000205290146827962	-1.0617731092437	-0.000214730384461477	-0.00021464161049035
-207000	-1.01564841321144	-0.00020019660171761	-0.000199911533844307	-1.06192603195124	-0.000209852094684027	-0.000209699171976483
-206000	-1.01596567857912	-0.000199611506140918	-0.000199294240773232	-1.0622480992397	-0.000208660571921076	-0.000208338504632622
-205000	-1.0159127343245	-0.000206620586696217	-0.000206673530950843	-1.06210428786899	-0.000215614738202974	-0.000215758549573676
-204000	-1.01606110136362	-0.000203963924031152	-0.000203815556992028	-1.06233114784375	-0.000213473358574199	-0.000213246498599439
-203000	-1.01621627112383	-0.000205823652537938	-0.000205668482777727	-1.06244808692708	-0.000214847323544803	-0.000214730384461477
-202000	-1.01628716101825	-0.00020026749161203	-0.00020019660171761	-1.06248250069258	-0.000209886508449532	-0.000209852094684027
-201000	-1.016650937298	-0.000199975282420661	-0.000199611506140918	-1.06290765536984	-0.000209085726598332	-0.000208660571921076
-200000	-1.01663665466186	-0.000206606304060086	-0.000206620586696217	-1.06321587096377	-0.000215922953796904	-0.000215614738202974
-199000	-1.01664274940746	-0.000203970018776741	-0.000203963924031152	-1.06315818635146	-0.000213415673961893	-0.000213473358574199
-198000	-1.01664259549974	-0.000205823498630221	-0.000205823652537938	-1.06318305783852	-0.000214872195031859	-0.000214847323544803
-197000	-1.01661359928587	-0.00020023849539816	-0.00020026749161203	-1.06302554868101	-0.000209728999292024	-0.000209886508449532
-196000	-1.01694339274171	-0.000200305075876505	-0.000199975282420661	-1.06310884353741	-0.000209169021454735	-0.000209085726598332
-195000	-1.0171154307877	-0.000206778342106073	-0.000206606304060086	-1.06293606673439	-0.000215750176993873	-0.000215922953796904
-194000	-1.01750300120048	-0.000204357589189523	-0.000203970018776741	-1.0632527164712	-0.00021373232369871	-0.000213415673961893
-193000	-1.01767223812602	-0.000205992735555761	-0.000205823498630221	-1.06349958444916	-0.00021511906300982	-0.000214872195031859
-192000	-1.01801295902977	-0.000200579216301904	-0.00020023849539816	-1.06371013020593	-0.000209939545048789	-0.000209728999292024
-191000	-1.01828842306153	-0.000200580539908271	-0.000200305075876505	-1.06382574568289	-0.000209284636931696	-0.000209169021454735
-190000	-1.01838221442423	-0.000206872133468772	-0.000206778342106073	-1.06378677624896	-0.000215711207559946	-0.000215750176993873
-189000	-1.01858124788377	-0.000204556622649059	-0.000204357589189523	-1.06374697571336	-0.000213692523163112	-0.00021373232369871
-188000	-1.01862511158309	-0.000206036599255087	-0.000205992735555761	-1.06366774402069	-0.000215039831317142	-0.00021511906300982
-187000	-1.01884523039985	-0.000200799335118663	-0.000200579216301904	-1.06363970203466	-0.000209911503062764	-0.000209939545048789
-186000	-1.01910241019485	-0.000200837719703265	-0.000200580539908271	-1.06391199556746	-0.000209556930464494	-0.000209284636931696
-185000	-1.0193946809493	-0.000207164404223228	-0.000206872133468772	-1.06392803275156	-0.000215727244744052	-0.000215711207559946
-184000	-1.01949601379013	-0.000204657955489888	-0.000204556622649059	-1.06424732970111	-0.000214011820112661	-0.000213692523163112
-183000	-1.01963373041524	-0.000206174315880197	-0.000206036599255087	-1.06440222242743	-0.000215194724043463	-0.000215039831317142
-182000	-1.01970742143011	-0.000200873026133531	-0.000200799335118663	-1.06465087573491	-0.000210160156370241	-0.000209911503062764
-181000	-1.01995216548158	-0.000201082463754733	-0.000200837719703265	-1.06494908732724	-0.000209855142056823	-0.000209556930464494
-180000	-1.02020482038969	-0.000207417059131345	-0.000207164404223228	-1.06525607165943	-0.000216034229076245	-0.000215727244744052
-179000	-1.02038052143934	-0.000204833656539539	-0.000204657955489888	-1.06514301105057	-0.000213898759503801	-0.000214011820112661
-178000	-1.02043149567519	-0.000206225290116046	-0.000206174315880197	-1.06519096869517	-0.00021524268168806	-0.000215194724043463
-177000	-1.0203346569397	-0.000200776187398036	-0.000200873026133531	-1.06525385538831	-0.00021022304306338	-0.000210160156370241
-176000	-1.02075396312371	-0.000201501769938744	-0.000201082463754733	-1.06559525348601	-0.000210196540154524	-0.000209855142056823
-175000	-1.02106260965925	-0.000207725705666883	-0.000207417059131345	-1.06590466956013	-0.000216343645150368	-0.000216034229076245
-174000	-1.02118930649183	-0.000204960353372118	-0.000204833656539539	-1.0660367531628	-0.000214030843106473	-0.000213898759503801
-173000	-1.02122833748884	-0.00020626432111306	-0.000206225290116046	-1.06606150152369	-0.000215267430048943	-0.00021524268168806
-172000	-1.02145778311325	-0.00020100563302244	-0.000200776187398036	-1.06648508634223	-0.000210646627881921	-0.00021022304306338
-171000	-1.02148742573953	-0.000201531412565025	-0.000201501769938744	-1.0664649859944	-0.000210176439806692	-0.000210196540154524
-170000	-1.02134613845538	-0.000207584418382738	-0.000207725705666883	-1.06651866900606	-0.000216397328162034	-0.000216343645150368
-169000	-1.02136980946225	-0.000204984024378983	-0.000204960353372118	-1.06632449903038	-0.000213836673130792	-0.000214030843106473
-168000	-1.02134776987718	-0.000206242281527996	-0.00020626432111306	-1.06631911226029	-0.00021526204327885	-0.000215267430048943
-167000	-1.02184720041863	-0.000201505063563888	-0.00020100563302244	-1.06664271862591	-0.000210970234247546	-0.000210646627881921
-166000	-1.02189300335519	-0.000201577215501586	-0.000201531412565025	-1.06668565887894	-0.000210219380059716	-0.000210176439806692
-165000	-1.02213500784929	-0.000207826422876843	-0.000207584418382738	-1.06664007141318	-0.000216351740696278	-0.000216397328162034
-164000	-1.02185606550312	-0.000204705082032813	-0.000204984024378983	-1.06658398744113	-0.000213780589158741	-0.000213836673130792
-163000	-1.02219518576661	-0.000206581401791486	-0.000206242281527996	-1.06683473389356	-0.000215512789731277	-0.00021526204327885
-162000	-1.02249441314988	-0.000201804290947148	-0.000201505063563888	-1.06727958875858	-0.000211415089112568	-0.000210970234247546
-161000	-1.02245842952566	-0.000201541231877366	-0.000201577215501586	-1.06740219164589	-0.000210341982947025	-0.000210219380059716
-160000	-1.02247859143657	-0.000207846584787761	-0.000207826422876843	-1.06737073290855	-0.000216320281958938	-0.000216351740696278
-159000	-1.02258287930557	-0.000204809369901808	-0.000204705082032813	-1.06736229876566	-0.000213772155015853	-0.000213780589158741
-158000	-1.02280650721827	-0.00020680502970419	-0.000206581401791486	-1.06754541816727	-0.000215695909132884	-0.000215512789731277
-157000	-1.02286677748022	-0.000201864561209098	-0.000201804290947148	-1.06748246991104	-0.000211352140856343	-0.000211415089112568
-156000	-1.02319164588912	-0.000201866100286269	-0.000201541231877366	-1.06790411549235	-0.000210763628528335	-0.000210341982947025
-155000	-1.02344901037338	-0.000208103949272017	-0.000207846584787761	-1.06827118539724	-0.000216687351863823	-0.000216320281958938
-154000	-1.02365515436944	-0.000205015513897867	-0.000204809369901808	-1.0684293717487	-0.000213930341367316	-0.000213772155015853
-153000	-1.0238715178379	-0.000207021393172653	-0.00020680502970419	-1.06861181395635	-0.000215878351340536	-0.000215695909132884
-152000	-1.02422285837412	-0.000202215901745313	-0.000201864561209098	-1.06878643765198	-0.000211526764551975	-0.000211352140856343
-151000	-1.02451146612491	-0.000202154708037061	-0.000201866100286269	-1.06918234986302	-0.000211159540739373	-0.000210763628528335
-150000	-1.02487998276234	-0.000208472465909441	-0.000208103949272017	-1.06953910795087	-0.000217044109951672	-0.000216687351863823
-149000	-1.02526958475698	-0.00020540511589251	-0.000205015513897867	-1.06984270631329	-0.000214233939729738	-0.000213930341367316
-148000	-1.02521762551174	-0.000206969433927418	-0.000207021393172653	-1.07006965863268	-0.000216105303659925	-0.000215878351340536
-147000	-1.02547976113522	-0.000202478037368794	-0.000202215901745313	-1.07018315018315	-0.000211640256102441	-0.000211526764551975
-146000	-1.02575596392403	-0.000202430910825868	-0.000202154708037061	-1.07032028195894	-0.00021129667251516	-0.000211159540739373
-145000	-1.02612069443162	-0.000208837196417029	-0.000208472465909441	-1.07078357496845	-0.000217507402961184	-0.000217044109951672
-144000	-1.02629193215748	-0.00020557635361837	-0.00020540511589251	-1.07100812632745	-0.000214458491088743	-0.000214233939729738
-143000	-1.02658937421122	-0.000207266875981161	-0.000206969433927418	-1.07133671930311	-0.000216433896635577	-0.000216105303659925
-142000	-1.02684932434512	-0.000202737987502693	-0.000202478037368794	-1.07168331948164	-0.000211986856280974	-0.000211640256102441
-141000	-1.02724979222458	-0.000202831378705328	-0.000202430910825868	-1.07180816942161	-0.000211421522455136	-0.00021129667251516
-140000	-1.02751506756549	-0.000209102471757934	-0.000208837196417029	-1.07213334564595	-0.000217832579185521	-0.000217507402961184
-139000	-1.0276888293779	-0.000205750115430788	-0.00020557635361837	-1.07241407332164	-0.000214739218764428	-0.000214458491088743
-138000	-1.02799507495306	-0.000207573121556315	-0.000207266875981161	-1.07285957459907	-0.000216879397913011	-0.000216433896635577
-137000	-1.02821473204666	-0.000202957644596301	-0.000202737987502693	-1.07298205436021	-0.00021210933604211	-0.000211986856280974
-136000	-1.02842143011051	-0.000203038076769169	-0.000202831378705328	-1.07305534521501	-0.000211494813309939	-0.000211421522455136
-135000	-1.02850614091791	-0.000209187182565334	-0.000209102471757934	-1.0732883307169	-0.000218065564687413	-0.000217832579185521
-134000	-1.02856382553021	-0.000205807800043093	-0.000205750115430788	-1.07327481761936	-0.000214725705666882	-0.000214739218764428
-133000	-1.02873247760643	-0.000207741773632529	-0.000207573121556315	-1.07342084526118	-0.000217025425554838	-0.000216879397913011
-132000	-1.02890679348663	-0.000203131960476499	-0.000202957644596301	-1.0736446270816	-0.00021233311786253	-0.00021210933604211
-131000	-1.0290758457229	-0.000203207129005448	-0.000203038076769169	-1.07392464678179	-0.000211774833010127	-0.000211494813309939
-130000	-1.02930498353187	-0.000209416320374304	-0.000209187182565334	-1.07402240896359	-0.00021816332686921	-0.000218065564687413
-129000	-1.02971813340721	-0.00020622094991843	-0.000205807800043093	-1.07419478560655	-0.000214898082309847	-0.000214725705666882
-128000	-1.02976987718164	-0.000207793517406963	-0.000207741773632529	-1.07413934804691	-0.000216969987995199	-0.000217025425554838
-127000	-1.03033019361591	-0.000203692276910765	-0.000203131960476499	-1.07434718502786	-0.000212540954843475	-0.00021233311786253
-126000	-1.03053732262136	-0.000203414258010896	-0.000203207129005448	-1.07478354418691	-0.000212211192169176	-0.000211774833010127
-125000	-1.03067063748576	-0.000209549635238711	-0.000209416320374304	-1.07488152183951	-0.000218261304521809	-0.00021816332686921
-124000	-1.0311405485271	-0.000206690860959769	-0.00020622094991843	-1.07507196724844	-0.00021508852771878	-0.000214898082309847
-123000	-1.03135134053621	-0.000208004309416075	-0.000207793517406963	-1.07497134238311	-0.000216869363129868	-0.000216969987995199
-122000	-1.03179188598516	-0.000204132822359713	-0.000203692276910765	-1.07542663219134	-0.000212996244651707	-0.000212540954843475
-121000	-1.03202265521593	-0.000203645027241666	-0.000203414258010896	-1.07547249669098	-0.000212257056668821	-0.000212211192169176
-120000	-1.03229694954905	-0.000209823929571829	-0.000209549635238711	-1.075473574045	-0.000218262381875827	-0.000218261304521809
-119000	-1.03252162403423	-0.000206915535444948	-0.000206690860959769	-1.07562160248715	-0.000215236556160926	-0.00021508852771878
-118000	-1.03241749007295	-0.000207900175454798	-0.000208004309416075	-1.07527829593376	-0.000216526056576477	-0.000216869363129868
-117000	-1.03288022901468	-0.000204595561301444	-0.000204132822359713	-1.07572472065749	-0.000213442669375442	-0.000212996244651707
-116000	-1.0329948902638	-0.000203759688490781	-0.000203645027241666	-1.07570366608182	-0.000212236002093144	-0.000212257056668821
-115000	-1.03309613076	-0.000209925170068027	-0.000209823929571829	-1.0756529996614	-0.000218211715455413	-0.000218262381875827
-114000	-1.03307547634438	-0.000206894881029335	-0.000206915535444948	-1.07577046203097	-0.000215354018530489	-0.000215236556160926
-113000	-1.0330114199526	-0.00020783611906301	-0.000207900175454798	-1.07577578723797	-0.000216531381783482	-0.000216526056576477
-112000	-1.03324120417398	-0.000204825345522824	-0.000204595561301444	-1.07614076399791	-0.000213807646135377	-0.000213442669375442
-111000	-1.03352630282882	-0.000204044787145627	-0.000203759688490781	-1.076242281528	-0.000212337519623233	-0.000212236002093144
-110000	-1.03334823160033	-0.000209747098839535	-0.000209925170068027	-1.07603296703297	-0.000218002400960384	-0.000218211715455413
-109000	-1.03323671006864	-0.000206783359497645	-0.000206894881029335	-1.07592680148983	-0.000215247852987349	-0.000215354018530489
-108000	-1.03307997044972	-0.000207679379444085	-0.00020783611906301	-1.07585840490042	-0.000216462985194077	-0.000216531381783482
-107000	-1.03335112506541	-0.000205096500138516	-0.000204825345522824	-1.07610090189922	-0.000214050143134177	-0.000213807646135377
-106000	-1.03339942130698	-0.000204093083387202	-0.000204044787145627	-1.07647936097516	-0.000212715978699171	-0.000212337519623233
-105000	-1.03351368239604	-0.000209861359928587	-0.000209747098839535	-1.07660470341983	-0.000218127743405055	-0.000218002400960384
-104000	-1.03371231569551	-0.000206981992797119	-0.000206783359497645	-1.07668156493367	-0.000215324714501185	-0.000215247852987349
-103000	-1.03388182965494	-0.000207848893403515	-0.000207679379444085	-1.07671305445255	-0.000216494474712963	-0.000216462985194077
-102000	-1.034087973651	-0.000205302644134577	-0.000205096500138516	-1.07679742666297	-0.0002141345153446	-0.000214050143134177
-101000	-1.03410524209684	-0.00020411035183304	-0.000204093083387202	-1.07688204512574	-0.000212800597161942	-0.000212715978699171
-100000	-1.03415476960015	-0.000209910887431896	-0.000209861359928587	-1.07710718133407	-0.000218352879613383	-0.000218127743405055
-99000	-1.03424791455044	-0.000207075137747406	-0.000206981992797119	-1.07735134053621	-0.000215568873703327	-0.000215324714501185
-98000	-1.03445528980823	-0.00020805626866131	-0.000207848893403515	-1.07760962846677	-0.000216752762643519	-0.000216494474712963
-97000	-1.03449370517438	-0.000205341059500724	-0.000205302644134577	-1.07758374118878	-0.000214108628066611	-0.0002141345153446
-96000	-1.0349276325915	-0.000204544279250162	-0.00020411035183304	-1.07780896974174	-0.000213025825714902	-0.000212800597161942
-95000	-1.03549207375258	-0.000210475328592975	-0.000209910887431896	-1.07826469049158	-0.000218808600363222	-0.000218352879613383
-94000	-1.03584575368609	-0.000207428817680919	-0.000207075137747406	-1.07871930310586	-0.000216023486317605	-0.000215568873703327
-93000	-1.03606116292671	-0.000208271677901931	-0.00020805626866131	-1.07882842367716	-0.000216861883214824	-0.000216752762643519
-92000	-1.03600606396405	-0.000205285960538062	-0.000205341059500724	-1.07886203712254	-0.000214142241511989	-0.000214108628066611
-91000	-1.03637421122295	-0.000204912426509065	-0.000204544279250162	-1.07894354664943	-0.000213107335241789	-0.000213025825714902
-90000	-1.03683294856404	-0.000210934065934066	-0.000210475328592975	-1.07932345245791	-0.0002191885061717	-0.000218808600363222
-89000	-1.03730193615908	-0.000207897805275956	-0.000207428817680919	-1.07976710684274	-0.000216467140702435	-0.000216023486317605
-88000	-1.03757783113245	-0.000208547572875304	-0.000208271677901931	-1.08015279958137	-0.000217247575953458	-0.000216861883214824
-87000	-1.03782688459999	-0.000205535014005603	-0.000205285960538062	-1.08063490011389	-0.00021462434204451	-0.000214142241511989
-86000	-1.03827460214855	-0.000205360144057623	-0.000204912426509065	-1.08111967864069	-0.000213592113768585	-0.000213107335241789
-85000	-1.03877594114569	-0.000211435404931204	-0.000210934065934066	-1.08142838673931	-0.000219497214270323	-0.0002191885061717
-84000	-1.0392522855296	-0.000208374149659864	-0.000207897805275956	-1.08169532428356	-0.000216734078246684	-0.000216467140702435
-83000	-1.03953855388309	-0.000208833841228799	-0.000208547572875304	-1.08176436728538	-0.000217316618955275	-0.000217247575953458
-82000	-1.03994228460615	-0.000205938744728661	-0.000205535014005603	-1.0822094376212	-0.000215069412380337	-0.00021462434204451
-81000	-1.04011293748269	-0.000205530796934157	-0.000205360144057623	-1.08260325668729	-0.000213985932834672	-0.000213592113768585
-80000	-1.04036931695755	-0.00021169178440607	-0.000211435404931204	-1.08282466832887	-0.000219718625911902	-0.000219497214270323
-79000	-1.04065663188352	-0.000208661464585834	-0.000208374149659864	-1.08324151198941	-0.000217150921907224	-0.000216734078246684
-78000	-1.04086794717887	-0.000209045156524149	-0.000208833841228799	-1.08353892326161	-0.000217614030227475	-0.000217316618955275
-77000	-1.04155994705575	-0.000206630744605535	-0.000205938744728661	-1.08391882907009	-0.000215449318188815	-0.000215069412380337
-76000	-1.04173047680611	-0.00020570132668452	-0.000205530796934157	-1.08406254809616	-0.000214129651860744	-0.000213985932834672
-75000	-1.04179875026934	-0.000211760057869301	-0.00021169178440607	-1.0840451257426	-0.000219701203558346	-0.000219718625911902
-74000	-1.04213454612614	-0.000208997260442639	-0.000208661464585834	-1.08426281281743	-0.000217368608982055	-0.000217150921907224
-73000	-1.04229999692185	-0.000209210607319851	-0.000209045156524149	-1.0844644934897	-0.000217815710899745	-0.000217614030227475
-72000	-1.04281146304676	-0.000207142210730446	-0.000206630744605535	-1.08485034013605	-0.000215835164835165	-0.000215449318188815
-71000	-1.04312641979869	-0.000206016283436451	-0.00020570132668452	-1.08481118601287	-0.000214090497737556	-0.000214129651860744
-70000	-1.04321833348724	-0.000211851971557853	-0.000211760057869301	-1.08524588296857	-0.000220135900514052	-0.000219701203558346
-69000	-1.04346098439376	-0.000209239911349155	-0.000208997260442639	-1.08542186105211	-0.000217544587065595	-0.000217368608982055
-68000	-1.0435566534306	-0.000209306276356696	-0.000209210607319851	-1.0855969464709	-0.000217990796318527	-0.000217815710899745
-67000	-1.04407923169268	-0.000207664788992521	-0.000207142210730446	-1.08623295472035	-0.000216471173084618	-0.000215835164835165
-66000	-1.04436980946225	-0.000206306861206021	-0.000206016283436451	-1.08647468218056	-0.000214332225197771	-0.000214090497737556
-65000	-1.04456801182011	-0.00021205017391572	-0.000211851971557853	-1.08660242558562	-0.000220263643919106	-0.000220135900514052
-64000	-1.04503373657155	-0.000209705636100594	-0.000209239911349155	-1.08683870471265	-0.00021778086619263	-0.000217544587065595
-63000	-1.04554200141595	-0.000209814541201096	-0.000209306276356696	-1.08728602210115	-0.000218438113707021	-0.000217990796318527
-62000	-1.04599215070644	-0.000208114938283005	-0.000207664788992521	-1.08774663711639	-0.000216931788099855	-0.000216471173084618
-61000	-1.04627663373042	-0.00020659134423	-0.000206306861206021	-1.08808184812386	-0.000214667436205251	-0.000214332225197771
-60000	-1.04643956043956	-0.000212213100624865	-0.00021205017391572	-1.08856887370333	-0.000220750669498569	-0.000220263643919106
-59000	-1.0469765136824	-0.00021024258934343	-0.000209705636100594	-1.08912171022255	-0.000218333702711854	-0.00021778086619263
-58000	-1.04726893834457	-0.000210106965863269	-0.000209814541201096	-1.08944303875396	-0.000218759442238434	-0.000218438113707021
-57000	-1.04791024101948	-0.000208756240957921	-0.000208114938283005	-1.09002791885985	-0.000217516668205744	-0.000216931788099855
-56000	-1.04832603810755	-0.000207007141318065	-0.00020659134423	-1.09064865946379	-0.000215288176809184	-0.000214667436205251
-55000	-1.04888798596362	-0.000212775048480931	-0.000212213100624865	-1.09101157386031	-0.000221113583895097	-0.000220750669498569
-54000	-1.04956582633053	-0.000210920429710345	-0.00021024258934343	-1.09177858835842	-0.000219100717209961	-0.000218333702711854
-53000	-1.05006316372703	-0.000210604303259765	-0.000210106965863269	-1.09219300027703	-0.000219173854157048	-0.000218759442238434
-52000	-1.0508040446948	-0.000209497121925694	-0.000208756240957921	-1.09278809985533	-0.000218111767784036	-0.000217516668205744
-51000	-1.05135032474528	-0.000207553421368547	-0.000207007141318065	-1.09343715947918	-0.000215937236433035	-0.000215288176809184
-50000	-1.05183027056977	-0.000213254994305415	-0.000212775048480931	-1.09406017791732	-0.000221736602333241	-0.000221113583895097
-49000	-1.05242580108967	-0.000211515960230246	-0.000210920429710345	-1.09487887462677	-0.000219919413919414	-0.000219100717209961
-48000	-1.05301037338012	-0.000211188875550219	-0.000210604303259765	-1.09555009696186	-0.000219845076492135	-0.000219173854157048
-47000	-1.05373084618463	-0.0002102175947302	-0.000209497121925694	-1.09635192538554	-0.000218913596207713	-0.000218111767784036
-46000	-1.05439437313387	-0.000208216948317789	-0.000207553421368547	-1.09702345553606	-0.000216608766583557	-0.000215937236433035
-45000	-1.05492224582141	-0.000213782866992951	-0.000213254994305415	-1.09747431280204	-0.000222187459599224	-0.000221736602333241
-44000	-1.05562868224213	-0.000212222396650969	-0.000211515960230246	-1.0982131929695	-0.000220658294086865	-0.000219919413919414
-43000	-1.05664496567858	-0.000212205158986671	-0.000211188875550219	-1.09896377012343	-0.000220595653646074	-0.000219845076492135
-42000	-1.05737205651491	-0.000210944685566535	-0.0002102175947302	-1.09955385231015	-0.000219503678394435	-0.000218913596207713
-41000	-1.05846895681349	-0.00020931384861637	-0.000208216948317789	-1.10048096161542	-0.000217535875888816	-0.000216608766583557
-40000	-1.0593930495275	-0.00021470695970696	-0.000213782866992951	-1.10143297318928	-0.000223139471173085	-0.000222187459599224
-39000	-1.06015122972266	-0.000212980576846123	-0.000212222396650969	-1.10260242558562	-0.000221827746483209	-0.000220658294086865
-38000	-1.06143931418721	-0.000213493243451227	-0.000212205158986671	-1.10400609474559	-0.000221999322806046	-0.000220595653646074
-37000	-1.06231677286299	-0.000211822144242312	-0.000210944685566535	-1.10464585834334	-0.000220143441992182	-0.000219503678394435
-36000	-1.06338944808693	-0.000210386523840305	-0.00020931384861637	-1.10578123557115	-0.000218671253116632	-0.000217535875888816
-35000	-1.06488238372272	-0.000216199895342752	-0.00021470695970696	-1.10727450980392	-0.000224632745405854	-0.000223139471173085
-34000	-1.06591405793086	-0.000214012251054268	-0.000212980576846123	-1.10820540523902	-0.000222758641918305	-0.000221827746483209
-33000	-1.06727515621633	-0.000214854341736695	-0.000213493243451227	-1.10957287530397	-0.000223366792870994	-0.000221999322806046
-32000	-1.06871197709853	-0.000213258965124512	-0.000211822144242312	-1.11109169821775	-0.000221662264905962	-0.000220143441992182
-31000	-1.07034269092252	-0.000212017237664297	-0.000210386523840305	-1.1128291624342	-0.000220408717333087	-0.000218671253116632
-30000	-1.07201080432173	-0.000217868008741959	-0.000216199895342752	-1.11472887616585	-0.000226532459137502	-0.000224632745405854
-29000	-1.07360353372118	-0.00021560498045372	-0.000214012251054268	-1.11627780342906	-0.000224307569181519	-0.000222758641918305
-28000	-1.07519232308308	-0.000216443131098594	-0.000214854341736695	-1.11806171699449	-0.000225150706436421	-0.000223366792870994
-27000	-1.07717231507988	-0.00021523895712131	-0.000213258965124512	-1.12029698033059	-0.000223897528242066	-0.000221662264905962
-26000	-1.07935521901068	-0.000214200141595099	-0.000212017237664297	-1.1224354049312	-0.000222547141933696	-0.000220408717333087
-25000	-1.08170594391603	-0.000220218733647305	-0.000217868008741959	-1.12491959860867	-0.000229016652814972	-0.000226532459137502
-24000	-1.08411573860313	-0.000218014775140825	-0.00021560498045372	-1.12715427709545	-0.000226542247668298	-0.000224307569181519
-23000	-1.08657570720596	-0.00021890309970142	-0.000216443131098594	-1.12970640563918	-0.000227702834980145	-0.000225150706436421
-22000	-1.08940157601502	-0.000218064825930372	-0.00021523895712131	-1.1326329916582	-0.00022682411426109	-0.000223897528242066
-21000	-1.09219746360082	-0.000216996029180904	-0.000214200141595099	-1.13554988149106	-0.000225464031766552	-0.000222547141933696
-20000	-1.09562871302367	-0.000223649983070152	-0.000220218733647305	-1.13908175577923	-0.000232548527103149	-0.000229016652814972
-19000	-1.09918632068212	-0.000221572382799274	-0.000218014775140825	-1.14302576415181	-0.000230486256040878	-0.000226542247668298
-18000	-1.10308548034598	-0.000222802259365285	-0.00021890309970142	-1.14708292547788	-0.000231759996306215	-0.000227702834980145
-17000	-1.10736060578077	-0.000222339951365162	-0.000218064825930372	-1.15146692523163	-0.000231208114014836	-0.00022682411426109
-16000	-1.11190248407055	-0.000221537907470681	-0.000216996029180904	-1.15616954474097	-0.000230166651275895	-0.000225464031766552
-15000	-1.11697716009481	-0.000228724659094407	-0.000223649983070152	-1.16163406901222	-0.000238013051374396	-0.000232548527103149
-14000	-1.12267630128975	-0.000227271523994212	-0.000221572382799274	-1.16768922953797	-0.000236541416566628	-0.000230486256040878
-13000	-1.1289487795118	-0.000229074737587343	-0.000222802259365285	-1.1740274571367	-0.000238098223904947	-0.000231759996306215
-12000	-1.13537461138301	-0.000228765783236372	-0.000222339951365162	-1.18054104718811	-0.000237721704066242	-0.000231208114014836
-11000	-1.14236556160926	-0.000228528857696924	-0.000221537907470681	-1.18796426262813	-0.000237589866715916	-0.000230166651275895
-10000	-1.15083479545664	-0.000237193892941792	-0.000228724659094407	-1.1969183365654	-0.000246967125311663	-0.000238013051374396
-9000	-1.16042669375442	-0.000236863422291995	-0.000227271523994212	-1.20699873795672	-0.000246621817957953	-0.000236541416566628
-8000	-1.1696462585034	-0.000238294302336318	-0.000229074737587343	-1.21693234216764	-0.000248031828115862	-0.000238098223904947
-7000	-1.17838707790809	-0.000237506602641057	-0.000228765783236372	-1.22661664665866	-0.00024740600855727	-0.000237721704066242
-6000	-1.18617582417582	-0.000236317603964663	-0.000228528857696924	-1.2349352971958	-0.000245908517253055	-0.000237589866715916
-5000	-1.19306735001693	-0.000244085418782898	-0.000237193892941792	-1.24219746360082	-0.000254229291716687	-0.000246967125311663
-4000	-1.19830796934158	-0.000242104041616647	-0.000236863422291995	-1.24757349093484	-0.000251997845291963	-0.000246621817957953
-3000	-1.20201926924616	-0.000242005602240896	-0.000238294302336318	-1.25164000985009	-0.00025209834703112	-0.000248031828115862
-2000	-1.20405728445224	-0.000239544617847139	-0.000237506602641057	-1.25410250253948	-0.000249868501246653	-0.00024740600855727
-1000	-1.20487884384523	-0.000237139163357651	-0.000236317603964663	-1.25501942315388	-0.000246825437867454	-0.000245908517253055
0	-1.20509456090128	-0.000244301135838951	-0.000244085418782898	-1.25482254440238	-0.000254032412965186	-0.000254229291716687
1000	-1.20429774986918	-0.000241307230584542	-0.000242104041616647	-1.25378803829224	-0.000250963339181827	-0.000251997845291963
2000	-1.20197269677102	-0.000239680549142734	-0.000242005602240896	-1.25163588512328	-0.000249946193862162	-0.00025209834703112
3000	-1.1981559392988	-0.000235727860374919	-0.000239544617847139	-1.24777708006279	-0.000246009696186167	-0.000249868501246653
4000	-1.19294145350448	-0.000231924677563333	-0.000237139163357651	-1.24209372979961	-0.000241142087604272	-0.000246825437867454
5000	-1.18603829223997	-0.000237397974574445	-0.000244301135838951	-1.23491522762951	-0.000246853910795087	-0.000254032412965186
6000	-1.17780786160618	-0.00023307679995075	-0.000241307230584542	-1.22642875611783	-0.000242476867670146	-0.000250963339181827
7000	-1.16944294640933	-0.000231315633945886	-0.000239680549142734	-1.21745935297196	-0.000240976790716287	-0.000249946193862162
8000	-1.16040576230492	-0.000226690676270508	-0.000235727860374919	-1.20767017576261	-0.000236220518976821	-0.000246009696186167
9000	-1.15108692707852	-0.000222605842336934	-0.000231924677563333	-1.19790340751685	-0.000231375319358512	-0.000241142087604272
10000	-1.14269301566781	-0.000229004063163726	-0.000237397974574445	-1.18921374703728	-0.000238164250315512	-0.000246853910795087
11000	-1.13541625881122	-0.00022580004309416	-0.00023307679995075	-1.18147301997722	-0.00023473614061009	-0.000242476867670146
12000	-1.12937861298365	-0.000225277988118325	-0.000231315633945886	-1.17509065164527	-0.000234594422384338	-0.000240976790716287
13000	-1.12366589712808	-0.000220977960414935	-0.000226690676270508	-1.16885277187798	-0.00022998263920953	-0.000236220518976821
14000	-1.11835029396374	-0.000217290239172591	-0.000222605842336934	-1.16332877766491	-0.000225851325145443	-0.000231375319358512
15000	-1.11311142918706	-0.000223765198387047	-0.000229004063163726	-1.15782959337581	-0.000232665066026411	-0.000238164250315512
16000	-1.1082871917998	-0.000220975805706898	-0.00022580004309416	-1.15299119647859	-0.000229897743712869	-0.00023473614061009
17000	-1.10412737402653	-0.000221118170345062	-0.000225277988118325	-1.14844288484625	-0.000230046110751993	-0.000234594422384338
18000	-1.10034256779635	-0.000217193154184751	-0.000220977960414935	-1.14455797703697	-0.000226097731400252	-0.00022998263920953
19000	-1.09678966971404	-0.000213737341090282	-0.000217290239172591	-1.14110253332102	-0.000222395881429495	-0.000225851325145443
20000	-1.09355748453227	-0.000220533013205282	-0.000223765198387047	-1.13783907409118	-0.000229401606796565	-0.000232665066026411
21000	-1.09055425247022	-0.000217972573644842	-0.000220975805706898	-1.13440268415058	-0.000226461353772278	-0.000229897743712869
22000	-1.08760261027488	-0.000218166528149722	-0.000221118170345062	-1.13133751962323	-0.000226980946224644	-0.000230046110751993
23000	-1.08480838489242	-0.00021439892880229	-0.000217193154184751	-1.12867254594145	-0.000223432757718472	-0.000226097731400252
24000	-1.08291144149968	-0.00021184039769754	-0.000213737341090282	-1.12652187028658	-0.000220245205774617	-0.000222395881429495
25000	-1.08080900052329	-0.000218430572228891	-0.000220533013205282	-1.12405454489488	-0.00022693428140487	-0.000229401606796565
26000	-1.07872241204174	-0.000215885985163296	-0.000217972573644842	-1.12182085141749	-0.000224227660294888	-0.000226461353772278
27000	-1.07649924585219	-0.000215943361960168	-0.000218166528149722	-1.11941628959276	-0.000224576384399914	-0.000226980946224644
28000	-1.07453803059685	-0.000212437713546958	-0.00021439892880229	-1.11730073567889	-0.000221317203804599	-0.000223432757718472
29000	-1.07310160987472	-0.000210403976975405	-0.00021184039769754	-1.11577828054299	-0.000218722750638718	-0.000220245205774617
30000	-1.0715275648721	-0.000216856527226276	-0.000218430572228891	-1.11412946717148	-0.000225285468033367	-0.00022693428140487
31000	-1.06998587127159	-0.000214344291562779	-0.000215885985163296	-1.11248751808416	-0.00022258571120756	-0.000224227660294888
32000	-1.06836851663742	-0.000214326007326007	-0.000215943361960168	-1.11076849201219	-0.000222857358327946	-0.000224576384399914
33000	-1.06711663126789	-0.000211185828177425	-0.000212437713546958	-1.10940797857605	-0.000219956690368454	-0.000221317203804599
34000	-1.06607433742728	-0.000209361683134793	-0.000210403976975405	-1.10817973343183	-0.000217494505494505	-0.000218722750638718
35000	-1.06469123033829	-0.000215473420137287	-0.000216856527226276	-1.10651712992889	-0.000223622864530428	-0.000225285468033367
36000	-1.06345689044849	-0.000213109951672977	-0.000214344291562779	-1.10516822113461	-0.000221236802413273	-0.00022258571120756
37000	-1.0624773293933	-0.000213346446270816	-0.000214326007326007	-1.10409613076	-0.000221785267953336	-0.000222857358327946
38000	-1.06154929664173	-0.000210257795425863	-0.000211185828177425	-1.10303336719303	-0.00021889392680149	-0.000219956690368454
39000	-1.06064690491581	-0.000208459291408872	-0.000209361683134793	-1.10208849693724	-0.000216549635238711	-0.000217494505494505
40000	-1.05926659894727	-0.000214093114168744	-0.000215473420137287	-1.10074078862314	-0.000222275156216332	-0.000223622864530428
41000	-1.05821097669837	-0.000212054329424077	-0.000213109951672977	-1.09964927509465	-0.000220145288884785	-0.000221236802413273
42000	-1.05747837596577	-0.000212613845538215	-0.000213346446270816	-1.09894687105611	-0.000221082863914796	-0.000221785267953336
43000	-1.05693425062333	-0.000209713670083418	-0.000210257795425863	-1.09821861052113	-0.000218165666266507	-0.00021889392680149
44000	-1.05619438544649	-0.000207719426232031	-0.000208459291408872	-1.09762514236464	-0.000215956167082218	-0.000216549635238711
45000	-1.05516077200111	-0.000213059500723367	-0.000214093114168744	-1.09646236956321	-0.000221112383414904	-0.000222275156216332
46000	-1.05394591682827	-0.000210839474251238	-0.000212054329424077	-1.09514864407301	-0.000218831563394588	-0.000220145288884785
47000	-1.05363671622495	-0.000212304644934897	-0.000212613845538215	-1.09474161972481	-0.000220675839566595	-0.000221082863914796
48000	-1.05317788653923	-0.000209254840397698	-0.000209713670083418	-1.09443380429095	-0.000217857850832641	-0.000218165666266507
49000	-1.05249099639856	-0.00020703253609136	-0.000207719426232031	-1.0937891464278	-0.000215311509219072	-0.000215956167082218
50000	-1.05160002462523	-0.000212168528950042	-0.000213059500723367	-1.09301443654385	-0.000220337673530951	-0.000221112383414904
51000	-1.05067691692061	-0.000209916366546619	-0.000210839474251238	-1.09222187336473	-0.000218039000215471	-0.000218831563394588
52000	-1.04996216948318	-0.00021158989749746	-0.000212304644934897	-1.09144676332071	-0.000219900729522578	-0.000220675839566595
53000	-1.04946160002463	-0.000208754270939145	-0.000209254840397698	-1.09083870471265	-0.000217249792224582	-0.000217857850832641
54000	-1.04877187798196	-0.000206342814048697	-0.00020703253609136	-1.09027072367408	-0.000214743528180503	-0.000215311509219072
55000	-1.04799710653492	-0.000211393757503001	-0.000212168528950042	-1.08964693569736	-0.000219713885554222	-0.000220337673530951
56000	-1.04742081447964	-0.000209340074491336	-0.000209916366546619	-1.08916301905378	-0.000217555083571891	-0.000218039000215471
57000	-1.04668692092221	-0.000210856003940038	-0.00021158989749746	-1.08851620648259	-0.000219253916951396	-0.000219900729522578
58000	-1.04605509896266	-0.000208122448979591	-0.000208754270939145	-1.08814805922369	-0.000216881644965679	-0.000217249792224582
59000	-1.04542112229507	-0.000205708837381106	-0.000206342814048697	-1.08741982947025	-0.000214015298427064	-0.000214743528180503
60000	-1.04454914273402	-0.000210521777941946	-0.000211393757503001	-1.08671105365223	-0.000219005109736202	-0.000219713885554222
61000	-1.04442179948903	-0.000209212731246344	-0.000209340074491336	-1.08628629913504	-0.000217130329054699	-0.000217555083571891
62000	-1.04356708837381	-0.000210001292824822	-0.000210856003940038	-1.0855604087789	-0.000218528026595253	-0.000219253916951396
63000	-1.04317662449595	-0.000207731985101733	-0.000208122448979591	-1.08504327885	-0.000216364515036784	-0.000216881644965679
64000	-1.04253923107705	-0.000205071443962199	-0.000205708837381106	-1.08459048234678	-0.000213562501923846	-0.000214015298427064
65000	-1.04200335518823	-0.000209985902053128	-0.000210521777941946	-1.08406710376458	-0.000218481731154	-0.000219005109736202
66000	-1.0416962785114	-0.00020890565456952	-0.000209212731246344	-1.08377470988395	-0.000216837935174069	-0.000217130329054699
67000	-1.04132985501893	-0.000209634869332349	-0.000210001292824822	-1.08352473297011	-0.000218278049681411	-0.000218528026595253
68000	-1.04094634776988	-0.00020734847785268	-0.000207731985101733	-1.08327814202604	-0.000216117924092714	-0.000216364515036784
69000	-1.04055206698064	-0.000204677163172962	-0.000205071443962199	-1.08267888693939	-0.000212963246837197	-0.000213562501923846
70000	-1.04021584018223	-0.000209649675254717	-0.000209985902053128	-1.08225028472928	-0.000218053128943885	-0.000218481731154
71000	-1.04007984732354	-0.000208769661710838	-0.00020890565456952	-1.08202733401053	-0.000216614984455321	-0.000216837935174069
72000	-1.03982426816881	-0.00020937929017761	-0.000209634869332349	-1.0818934342968	-0.00021814414996768	-0.000218278049681411
73000	-1.03969360051713	-0.000207217810201003	-0.00020734847785268	-1.08173010742759	-0.000215954597223505	-0.000216117924092714
74000	-1.03909326807646	-0.000204076830732292	-0.000204677163172962	-1.08127290916367	-0.000212506048573275	-0.000212963246837197
75000	-1.03896136916305	-0.000209517776341306	-0.000209649675254717	-1.08112386493059	-0.000217904084710808	-0.000218053128943885
76000	-1.0388056761166	-0.000208613968664389	-0.000208769661710838	-1.08119700187767	-0.000216688121402408	-0.000216614984455321
77000	-1.03864259549974	-0.000209216209560748	-0.00020937929017761	-1.08075830332133	-0.000217705451411335	-0.00021814414996768
78000	-1.03835451103518	-0.000206929725736449	-0.000207217810201003	-1.08059331424878	-0.000215789608150952	-0.000215954597223505
79000	-1.03809496106135	-0.000203817280758457	-0.000204076830732292	-1.08026989257241	-0.000212182626896912	-0.000212506048573275
80000	-1.03808200203158	-0.00020950481731154	-0.000209517776341306	-1.08021353156647	-0.000217847723704866	-0.000217904084710808
81000	-1.03780875427094	-0.000208340720903745	-0.000208613968664389	-1.08009948594823	-0.000216574075784159	-0.000216688121402408
82000	-1.03746951088128	-0.000208876966171084	-0.000209216209560748	-1.07986394557823	-0.000217469911041339	-0.000217705451411335
83000	-1.03698230061255	-0.000206442515467725	-0.000206929725736449	-1.07949585988241	-0.000215421522455136	-0.000215789608150952
84000	-1.03673075384	-0.000203565733985902	-0.000203817280758457	-1.07934823160033	-0.000212034998614831	-0.000212182626896912
85000	-1.03646012251054	-0.000209234185982085	-0.00020950481731154	-1.07961015175301	-0.000218109643857544	-0.000217847723704866
86000	-1.03628174346662	-0.000208162341859821	-0.000208340720903745	-1.07940720903746	-0.000216371133068611	-0.000216574075784159
87000	-1.03613229907348	-0.000208727521777942	-0.000208876966171084	-1.07913205282113	-0.000217194754825007	-0.000217469911041339
88000	-1.03570415858651	-0.000206014374980763	-0.000206442515467725	-1.07849401298981	-0.000214783482623818	-0.000215421522455136
89000	-1.03546667897928	-0.000203328254378675	-0.000203565733985902	-1.07817840982547	-0.000211719395450487	-0.000212034998614831
90000	-1.03520260411857	-0.000208970111121371	-0.000209234185982085	-1.07782814664327	-0.000217759380675347	-0.000218109643857544
91000	-1.03497300458645	-0.000207932742327701	-0.000208162341859821	-1.07757598423985	-0.000216118970665189	-0.000216371133068611
92000	-1.03466814418075	-0.000208422661372241	-0.000208727521777942	-1.07766097208114	-0.000217279742666297	-0.000217194754825007
93000	-1.03423163111398	-0.000205577861913996	-0.000206014374980763	-1.07701351309755	-0.000214136023640226	-0.000214783482623818
94000	-1.03390928679164	-0.000203005910056329	-0.000203328254378675	-1.0767598423985	-0.00021146572475144	-0.000211719395450487
95000	-1.03362104841937	-0.0002086818727491	-0.000208970111121371	-1.07666457352172	-0.000217664111798566	-0.000217759380675347
96000	-1.03357749253548	-0.000207889186443809	-0.000207932742327701	-1.07639969834087	-0.000215854095484348	-0.000216118970665189
97000	-1.03349493643611	-0.000208340105272879	-0.000208422661372241	-1.07626721457814	-0.000217147258903561	-0.000217279742666297
98000	-1.0331345153446	-0.000205217440822482	-0.000205577861913996	-1.07583507249053	-0.000213703881552621	-0.000214136023640226
99000	-1.03294237695078	-0.000202813771662511	-0.000203005910056329	-1.07550207775418	-0.000211132730015084	-0.00021146572475144
100000	-1.03266749776834	-0.000208406993566657	-0.0002086818727491	-1.07499095022624	-0.000217152984270631	-0.000217664111798566
101000	-1.03263216055653	-0.000207853849232001	-0.000207889186443809	-1.0750637793579	-0.000215926924616001	-0.000215854095484348
102000	-1.03209256010096	-0.000207800504817312	-0.000208340105272879	-1.07476682980885	-0.000216850309354511	-0.000217147258903561
103000	-1.0318412903623	-0.000204966171083818	-0.000205217440822482	-1.07461769323114	-0.000213554744974913	-0.000213703881552621
104000	-1.03160744297719	-0.000202579924277403	-0.000202813771662511	-1.07448308554191	-0.000210998122325853	-0.000211132730015084
105000	-1.03129079324037	-0.000208090343829839	-0.000208406993566657	-1.07444417767107	-0.00021711407639979	-0.000217152984270631
106000	-1.03096731000092	-0.000207530365992551	-0.000207853849232001	-1.07429848862622	-0.000215781235571151	-0.000215926924616001
107000	-1.03037882845446	-0.000207212023270848	-0.000207800504817312	-1.07372986117524	-0.00021628168190353	-0.000216850309354511
108000	-1.0300737833595	-0.000204661125988857	-0.000204966171083818	-1.07374786837812	-0.000213572752177794	-0.000213554744974913
109000	-1.02984424539046	-0.00020235038630837	-0.000202579924277403	-1.07387213346877	-0.000211122387416505	-0.000210998122325853
110000	-1.02948862621972	-0.000207734724659094	-0.000208090343829839	-1.07348970357374	-0.000216731646504756	-0.00021711407639979
111000	-1.02961575399391	-0.000207657493766739	-0.000207530365992551	-1.07379339428079	-0.000216084926278204	-0.000215781235571151
112000	-1.02910173300089	-0.000206698002277835	-0.000207212023270848	-1.07355446794102	-0.000216042755563764	-0.00021628168190353
113000	-1.02909080555299	-0.000204650198540955	-0.000204661125988857	-1.07342804814233	-0.000213446332379105	-0.000213572752177794
114000	-1.0288862006341	-0.000202145781389479	-0.00020235038630837	-1.07335247945332	-0.000211046818727491	-0.000211122387416505
115000	-1.02867362329547	-0.000207522147320466	-0.000207734724659094	-1.07318567426971	-0.000216564841321144	-0.000216731646504756
116000	-1.02828242066057	-0.000207266291131837	-0.000207657493766739	-1.07301889986764	-0.000215918151876135	-0.000216084926278204
117000	-1.02791608951273	-0.000206331671129991	-0.000206698002277835	-1.07269981838889	-0.000215723674085018	-0.000216042755563764
118000	-1.0276444116108	-0.000204378520639025	-0.000204650198540955	-1.07265549296642	-0.000213402006956629	-0.000213446332379105
119000	-1.02761769323114	-0.000202119063009819	-0.000202145781389479	-1.07270646720227	-0.000211097792963339	-0.000211046818727491
120000	-1.02761024409764	-0.000207514698186967	-0.000207522147320466	-1.07251186628498	-0.000216370240403853	-0.000216564841321144
121000	-1.0276918767507	-0.000207347923784898	-0.000207266291131837	-1.0728249761443	-0.000216231261735464	-0.000215918151876135
122000	-1.02778105088189	-0.000206420845261181	-0.000206331671129991	-1.07300064641241	-0.000215899344353126	-0.000215723674085018
123000	-1.02773426293594	-0.000204331732693078	-0.000204378520639025	-1.07289789762059	-0.000213299258164805	-0.000213402006956629
124000	-1.02739486563856	-0.000201779665712438	-0.000202119063009819	-1.07246677132391	-0.000210666666666667	-0.000211097792963339
125000	-1.02732939329578	-0.000207449225844184	-0.000207514698186967	-1.0724882568412	-0.000216391725921138	-0.000216370240403853
126000	-1.02761840120664	-0.000207636931695755	-0.000207347923784898	-1.07263828608366	-0.000216381290977929	-0.000216231261735464
127000	-1.02766943700557	-0.000206471881060117	-0.000206420845261181	-1.07252313232985	-0.000215784190599316	-0.000215899344353126
128000	-1.02726062732785	-0.000203922923015361	-0.000204331732693078	-1.07237328777665	-0.000213149413611598	-0.000213299258164805
129000	-1.02684960137901	-0.000201368639763597	-0.000201779665712438	-1.07211509219072	-0.00021040847108074	-0.000210666666666667
130000	-1.02671428571429	-0.000207313910179456	-0.000207449225844184	-1.07202844214609	-0.000216305075876505	-0.000216391725921138
131000	-1.02693680549143	-0.000207859451472898	-0.000207636931695755	-1.07218428910026	-0.000216537137932096	-0.000216381290977929
132000	-1.02681201711454	-0.000206347092683227	-0.000206471881060117	-1.07201206636501	-0.000215611967864069	-0.000215784190599316
133000	-1.02660907439899	-0.000203719980299812	-0.000203922923015361	-1.07169815618555	-0.000212835503432142	-0.000213149413611598
134000	-1.02632859297565	-0.000201088158340259	-0.000201368639763597	-1.07142413888632	-0.000210134453781513	-0.00021040847108074
135000	-1.02613470003386	-0.000207120017237664	-0.000207313910179456	-1.07124514421153	-0.000216126081201712	-0.000216305075876505
136000	-1.02605697663681	-0.000207781728075845	-0.000207859451472898	-1.07109292947948	-0.00021638492320005	-0.000216537137932096
137000	-1.02605346754086	-0.000206343583587282	-0.000206347092683227	-1.07120836026718	-0.000215727398651769	-0.000215611967864069
138000	-1.02563924031151	-0.000203305753070459	-0.000203719980299812	-1.07076141225721	-0.000212388555422168	-0.000212835503432142
139000	-1.02557210576538	-0.000201021023794133	-0.000201088158340259	-1.07069483177887	-0.000210067873303167	-0.000210134453781513
140000	-1.02520337365716	-0.000206751285129436	-0.000207120017237664	-1.07043472773725	-0.000215865977160095	-0.000216126081201712
141000	-1.02501323606366	-0.000207591590482347	-0.000207781728075845	-1.07020466648198	-0.000216154861944779	-0.00021638492320005
142000	-1.02510431865054	-0.000206434666174162	-0.000206343583587282	-1.07044183827377	-0.000215964570443562	-0.000215727398651769
143000	-1.02471126912303	-0.000202912703542956	-0.000203305753070459	-1.0699934743128	-0.0002119401914612	-0.000212388555422168
144000	-1.02482648443993	-0.00020113623911103	-0.000201021023794133	-1.07004592606273	-0.000210120325053098	-0.000210067873303167
145000	-1.02470391233416	-0.000206628713023671	-0.000206751285129436	-1.06994471634808	-0.00021576476744544	-0.000215865977160095
146000	-1.02437248745652	-0.000207260165604703	-0.000207591590482347	-1.06966774402069	-0.000215877889617385	-0.000216154861944779
147000	-1.02438363037523	-0.000206445809092868	-0.000206434666174162	-1.06959082094376	-0.000215887647366639	-0.000215964570443562
148000	-1.02402388647767	-0.000202552959645397	-0.000202912703542956	-1.06950586388402	-0.000211855234401453	-0.0002119401914612
149000	-1.02406140917906	-0.000201173761812417	-0.00020113623911103	-1.06955108197125	-0.000210165543140333	-0.000210120325053098
150000	-1.02389257241358	-0.000206459876258195	-0.000206628713023671	-1.06930643026441	-0.000215520115738603	-0.00021576476744544
151000	-1.02377837288762	-0.000207145966078739	-0.000207260165604703	-1.06896232339089	-0.000215533782743866	-0.000215877889617385
152000	-1.02377969649398	-0.000206447132699234	-0.000206445809092868	-1.06911327607966	-0.000216038600055406	-0.000215887647366639
153000	-1.0235017391572	-0.000202275002308616	-0.000202552959645397	-1.06903198202358	-0.000211773940345369	-0.000211855234401453
154000	-1.02351725305507	-0.000201189275710283	-0.000201173761812417	-1.06891014867485	-0.000210043709791609	-0.000210165543140333
155000	-1.02335897435897	-0.000206301597562103	-0.000206459876258195	-1.06878237448826	-0.000215392341552006	-0.000215520115738603
156000	-1.02285323360113	-0.000206640225320898	-0.000207145966078739	-1.06839160279496	-0.000215143011050575	-0.000215533782743866
157000	-1.02258229445624	-0.000206176193554344	-0.000206447132699234	-1.06795718287315	-0.000215604180133592	-0.000216038600055406
158000	-1.02225293194201	-0.000201945639794379	-0.000202275002308616	-1.0675152214732	-0.000211331978945424	-0.000211773940345369
159000	-1.02212555791547	-0.00020106190168375	-0.000201189275710283	-1.0675068488934	-0.000210035337211808	-0.000210043709791609
160000	-1.02202191645889	-0.000206197956105519	-0.000206301597562103	-1.06712420352756	-0.000215009696186167	-0.000215392341552006
161000	-1.02137907470681	-0.000205997383568813	-0.000206640225320898	-1.06660516514298	-0.00021462397266599	-0.000215143011050575
162000	-1.02118773663311	-0.000205984855480654	-0.000206176193554344	-1.06636257579955	-0.000215361590790162	-0.000215604180133592
163000	-1.02124317419275	-0.000202001077354019	-0.000201945639794379	-1.06622633668852	-0.000211195739834395	-0.000211331978945424
164000	-1.02100064641241	-0.000200819373903407	-0.00020106190168375	-1.06593452765722	-0.000209743528180504	-0.000210035337211808
165000	-1.02081814264167	-0.00020601545233478	-0.000206197956105519	-1.06573546341614	-0.000214810631945085	-0.000215009696186167
166000	-1.02064216455813	-0.000205821405485272	-0.000205997383568813	-1.06557130544526	-0.000214459814695108	-0.00021462397266599
167000	-1.0204035460338	-0.000205746236956321	-0.000205984855480654	-1.06556693446609	-0.000215357219811001	-0.000215361590790162
168000	-1.0203297626743	-0.000201927293994521	-0.000202001077354019	-1.06543996059962	-0.000211068765967925	-0.000211195739834395
169000	-1.01973980361375	-0.00020022941484286	-0.000200819373903407	-1.06512857450673	-0.000209432142087603	-0.000209743528180504
170000	-1.019473574045	-0.00020574922276603	-0.00020601545233478	-1.06491636654662	-0.000214598423984979	-0.000214810631945085
171000	-1.01946298519408	-0.000205810816634346	-0.000205821405485272	-1.06478896173854	-0.000214332409887032	-0.000214459814695108
172000	-1.01927287838212	-0.000205556130144366	-0.000205746236956321	-1.06458838920183	-0.000215156647274295	-0.000215357219811001
173000	-1.019335580386	-0.000201989995998399	-0.000201927293994521	-1.06469689414227	-0.000211177270908363	-0.000211068765967925
174000	-1.01914673561732	-0.000200040570074184	-0.00020022941484286	-1.06436316064888	-0.000209098408594207	-0.000209432142087603
175000	-1.01875851879213	-0.000205361005940839	-0.00020574922276603	-1.06417819435466	-0.000214413457690769	-0.000214598423984979
176000	-1.01868356573399	-0.0002057358635762	-0.000205810816634346	-1.06394585526518	-0.00021410007079755	-0.000214332409887032
177000	-1.01858475697972	-0.000205457321390096	-0.000205556130144366	-1.06374583679626	-0.000214956628805368	-0.000215156647274295
178000	-1.01855471419337	-0.000201959953212054	-0.000201989995998399	-1.06380712284914	-0.000211238556961246	-0.000211177270908363
179000	-1.01838042909471	-0.000199866284975528	-0.000200040570074184	-1.0636688213747	-0.000208960107119771	-0.000209098408594207
180000	-1.01830239788223	-0.000205282974728353	-0.000205361005940839	-1.06370729830394	-0.000214451934620003	-0.000214413457690769
181000	-1.01812269523194	-0.000205556160925908	-0.0002057358635762	-1.06369107643057	-0.000214083848924185	-0.00021410007079755
182000	-1.01787348785668	-0.000205208114014836	-0.000205457321390096	-1.06318632068212	-0.000214451873056915	-0.000214956628805368
183000	-1.01778606827346	-0.000201872533628836	-0.000201959953212054	-1.06319078400591	-0.000211243020285037	-0.000211238556961246
184000	-1.0175822636747	-0.000199662480376766	-0.000199866284975528	-1.06322612121772	-0.000208995444331579	-0.000208960107119771
185000	-1.01756311755471	-0.000205263828608367	-0.000205282974728353	-1.06336737772032	-0.000214593191122602	-0.000214451934620003
186000	-1.01731040108351	-0.000205303444454705	-0.000205556160925908	-1.06320768307323	-0.000213924154277096	-0.000214083848924185
187000	-1.0171203250531	-0.000205018037984424	-0.000205208114014836	-1.06292307692308	-0.000214167266906763	-0.000214451873056915
188000	-1.01719109182134	-0.000201943300397082	-0.000201872533628836	-1.06283457998584	-0.000211154523347801	-0.000211243020285037
189000	-1.01714744359282	-0.000199618832148244	-0.000199662480376766	-1.06293606673439	-0.000209096931080124	-0.000208995444331579
190000	-1.01721947240435	-0.000205335857419891	-0.000205263828608367	-1.06311906300982	-0.000214776187398036	-0.000214593191122602
191000	-1.01717939483486	-0.000205263366885216	-0.000205303444454705	-1.06304780373688	-0.000213852895004155	-0.000213924154277096
192000	-1.01678043525102	-0.000204619078400591	-0.000205018037984424	-1.06279357897005	-0.000213913042139933	-0.000214167266906763
193000	-1.01630673807985	-0.000201469603225906	-0.000201943300397082	-1.06267765567766	-0.000211038600055406	-0.000211154523347801
194000	-1.01623606365623	-0.000199548157724628	-0.000199618832148244	-1.06268895250408	-0.000209108227906547	-0.000209096931080124
195000	-1.01588219903346	-0.000204981992797119	-0.000205335857419891	-1.06250041555084	-0.000214587650444793	-0.000214776187398036
196000	-1.01562480376766	-0.000205005971619418	-0.000205263366885216	-1.06234767753255	-0.000213700156985872	-0.000213852895004155
197000	-1.01528152799581	-0.000204275802628744	-0.000204619078400591	-1.06209403761505	-0.000213659402222428	-0.000213913042139933
198000	-1.01527921938006	-0.000201467294610152	-0.000201469603225906	-1.06207824668329	-0.00021102280912365	-0.000211038600055406
199000	-1.01539972912242	-0.000199668667466987	-0.000199548157724628	-1.06206925847262	-0.000209099239695879	-0.000209108227906547
200000	-1.01547973035368	-0.000205061994028381	-0.000204981992797119	-1.06216129528735	-0.00021467968725952	-0.000214587650444793
201000	-1.0152492381568	-0.000204775479422537	-0.000205005971619418	-1.06198747191184	-0.000213526333610367	-0.000213700156985872
202000	-1.014920183458	-0.000203946747929941	-0.000204275802628744	-1.06186643888325	-0.000213538369193831	-0.000213659402222428
203000	-1.01448259303721	-0.000201029704189367	-0.000201467294610152	-1.06176141225721	-0.000210917782497614	-0.00021102280912365
204000	-1.01410447255825	-0.000199290546988027	-0.000199668667466987	-1.06141194939514	-0.000208749776833811	-0.000209099239695879
205000	-1.01392840213008	-0.000204885923600209	-0.000205061994028381	-1.06131132452981	-0.000214579062394188	-0.00021467968725952
206000	-1.0136662665066	-0.000204513343799058	-0.000204775479422537	-1.06109114414997	-0.000213306153230523	-0.000213526333610367
207000	-1.01315153753809	-0.000203432018961432	-0.000203946747929941	-1.06051799181211	-0.000212965216855972	-0.000213538369193831
208000	-1.01319463169883	-0.000201072798350109	-0.000201029704189367	-1.06052617970265	-0.000210925970388155	-0.000210917782497614
209000	-1.01306830424477	-0.000199164219533967	-0.000199290546988027	-1.06046132299073	-0.000208684920121895	-0.000208749776833811
210000	-1.01324554437159	-0.000205063163727029	-0.000204885923600209	-1.06057229045464	-0.000214690029858098	-0.000214579062394188
211000	-1.01299236617724	-0.000204260165604704	-0.000204513343799058	-1.06028580663034	-0.000213019669406224	-0.000213306153230523
212000	-1.01270548219288	-0.000203145134977068	-0.000203432018961432	-1.06019136885523	-0.000212870779080862	-0.000212965216855972
213000	-1.01256191707452	-0.000200929233231754	-0.000201072798350109	-1.06007027426355	-0.000210804875796471	-0.000210925970388155
214000	-1.01246190784006	-0.000199064210299505	-0.000199164219533967	-1.05991725921138	-0.00020853190506972	-0.000208684920121895
215000	-1.01253602979653	-0.000205137285683504	-0.000205063163727029	-1.05995265798627	-0.000214725428632992	-0.000214690029858098
216000	-1.01238172191954	-0.000204105857727706	-0.000204260165604704	-1.05956151691446	-0.00021262852833441	-0.000213019669406224
217000	-1.01230910825869	-0.000203072521316218	-0.000203145134977068	-1.05933779665712	-0.000212647058823529	-0.000212870779080862
218000	-1.01195093421984	-0.000200571059192908	-0.000200929233231754	-1.05888167574722	-0.000210348754886571	-0.000210804875796471
219000	-1.0117789269554	-0.000198892203035061	-0.000199064210299505	-1.05863317634746	-0.00020828340566996	-0.00020853190506972
220000	-1.01164105642257	-0.000204999415150676	-0.000205137285683504	-1.05854181672669	-0.000214634069012221	-0.000214725428632992
221000	-1.01147342013729	-0.000203938221442424	-0.000204105857727706	-1.05833127096993	-0.000212417982577647	-0.00021262852833441
222000	-1.01102376335149	-0.000202622864530428	-0.000203072521316218	-1.05794970295811	-0.00021226549081171	-0.000212647058823529
223000	-1.01064644319266	-0.000200193739034075	-0.000200571059192908	-1.05748681010866	-0.000209885862037123	-0.000210348754886571
224000	-1.01035331055499	-0.000198599070397389	-0.000198892203035061	-1.05746175393234	-0.000208258349493644	-0.00020828340566996
225000	-1.01000415550836	-0.000204650260104041	-0.000204999415150676	-1.0573313940961	-0.000214503709175978	-0.000214634069012221
226000	-1.00967245359682	-0.000203606519530889	-0.000203938221442424	-1.0572946409333	-0.000212381229414843	-0.000212417982577647
227000	-1.0099006063964	-0.000202851017330009	-0.000202622864530428	-1.05731726536769	-0.000212288115246099	-0.00021226549081171
228000	-1.00957462985194	-0.000199867762489611	-0.000200193739034075	-1.05702776495213	-0.000209596361621572	-0.000209885862037123
229000	-1.0094684643088	-0.000198492904854249	-0.000198599070397389	-1.05695644411611	-0.000208187028657616	-0.000208258349493644
230000	-1.0090509434543	-0.000204232739249546	-0.000204650260104041	-1.05654818850617	-0.000214095453566042	-0.000214503709175978
231000	-1.0092443438914	-0.000203799919967987	-0.000203606519530889	-1.05684815464647	-0.000212681195555146	-0.000212381229414843
232000	-1.00898882629975	-0.000202595499738357	-0.000202851017330009	-1.05682029734971	-0.000212260257949334	-0.000212288115246099
233000	-1.00866291131837	-0.000199541847508234	-0.000199867762489611	-1.05673681780404	-0.000209512882075907	-0.000209596361621572
234000	-1.00828851540616	-0.00019811850894204	-0.000198492904854249	-1.05664416535845	-0.000208094376212023	-0.000208187028657616
235000	-1.00791627420199	-0.000203860498045372	-0.000204232739249546	-1.05632326776865	-0.000213774555976237	-0.000214095453566042
236000	-1.00798011512297	-0.000203863760888971	-0.000203799919967987	-1.05644270015699	-0.000212800627943484	-0.000212681195555146
237000	-1.00794053005818	-0.000202555914673561	-0.000202595499738357	-1.05641130298273	-0.00021222886077508	-0.000212260257949334
238000	-1.00804620309662	-0.000199647520546681	-0.000199541847508234	-1.05646557084372	-0.000209567149936898	-0.000209512882075907
239000	-1.00772742943331	-0.000197799735278727	-0.00019811850894204	-1.05605534521501	-0.00020768415058331	-0.000208094376212023
240000	-1.0073195432019	-0.000203452611813956	-0.000203860498045372	-1.05555834641549	-0.000213277557176717	-0.000213774555976237
241000	-1.00738587742789	-0.00020393009511497	-0.000203863760888971	-1.05563659309878	-0.000212878874626774	-0.000212800627943484
242000	-1.00718773663311	-0.000202357773878782	-0.000202555914673561	-1.05565567765568	-0.00021224794533198	-0.00021222886077508
243000	-1.00711352233201	-0.000199573306245576	-0.000199647520546681	-1.05579804229384	-0.000209709514575061	-0.000209567149936898
244000	-1.00677738787823	-0.000197463600824946	-0.000197799735278727	-1.05546326222797	-0.000207349370517438	-0.00020768415058331
245000	-1.00689848246991	-0.000203573706405639	-0.000203452611813956	-1.05543429679564	-0.00021324859174439	-0.000213277557176717
246000	-1.00657447594422	-0.000203606088589282	-0.00020393009511497	-1.05528205128205	-0.000212726629113184	-0.000212878874626774
247000	-1.00638301474436	-0.000202166312678918	-0.000202357773878782	-1.05497260442639	-0.000211938498476314	-0.00021224794533198
248000	-1.00664425770308	-0.000199834549204297	-0.000199573306245576	-1.05491587404192	-0.000209652784190599	-0.000209709514575061
249000	-1.00629171668667	-0.000197111059808539	-0.000197463600824946	-1.05446834118263	-0.000206901837658141	-0.000207349370517438
250000	-1.00631701911534	-0.000203599008834303	-0.000203573706405639	-1.05447954566442	-0.000213259796226183	-0.00021324859174439
