Distance from Center (cmd=annotatePeaks.pl tss mm10 -size 500000 -hist 1000 -bedGraph /expanse/lustre/projects/csd940/ctea/homer/bwt2_bam/tags/ctrl_M2/tagdirs/tagdirs.DLR.bedGraph /expanse/lustre/projects/csd940/ctea/homer/bwt2_bam/tags/mut_M2/tagdirs/tagdirs.DLR.bedGraph)	/expanse/lustre/projects/csd940/ctea/homer/bwt2_bam/tags/ctrl_M2/tagdirs/tagdirs.DLR.bedGraph Coverage	/expanse/lustre/projects/csd940/ctea/homer/bwt2_bam/tags/ctrl_M2/tagdirs/tagdirs.DLR.bedGraph + Tags	/expanse/lustre/projects/csd940/ctea/homer/bwt2_bam/tags/ctrl_M2/tagdirs/tagdirs.DLR.bedGraph - Tags	/expanse/lustre/projects/csd940/ctea/homer/bwt2_bam/tags/mut_M2/tagdirs/tagdirs.DLR.bedGraph Coverage	/expanse/lustre/projects/csd940/ctea/homer/bwt2_bam/tags/mut_M2/tagdirs/tagdirs.DLR.bedGraph + Tags	/expanse/lustre/projects/csd940/ctea/homer/bwt2_bam/tags/mut_M2/tagdirs/tagdirs.DLR.bedGraph - Tags
-250000	-0.774071835683526	-0.00015238904838301	-0.000152466119226548	-0.854154247234653	-0.000168051654986068	-0.000168288567086043
-249000	-0.774022164991978	-0.000156947500633286	-0.000156997171324833	-0.854097188212446	-0.000171821899012074	-0.000171878958034282
-248000	-0.774348285907287	-0.000149821582369332	-0.000149495461454025	-0.854139491682851	-0.000166043717807988	-0.000166001414337583
-247000	-0.774695389681669	-0.000157621105294266	-0.000157274001519885	-0.854550261758001	-0.000173988326437559	-0.000173577556362407
-246000	-0.774770560668749	-0.000157991323988854	-0.000157916153001774	-0.854425124546145	-0.000174519526302457	-0.000174644663514312
-245000	-0.775011779110023	-0.000152630266824284	-0.00015238904838301	-0.854785358439585	-0.000168411888879507	-0.000168051654986068
-244000	-0.77503284640716	-0.000156968567930423	-0.000156947500633286	-0.854482626868192	-0.000171519167440683	-0.000171821899012074
-243000	-0.775102697796166	-0.00014989143375834	-0.000149821582369332	-0.854651777421262	-0.000166212868361057	-0.000166043717807988
-242000	-0.77544676180022	-0.000157965169298319	-0.000157621105294266	-0.854777463480537	-0.000174114012496833	-0.000173988326437559
-241000	-0.775157413662079	-0.000157701975850714	-0.000157991323988854	-0.854874166174111	-0.000174616228996031	-0.000174519526302457
-240000	-0.775264565566157	-0.000152737418728363	-0.000152630266824284	-0.855085198007262	-0.000168622920712658	-0.000168411888879507
-239000	-0.775157434771595	-0.000156861437135861	-0.000156968567930423	-0.855005024064848	-0.000171438993498269	-0.000171519167440683
-238000	-0.775005488474204	-0.000149739487460947	-0.00014989143375834	-0.854928755382927	-0.000166136599679136	-0.000166212868361057
-237000	-0.775161086717892	-0.000158120767542008	-0.000157965169298319	-0.85502860339441	-0.000174213860508318	-0.000174114012496833
-236000	-0.775595583889217	-0.000158136473022039	-0.000157701975850714	-0.855130520138478	-0.0001747181457401	-0.000174616228996031
-235000	-0.775994891497087	-0.000153136726336232	-0.000152737418728363	-0.85546968673478	-0.000168962087308959	-0.000168622920712658
-234000	-0.776392721438825	-0.000157259267077599	-0.000156861437135861	-0.855836359030651	-0.00017180566579414	-0.000171438993498269
-233000	-0.776301169467196	-0.00014964793548932	-0.000149739487460947	-0.855900257536097	-0.000166200498184582	-0.000166136599679136
-232000	-0.776694228658279	-0.000158513826733092	-0.000158120767542008	-0.856204234568944	-0.000174517837541163	-0.000174213860508318
-231000	-0.777001414337583	-0.000158443658701343	-0.000158136473022039	-0.856466731402516	-0.000174980642573673	-0.0001747181457401
-230000	-0.777371020856202	-0.000153506332854851	-0.000153136726336232	-0.856929156463734	-0.000169424512370177	-0.000168962087308959
-229000	-0.777551127248163	-0.00015743937346956	-0.000157259267077599	-0.857322025669172	-0.000172198534999578	-0.00017180566579414
-228000	-0.778350122435194	-0.000150446930676349	-0.00014964793548932	-0.857660179008697	-0.000166538651524107	-0.000166200498184582
-227000	-0.77782225787385	-0.000157985962171747	-0.000158513826733092	-0.857256396183399	-0.000174114054715866	-0.000174517837541163
-226000	-0.777995440344507	-0.000158616841171999	-0.000158443658701343	-0.857647745503673	-0.000175371991893945	-0.000174980642573673
-225000	-0.778288123786203	-0.000153799016296546	-0.000153506332854851	-0.858229291564637	-0.000170006058431141	-0.000169424512370177
-224000	-0.778380646795575	-0.000157531896478933	-0.00015743937346956	-0.858321033521912	-0.000172290276956853	-0.000172198534999578
-223000	-0.777882018914126	-0.0001499483027949	-0.000150446930676349	-0.85796725914042	-0.000166184877142616	-0.000166538651524107
-222000	-0.777285084015874	-0.000157389027273495	-0.000157985962171747	-0.857444840834248	-0.000173591636409693	-0.000174114054715866
-221000	-0.777537173857975	-0.000158868931014101	-0.000158616841171999	-0.857625263868952	-0.000175552414928649	-0.000175371991893945
-220000	-0.777750696614034	-0.000154012539052604	-0.000153799016296546	-0.858076859748375	-0.000170457654310563	-0.000170006058431141
-219000	-0.777887106307523	-0.000157668306172422	-0.000157531896478933	-0.858501920965971	-0.000172715338174449	-0.000172290276956853
-218000	-0.777832200455966	-0.000149893396943342	-0.0001499483027949	-0.858247530186608	-0.000165930486363253	-0.000166184877142616
-217000	-0.777664612007093	-0.000157221438824622	-0.000157389027273495	-0.858078147428861	-0.000173422253651946	-0.000173591636409693
-216000	-0.777258338258887	-0.000158462657265896	-0.000158868931014101	-0.857689289031495	-0.000175163556531285	-0.000175552414928649
-215000	-0.776963079456219	-0.000153717280249937	-0.000154012539052604	-0.857100565735033	-0.000169868931014101	-0.000170457654310563
-214000	-0.777008443806468	-0.00015771367052267	-0.000157668306172422	-0.85696996115849	-0.000172584733597906	-0.000172715338174449
-213000	-0.777241091784176	-0.00015012604492105	-0.000149893396943342	-0.85739208815334	-0.000166352613358102	-0.000165930486363253
-212000	-0.777065946128515	-0.000157046293168959	-0.000157221438824622	-0.857388752849785	-0.000173418918348391	-0.000173422253651946
-211000	-0.776962805032509	-0.000158359516169889	-0.000158462657265896	-0.85673258464916	-0.000174507388330659	-0.000175163556531285
-210000	-0.776601241239551	-0.000153355716456979	-0.000153717280249937	-0.856245841425315	-0.000169382187790256	-0.000169868931014101
-209000	-0.776731423625771	-0.000157843852908891	-0.00015771367052267	-0.856161994427088	-0.00017250088659968	-0.000172584733597906
-208000	-0.776699970446677	-0.000150094591741957	-0.00015012604492105	-0.856053744828169	-0.000166244363759181	-0.000166352613358102
-207000	-0.776913176559993	-0.000157259499282276	-0.000157046293168959	-0.856148294351094	-0.000173513467871316	-0.000173418918348391
-206000	-0.776824938782403	-0.000158271278392299	-0.000158359516169889	-0.856207865405725	-0.000174566959385291	-0.000174507388330659
-205000	-0.776720573334459	-0.000153251351009036	-0.000153355716456979	-0.85590922908047	-0.000169083551465001	-0.000169382187790256
-204000	-0.776545554335895	-0.000157668833910326	-0.000157843852908891	-0.855259457063244	-0.000171851114582455	-0.00017250088659968
-203000	-0.776568964789327	-0.000150118002195391	-0.000150094591741957	-0.855162163303217	-0.000166147069999156	-0.000166244363759181
-202000	-0.777013193447606	-0.000157703727940556	-0.000157259499282276	-0.855895824537702	-0.000174247129105802	-0.000173513467871316
-201000	-0.77708300261758	-0.000158341087562274	-0.000158271278392299	-0.85586287258296	-0.000174534007430548	-0.000174566959385291
-200000	-0.777227581693828	-0.000153395930085283	-0.000153251351009036	-0.855912226631766	-0.000169132905513804	-0.000169083551465001
-199000	-0.777210314109601	-0.000157651566326101	-0.000157668833910326	-0.855858017394241	-0.000171796905344929	-0.000171851114582455
-198000	-0.777245018154184	-0.000150152706239974	-0.000150118002195391	-0.855511272481635	-0.000165800325086549	-0.000166147069999156
-197000	-0.777316494975935	-0.000157775204762307	-0.000157703727940556	-0.855637106307523	-0.000174372962931691	-0.000174247129105802
-196000	-0.777209533057502	-0.00015823412564384	-0.000158341087562274	-0.855752680908554	-0.000174649582031579	-0.000174534007430548
-195000	-0.77742548340792	-0.0001536118804357	-0.000153395930085283	-0.855918411720003	-0.000169298636325255	-0.000169132905513804
-194000	-0.777234378958034	-0.000157460461876214	-0.000157651566326101	-0.856516782065355	-0.000172395275690282	-0.000171796905344929
-193000	-0.776372097441527	-0.000149290424723464	-0.000150152706239974	-0.855824453263531	-0.000165107996284725	-0.000165800325086549
-192000	-0.776667630667905	-0.000158070737988685	-0.000157775204762307	-0.855963100565735	-0.000174511610233893	-0.000174372962931691
-191000	-0.776678586506797	-0.000158245081482732	-0.00015823412564384	-0.855896352275606	-0.00017458283374145	-0.000174649582031579
-190000	-0.776940281178755	-0.000153873575107658	-0.0001536118804357	-0.856057354555434	-0.000169459638605083	-0.000169298636325255
-189000	-0.776828337414506	-0.000157348518111965	-0.000157460461876214	-0.855949548256354	-0.000172287469391201	-0.000172395275690282
-188000	-0.776717913535422	-0.000149180000844381	-0.000149290424723464	-0.855657054800304	-0.000164815502828676	-0.000165107996284725
-187000	-0.77646219285654	-0.000157815017309803	-0.000158070737988685	-0.855290276956852	-0.000174144832390442	-0.000174511610233893
-186000	-0.776065101747868	-0.00015784799037406	-0.000158245081482732	-0.854924301275015	-0.000174216858059613	-0.00017458283374145
-185000	-0.775904479439331	-0.000153712952799122	-0.000153873575107658	-0.85485141011568	-0.000169386747445749	-0.000169459638605083
-184000	-0.775730410368994	-0.000157174449041628	-0.000157348518111965	-0.854685742632779	-0.0001721218019083	-0.000172287469391201
-183000	-0.775826944186439	-0.000149276534661824	-0.000149180000844381	-0.854940555602466	-0.000165070315798362	-0.000164815502828676
-182000	-0.775604893185848	-0.000157592966309212	-0.000157815017309803	-0.854526492442793	-0.00017373076923077	-0.000174144832390442
-181000	-0.775406611500464	-0.000157649708688678	-0.00015784799037406	-0.854333678122097	-0.000174024043738918	-0.000174216858059613
-180000	-0.775556700160432	-0.00015386304145909	-0.000153712952799122	-0.854340918686144	-0.000169393988009794	-0.000169386747445749
-179000	-0.775936164823102	-0.000157553913704298	-0.000157174449041628	-0.854269315207295	-0.000172050198429452	-0.0001721218019083
-178000	-0.776442117706662	-0.000149782487545386	-0.000149276534661824	-0.854588723296462	-0.000165389723887529	-0.000165070315798362
-177000	-0.775923372456303	-0.000157074221058853	-0.000157592966309212	-0.854414232035802	-0.000173556277970109	-0.00017373076923077
-176000	-0.775678839820991	-0.000157405176053365	-0.000157649708688678	-0.853962952799122	-0.000173572764502239	-0.000174024043738918
-175000	-0.775835008021616	-0.000154019209659715	-0.00015386304145909	-0.853969053449295	-0.000169400088659969	-0.000169393988009794
-174000	-0.775753314194039	-0.000157472219876721	-0.000157553913704298	-0.854040319175885	-0.000172121464156041	-0.000172050198429452
-173000	-0.775921409271299	-0.000149950582622646	-0.000149782487545386	-0.85421913788736	-0.000165568542599003	-0.000165389723887529
-172000	-0.776012665709702	-0.000157165477497256	-0.000157074221058853	-0.854292324579921	-0.00017362946466267	-0.000173556277970109
-171000	-0.775777590137634	-0.000157170100481296	-0.000157405176053365	-0.853892425905598	-0.000173172865827915	-0.000173572764502239
-170000	-0.776196086295702	-0.000154437705817782	-0.000154019209659715	-0.854237503166427	-0.000169745165920796	-0.000169400088659969
-169000	-0.776587752258718	-0.000157863885839736	-0.000157472219876721	-0.854594549522925	-0.00017247851051254	-0.000172121464156041
-168000	-0.77697238875285	-0.000150335219116778	-0.000149950582622646	-0.854845541670185	-0.000165819534746264	-0.000165568542599003
-167000	-0.777243751583214	-0.00015743684032762	-0.000157165477497256	-0.855033543021194	-0.000173817466013678	-0.00017362946466267
-166000	-0.77730539137043	-0.000157231740268513	-0.000157170100481296	-0.854942286582791	-0.000173081609389514	-0.000173172865827915
-165000	-0.77773330237271	-0.000154865616820063	-0.000154437705817782	-0.855111690450055	-0.000169914569788061	-0.000169745165920796
-164000	-0.778005657350334	-0.000158136240817361	-0.000157863885839736	-0.855662986574348	-0.000173029806636832	-0.00017247851051254
-163000	-0.778241598412564	-0.000150571160179009	-0.000150335219116778	-0.856096681584058	-0.000166253229755974	-0.000165819534746264
-162000	-0.778667820653551	-0.000157863062568605	-0.00015743684032762	-0.8561366841172	-0.000173857468546821	-0.000173817466013678
-161000	-0.779039474795238	-0.000157603394410199	-0.000157231740268513	-0.856496559148864	-0.000173441484421177	-0.000173081609389514
-160000	-0.7792082242675	-0.000155034366292324	-0.000154865616820063	-0.856897069999156	-0.000170315080638353	-0.000169914569788061
-159000	-0.77918612260407	-0.000158114139153931	-0.000158136240817361	-0.856792725660728	-0.000172925462298404	-0.000173029806636832
-158000	-0.779494701511441	-0.00015087973908638	-0.000150571160179009	-0.856917693996454	-0.000166378198091699	-0.000166253229755974
-157000	-0.7796933420586	-0.000158061703115765	-0.000157863062568605	-0.85738569196994	-0.000174325466520307	-0.000173857468546821
-156000	-0.779828632947733	-0.000157738685299333	-0.000157603394410199	-0.857563581862704	-0.00017361937431394	-0.000173441484421177
-155000	-0.779998648990965	-0.000155204382335557	-0.000155034366292324	-0.857698788313772	-0.00017045028708942	-0.000170315080638353
-154000	-0.779813412986574	-0.00015792890314954	-0.000158114139153931	-0.857814130710124	-0.000173040804694756	-0.000172925462298404
-153000	-0.780408194714177	-0.000151474520813983	-0.00015087973908638	-0.858469623406232	-0.000167033690787808	-0.000166378198091699
-152000	-0.780747129105801	-0.000158400637507388	-0.000158061703115765	-0.858856729713755	-0.000174712572827831	-0.000174325466520307
-151000	-0.781144220214473	-0.000158135776408005	-0.000157738685299333	-0.858724753018661	-0.000173487397618848	-0.00017361937431394
-150000	-0.780915245292578	-0.000154975407413663	-0.000155204382335557	-0.858270222916491	-0.000169995756987249	-0.00017045028708942
-149000	-0.780899814236258	-0.000157913472093219	-0.00015792890314954	-0.857848919192772	-0.000172619500971038	-0.000173040804694756
-148000	-0.781526386895212	-0.000152101093472937	-0.000151474520813983	-0.85858553575952	-0.000167770307354556	-0.000167033690787808
-147000	-0.781812315291734	-0.000158686565903909	-0.000158400637507388	-0.858850629063582	-0.000174977666131893	-0.000174712572827831
-146000	-0.781887570716879	-0.00015821103183315	-0.000158135776408005	-0.859141665963016	-0.000173778434518281	-0.000173487397618848
-145000	-0.781594612851473	-0.000154682449548257	-0.000154975407413663	-0.859036435024909	-0.000169890526049143	-0.000169995756987249
-144000	-0.78169488305328	-0.000158013742295026	-0.000157913472093219	-0.859126108249599	-0.000172709174195727	-0.000172619500971038
-143000	-0.78144405978215	-0.000151850270201807	-0.000152101093472937	-0.858764227813898	-0.000167408426918855	-0.000167770307354556
-142000	-0.781530102170058	-0.000158772608291818	-0.000158686565903909	-0.85879646204509	-0.000175009900363083	-0.000174977666131893
-141000	-0.781088638858397	-0.000157769568521489	-0.00015821103183315	-0.858884488727518	-0.000173866461200709	-0.000173778434518281
-140000	-0.781217934644938	-0.000154811745334796	-0.000154682449548257	-0.859021975006333	-0.000170028012327957	-0.000169890526049143
-139000	-0.781403951701427	-0.000158199759351516	-0.000158013742295026	-0.858826965295955	-0.00017251416448535	-0.000172709174195727
-138000	-0.78138911171156	-0.00015183543021194	-0.000151850270201807	-0.858967723549776	-0.000167549185172675	-0.000167408426918855
-137000	-0.781299037406063	-0.000158682533986321	-0.000158772608291818	-0.859076184243857	-0.000175118361057163	-0.000175009900363083
-136000	-0.781381575614287	-0.000157852106729714	-0.000157769568521489	-0.858698070590222	-0.000173488347547073	-0.000173866461200709
-135000	-0.781422528075656	-0.000154852697796165	-0.000154811745334796	-0.858577197500633	-0.000169907139238368	-0.000170028012327957
-134000	-0.781312568605928	-0.000158089799881785	-0.000158199759351516	-0.858761715781474	-0.000172698682766191	-0.00017251416448535
-133000	-0.781351726758423	-0.000151874588364435	-0.00015183543021194	-0.858773938191337	-0.000167561407582538	-0.000167549185172675
-132000	-0.781556700160432	-0.000158887507388331	-0.000158682533986321	-0.858959870809761	-0.000175304293675589	-0.000175118361057163
-131000	-0.781870661994427	-0.000158166068563709	-0.000157852106729714	-0.858971607700752	-0.000173500084438065	-0.000173488347547073
-130000	-0.782073566663852	-0.000155055602465591	-0.000154852697796165	-0.859098539221481	-0.0001700340707591	-0.000169907139238368
-129000	-0.782173689099046	-0.000158189922316982	-0.000158089799881785	-0.858980832559318	-0.000172580976104027	-0.000172698682766191
-128000	-0.782530714346027	-0.000152231613611416	-0.000151874588364435	-0.859062273072701	-0.000167642848095923	-0.000167561407582538
-127000	-0.78268171071519	-0.000159038503757495	-0.000158887507388331	-0.859015937684708	-0.000175257958287597	-0.000175304293675589
-126000	-0.782951722536519	-0.000158436080385038	-0.000158166068563709	-0.858799311829773	-0.00017328345858313	-0.000173500084438065
-125000	-0.783186861437136	-0.000155290741366208	-0.000155055602465591	-0.859104639871654	-0.000170339398800979	-0.0001700340707591
-124000	-0.783129802414929	-0.000158132863294773	-0.000158189922316982	-0.859193299839568	-0.000172669636071941	-0.000172580976104027
-123000	-0.783194798615216	-0.000152296609811703	-0.000152231613611416	-0.859020054040361	-0.000167469602296716	-0.000167642848095923
-122000	-0.783529785527316	-0.000159373490669592	-0.000159038503757495	-0.858839652115174	-0.000175077556362408	-0.000175257958287597
-121000	-0.783668812800811	-0.000158575107658533	-0.000158436080385038	-0.859341340876467	-0.000173785147344423	-0.00017328345858313
-120000	-0.783890842691885	-0.000155512771257283	-0.000155290741366208	-0.859377775901376	-0.000170375833825888	-0.000170339398800979
-119000	-0.784055053618171	-0.000158297074221059	-0.000158132863294773	-0.859179240901799	-0.000172471101072364	-0.000172669636071941
-118000	-0.783676433336148	-0.00015191798952968	-0.000152296609811703	-0.859097779278899	-0.000167388140673816	-0.000167469602296716
-117000	-0.783700772608292	-0.000159397829941738	-0.000159373490669592	-0.859074136620789	-0.000175053913704299	-0.000175077556362408
-116000	-0.783658806890146	-0.000158533141940387	-0.000158575107658533	-0.859371105294267	-0.0001740821160179	-0.000173785147344423
-115000	-0.783601199020519	-0.000155455163387654	-0.000155512771257283	-0.85959545723212	-0.000170600185763742	-0.000170375833825888
-114000	-0.783690513383433	-0.000158386388583974	-0.000158297074221059	-0.859513341214219	-0.000172388985054463	-0.000172471101072364
-113000	-0.783864624672802	-0.000152092100819049	-0.00015191798952968	-0.859989719665625	-0.000167864519125222	-0.000167388140673816
-112000	-0.784462425061218	-0.000159995630330152	-0.000159397829941738	-0.860410727856117	-0.00017547492189479	-0.000175053913704299
-111000	-0.784780819893608	-0.000158851536772776	-0.000158533141940387	-0.860903867263362	-0.000174575255425145	-0.0001740821160179
-110000	-0.785091615300177	-0.000155765958794223	-0.000155455163387654	-0.860887549607363	-0.000170583868107743	-0.000170600185763742
-109000	-0.785038482647978	-0.000158333255931775	-0.000158386388583974	-0.860816347209322	-0.000172317782656421	-0.000172388985054463
-108000	-0.784920353795491	-0.000151973971966563	-0.000152092100819049	-0.860593219623406	-0.000167641391539305	-0.000167864519125222
-107000	-0.784656189310141	-0.000159731465844803	-0.000159995630330152	-0.860659693489825	-0.00017554139576121	-0.00017547492189479
-106000	-0.784572447859495	-0.000158767795322131	-0.000158851536772776	-0.860377395930085	-0.000174292957865404	-0.000174575255425145
-105000	-0.784822870049818	-0.000156016380984549	-0.000155765958794223	-0.860800325086549	-0.000171006797264207	-0.000170583868107743
-104000	-0.784456049987334	-0.00015796643586929	-0.000158333255931775	-0.860593156294858	-0.00017211061386473	-0.000172317782656421
-103000	-0.784966773621549	-0.000152484695600777	-0.000151973971966563	-0.86093937346956	-0.000167987608714008	-0.000167641391539305
-102000	-0.785311660896732	-0.000160076353119986	-0.000159731465844803	-0.861143755805117	-0.000175745778096766	-0.00017554139576121
-101000	-0.78547221987672	-0.000158928354302119	-0.000158767795322131	-0.860966499197838	-0.000174115701258127	-0.000174292957865404
-100000	-0.785567043823356	-0.000156111204931183	-0.000156016380984549	-0.860913113231445	-0.000170953411297812	-0.000171006797264207
-99000	-0.785531432069577	-0.000157930824115511	-0.00015796643586929	-0.860794942159926	-0.00017199244279321	-0.00017211061386473
-98000	-0.786085599088069	-0.000153038862619269	-0.000152484695600777	-0.86110086126826	-0.000168293527822343	-0.000167987608714008
-97000	-0.786075740944018	-0.000160066494975935	-0.000160076353119986	-0.861250781052098	-0.000175895697880605	-0.000175745778096766
-96000	-0.785676961074052	-0.000158529574432154	-0.000158928354302119	-0.860769589631006	-0.000173634509837034	-0.000174115701258127
-95000	-0.786054251456557	-0.000156488495313688	-0.000156111204931183	-0.861299565143967	-0.000171483386810774	-0.000170953411297812
-94000	-0.786640610487208	-0.000158517183146162	-0.000157930824115511	-0.861942117706662	-0.000172634995355907	-0.00017199244279321
-93000	-0.786878979143798	-0.00015327723127586	-0.000153038862619269	-0.861799185172676	-0.000168150595288356	-0.000168293527822343
-92000	-0.787187769146331	-0.000160375284978468	-0.000160066494975935	-0.861922739170818	-0.000176019251878747	-0.000175895697880605
-91000	-0.787009794815503	-0.000158351600101326	-0.000158529574432154	-0.862147766613189	-0.000173859537279406	-0.000173634509837034
-90000	-0.786999345604999	-0.000156478046103183	-0.000156488495313688	-0.862296314278477	-0.000171631934476063	-0.000171483386810774
-89000	-0.787496622477413	-0.000159014460018576	-0.000158517183146162	-0.862845225027442	-0.000173183906104872	-0.000172634995355907
-88000	-0.787522671620366	-0.000153303280418813	-0.00015327723127586	-0.862647492189479	-0.000167952862450393	-0.000168150595288356
-87000	-0.787630794562189	-0.000160483407920291	-0.000160375284978468	-0.862637802921557	-0.000176009562610826	-0.000176019251878747
-86000	-0.788233619015452	-0.00015895442455459	-0.000158351600101326	-0.863101177911002	-0.00017432291226885	-0.000173859537279406
-85000	-0.788453369078781	-0.000156697796166511	-0.000156478046103183	-0.863239740775141	-0.000171770497340201	-0.000171631934476063
-84000	-0.788784598497002	-0.000159345689436799	-0.000159014460018576	-0.863454720087816	-0.000173398885417547	-0.000173183906104872
-83000	-0.788825213206113	-0.000153343895127924	-0.000153303280418813	-0.863831947141771	-0.000168330089504348	-0.000167952862450393
-82000	-0.788940048974078	-0.000160598243688255	-0.000160483407920291	-0.863937051422781	-0.000176114666891834	-0.000176009562610826
-81000	-0.788786561682006	-0.000158800937262519	-0.00015895442455459	-0.863903930591911	-0.00017428979143798	-0.00017432291226885
-80000	-0.788549100734611	-0.000156460335219116	-0.000156697796166511	-0.863247783500802	-0.000171114350249093	-0.000171770497340201
-79000	-0.788840960905176	-0.000159637549607363	-0.000159345689436799	-0.863462995018154	-0.000173614096934899	-0.000173398885417547
-78000	-0.788828632947733	-0.00015333156717048	-0.000153343895127924	-0.863349974668581	-0.000168217069154774	-0.000168330089504348
-77000	-0.788947986152157	-0.000160717596892679	-0.000160598243688255	-0.863718209068648	-0.000176482901291903	-0.000176114666891834
-76000	-0.788934961580681	-0.000158787912691041	-0.000158800937262519	-0.863684032761969	-0.000174255615131301	-0.00017428979143798
-75000	-0.788596048298573	-0.000156121421937009	-0.000156460335219116	-0.863080933884995	-0.00017051125137212	-0.000171114350249093
-74000	-0.788769061893101	-0.000159810563201892	-0.000159637549607363	-0.863091995271468	-0.000173625158321371	-0.000173614096934899
-73000	-0.788792894536857	-0.000153355399814236	-0.00015333156717048	-0.863310964282699	-0.000168436038166005	-0.000168217069154774
-72000	-0.788778371189732	-0.000160703073545554	-0.000160717596892679	-0.863296778687833	-0.000176468715697036	-0.000176482901291903
-71000	-0.788559254411889	-0.000158568795913197	-0.000158787912691041	-0.863382251118804	-0.000174341087562272	-0.000174255615131301
-70000	-0.788697352866672	-0.000156259520391792	-0.000156121421937009	-0.863244870387571	-0.000170373870640886	-0.00017051125137212
-69000	-0.788774993667145	-0.000159888204002363	-0.000159810563201892	-0.86335808072279	-0.000173738368656591	-0.000173625158321371
-68000	-0.789295849869121	-0.000153876256016212	-0.000153355399814236	-0.863588997720172	-0.000168666955163387	-0.000168436038166005
-67000	-0.789462340623153	-0.000160869564299586	-0.000160703073545554	-0.863534682935067	-0.000176414400911931	-0.000176468715697036
-66000	-0.789067951532551	-0.000158174406822596	-0.000158568795913197	-0.862784619606519	-0.000173591024233723	-0.000174341087562272
-65000	-0.789068078189648	-0.000156259647048889	-0.000156259520391792	-0.863066473866419	-0.000170655724900785	-0.000170373870640886
-64000	-0.788770201806975	-0.000159590327619691	-0.000159888204002363	-0.862911192265473	-0.000173583087055644	-0.000173738368656591
-63000	-0.788617453347969	-0.000153723507557206	-0.000153876256016212	-0.863031685383771	-0.000168787448281685	-0.000168666955163387
-62000	-0.789475301866081	-0.000161727412817698	-0.000160869564299586	-0.863225660727856	-0.000176608376256017	-0.000176414400911931
-61000	-0.789859051760534	-0.000158558156717048	-0.000158174406822596	-0.863523030482141	-0.000173888393988009	-0.000173591024233723
-60000	-0.79070028708942	-0.000157100882377775	-0.000156259647048889	-0.864461454023474	-0.000171594148442118	-0.000170655724900785
-59000	-0.790753567508233	-0.000159643608038503	-0.000159590327619691	-0.864966309212193	-0.000174087942244364	-0.000173583087055644
-58000	-0.790847209321962	-0.000153817149370936	-0.000153723507557206	-0.864900975259647	-0.00016872211432914	-0.000168787448281685
-57000	-0.79104601874525	-0.000161926222240986	-0.000161727412817698	-0.865700920374905	-0.000177408321371274	-0.000176608376256017
-56000	-0.791038925947817	-0.000158551063919615	-0.000158558156717048	-0.865968990120746	-0.000174156463733851	-0.000173888393988009
-55000	-0.791616693405387	-0.000157678649835346	-0.000157100882377775	-0.866937283627459	-0.000172562441948832	-0.000171594148442118
-54000	-0.791892510343663	-0.00015991942497678	-0.000159643608038503	-0.867334459174196	-0.000174485117791101	-0.000174087942244364
-53000	-0.79241429536435	-0.000154338934391624	-0.000153817149370936	-0.867797496411382	-0.000169185151566326	-0.00016872211432914
-52000	-0.792325023220468	-0.000161836950097103	-0.000161926222240986	-0.867553554842523	-0.000177164379802414	-0.000177408321371274
-51000	-0.793350227982775	-0.000159576268681922	-0.000158551063919615	-0.86810466098117	-0.0001747075698725	-0.000174156463733851
-50000	-0.794391813729629	-0.0001587202355822	-0.000157678649835346	-0.868790213628304	-0.000173247994595964	-0.000172562441948832
-49000	-0.794300683948324	-0.000159828295195473	-0.00015991942497678	-0.868687726927299	-0.000174382631090096	-0.000174485117791101
-48000	-0.794970193363168	-0.000155008443806468	-0.000154338934391624	-0.86904872076332	-0.000169546145402349	-0.000169185151566326
-47000	-0.795861521573926	-0.00016272827830786	-0.000161836950097103	-0.869487629823524	-0.000177603288862619	-0.000177164379802414
-46000	-0.795844211770666	-0.000159558958878663	-0.000159576268681922	-0.869677784345183	-0.000174897724394158	-0.0001747075698725
-45000	-0.796714768217512	-0.000159590792029047	-0.0001587202355822	-0.870248416786287	-0.000173818627037068	-0.000173247994595964
-44000	-0.797044456641054	-0.000160157983619015	-0.000159828295195473	-0.870049396267838	-0.000174183610571645	-0.000174382631090096
-43000	-0.797743181626277	-0.000155707168791691	-0.000155008443806468	-0.870488178670945	-0.000169984927805454	-0.000169546145402349
-42000	-0.798241408426919	-0.000163226505108503	-0.00016272827830786	-0.870811724225281	-0.000177926834416956	-0.000177603288862619
-41000	-0.798571033521912	-0.000159888583973656	-0.000159558958878663	-0.871044519969602	-0.000175130520138478	-0.000174897724394158
-40000	-0.799305539137043	-0.000160325297644178	-0.000159590792029047	-0.871599615806806	-0.000174373722874273	-0.000173818627037068
-39000	-0.799603542176813	-0.000160455986658785	-0.000160157983619015	-0.871603816600524	-0.000174187811365363	-0.000174183610571645
-38000	-0.800834670269357	-0.000156938296884235	-0.000155707168791691	-0.872422422528076	-0.000170803533733007	-0.000169984927805454
-37000	-0.800908046947564	-0.00016329988178671	-0.000163226505108503	-0.872605948661657	-0.000178110360550537	-0.000177926834416956
-36000	-0.800882208899772	-0.000159862745925864	-0.000159888583973656	-0.872578020771764	-0.000175102592248586	-0.000175130520138478
-35000	-0.801126066030567	-0.000160569154774972	-0.000160325297644178	-0.872721333277041	-0.00017451703537955	-0.000174373722874273
-34000	-0.801481930254159	-0.000160811850882377	-0.000160455986658785	-0.872602043401165	-0.000174068521489488	-0.000174187811365363
-33000	-0.802259267077599	-0.000157715633707675	-0.000156938296884235	-0.873118403276197	-0.000171319893608038	-0.000170803533733007
-32000	-0.80306784598497	-0.000164108460694081	-0.00016329988178671	-0.873750781052098	-0.000178742738326437	-0.000178110360550537
-31000	-0.80383255931774	-0.000160627459258634	-0.000159862745925864	-0.874126256016212	-0.0001754780672127	-0.000175102592248586
-30000	-0.804003799712911	-0.000160740395170143	-0.000160569154774972	-0.874022080553914	-0.00017441285991725	-0.00017451703537955
-29000	-0.804480938106899	-0.000161288989276366	-0.000160811850882377	-0.874607025246981	-0.000174653466182556	-0.000174068521489488
-28000	-0.80534374736131	-0.000158578442962087	-0.000157715633707675	-0.875376635987503	-0.00017208950434856	-0.000171319893608038
-27000	-0.806359516169889	-0.000165124229502659	-0.000164108460694081	-0.876117094486194	-0.000179483196825129	-0.000178742738326437
-26000	-0.806774993667145	-0.000161042936755889	-0.000160627459258634	-0.87604078358524	-0.000175401756311746	-0.0001754780672127
-25000	-0.806613674744575	-0.000160579076247572	-0.000160740395170143	-0.876017267584227	-0.000174389343916238	-0.00017441285991725
-24000	-0.807286772777168	-0.000161962087308959	-0.000161288989276366	-0.876694819724732	-0.00017533101832306	-0.000174653466182556
-23000	-0.807797665287512	-0.000159089335472431	-0.000158578442962087	-0.877509604829857	-0.000172904289453685	-0.00017208950434856
-22000	-0.808127649244279	-0.000165454213459427	-0.000165124229502659	-0.878131955585578	-0.000180105547580849	-0.000179483196825129
-21000	-0.8092450392637	-0.00016216032677531	-0.000161042936755889	-0.879419889386135	-0.000176689690112303	-0.000175401756311746
-20000	-0.809160263446762	-0.000160494300430634	-0.000160579076247572	-0.879319893608039	-0.000174289348138141	-0.000174389343916238
-19000	-0.809700033775226	-0.000162501857637424	-0.000161962087308959	-0.879914801992738	-0.00017592592670776	-0.00017533101832306
-18000	-0.810191020011821	-0.000159580321709026	-0.000159089335472431	-0.880757156125982	-0.000173746643586929	-0.000172904289453685
-17000	-0.810689985645529	-0.000165953179093133	-0.000165454213459427	-0.881804969180106	-0.000181153360634973	-0.000180105547580849
-16000	-0.811162564384024	-0.000162632905513806	-0.00016216032677531	-0.882379232457992	-0.000177263953390189	-0.000176689690112303
-15000	-0.811551232795744	-0.000160882968842354	-0.000160494300430634	-0.883582538208224	-0.000175492653888372	-0.000174289348138141
-14000	-0.812562589715444	-0.000163513214557122	-0.000162501857637424	-0.884704888963945	-0.00017704827746348	-0.00017592592670776
-13000	-0.81192240141856	-0.000158940133412143	-0.000159580321709026	-0.88498627881449	-0.000174028033437472	-0.000173746643586929
-12000	-0.812183019505193	-0.000166213797179769	-0.000165953179093133	-0.88555423034704	-0.000181721312167525	-0.000181153360634973
-11000	-0.811150384193194	-0.000161600270201807	-0.000162632905513806	-0.885691315545048	-0.000177401038588196	-0.000177263953390189
-10000	-0.809730283711897	-0.000159462868361058	-0.000160882968842354	-0.884898990965127	-0.000174700329308453	-0.000175492653888372
-9000	-0.808832538208224	-0.00016261546905345	-0.000163513214557122	-0.884448176137803	-0.000176597462636156	-0.00017704827746348
-8000	-0.807637929578654	-0.000157745524782573	-0.000158940133412143	-0.883434476061809	-0.000173014333361479	-0.000174028033437472
-7000	-0.80654105800895	-0.000165116925610065	-0.000166213797179769	-0.882810647639956	-0.000181097483745672	-0.000181721312167525
-6000	-0.806243434940471	-0.000161302647133327	-0.000161600270201807	-0.882993582707084	-0.000177583973655324	-0.000177401038588196
-5000	-0.805889365025754	-0.000159108798446339	-0.000159462868361058	-0.883400236426581	-0.000175106983027949	-0.000174700329308453
-4000	-0.805557882293338	-0.000162283986321034	-0.00016261546905345	-0.884113632525543	-0.000177310858735119	-0.000176597462636156
-3000	-0.805180211939542	-0.000157367854428777	-0.000157745524782573	-0.884094380646796	-0.000172995081482732	-0.000173014333361479
-2000	-0.804936629232458	-0.000164873342902981	-0.000165116925610065	-0.884587118973233	-0.00018159022207211	-0.000181097483745672
-1000	-0.805240880689015	-0.000161606898589885	-0.000161302647133327	-0.885514312251963	-0.000178511166934053	-0.000177583973655324
0	-0.804761947986152	-0.000158629865743477	-0.000159108798446339	-0.885172886937431	-0.000174765557713418	-0.000175106983027949
1000	-0.804802119395423	-0.000162324157730306	-0.000162283986321034	-0.885436713670523	-0.000177574685468209	-0.000177310858735119
2000	-0.804920374905007	-0.00015748610993836	-0.000157367854428777	-0.885714156041544	-0.000173272523853755	-0.000172995081482732
3000	-0.804236658785781	-0.000164189626783754	-0.000164873342902981	-0.885331926032255	-0.000181207992062821	-0.00018159022207211
4000	-0.804373364012497	-0.000161743603816601	-0.000161606898589885	-0.884738347547074	-0.000177917588448871	-0.000178511166934053
5000	-0.804617938866841	-0.000158874440597822	-0.000158629865743477	-0.884968462382842	-0.000174995672549185	-0.000174765557713418
6000	-0.805231339187706	-0.00016293755805117	-0.000162324157730306	-0.885887528497847	-0.000178493751583214	-0.000177574685468209
7000	-0.806124567254919	-0.000158379338005573	-0.00015748610993836	-0.887158300261758	-0.000174543295617665	-0.000173272523853755
8000	-0.80687351177911	-0.000164938571307946	-0.000164189626783754	-0.888198450561513	-0.000182248142362577	-0.000181207992062821
9000	-0.807682512876805	-0.000162552604914295	-0.000161743603816601	-0.889389259478173	-0.000179108397365532	-0.000177917588448871
10000	-0.808745271468378	-0.000159937199189396	-0.000158874440597822	-0.889959110867179	-0.000175565523938191	-0.000174995672549185
11000	-0.809388837287849	-0.00016358112387064	-0.00016293755805117	-0.890158764671114	-0.000178693405387149	-0.000178493751583214
12000	-0.809449949337161	-0.000158440450054885	-0.000158379338005573	-0.889984315629486	-0.000174368846576038	-0.000174543295617665
13000	-0.809774444819725	-0.00016526306679051	-0.000164938571307946	-0.889669023895972	-0.000181932850629064	-0.000182248142362577
14000	-0.809739170818205	-0.000162517330912775	-0.000162552604914295	-0.888903191758845	-0.000178342565228406	-0.000179108397365532
15000	-0.80990536603901	-0.0001601033944102	-0.000159937199189396	-0.888701321455712	-0.00017536365363506	-0.000175565523938191
16000	-0.809926370007599	-0.000163602127839229	-0.00016358112387064	-0.888501688761294	-0.00017849377269273	-0.000178693405387149
17000	-0.810100481296969	-0.000158614561344253	-0.000158440450054885	-0.888023748205691	-0.000173890906020433	-0.000174368846576038
18000	-0.810253673055814	-0.000165416258549354	-0.00016526306679051	-0.887519336316812	-0.000181428438740184	-0.000181932850629064
19000	-0.809993160516761	-0.000162256818373723	-0.000162517330912775	-0.888144220214473	-0.000178967449126065	-0.000178342565228406
20000	-0.809698239466351	-0.00015980847335979	-0.0001601033944102	-0.887688761293591	-0.000174908194714176	-0.00017536365363506
21000	-0.809898125474964	-0.000163802013847842	-0.000163602127839229	-0.888065819471418	-0.000178870830870556	-0.00017849377269273
22000	-0.809539728109432	-0.000158256163978721	-0.000158614561344253	-0.887518787469391	-0.000173343874018408	-0.000173890906020433
23000	-0.809376319344761	-0.000165252849784683	-0.000165416258549354	-0.887219496749134	-0.000181129148019928	-0.000181428438740184
24000	-0.809318943679811	-0.000162199442708773	-0.000162256818373723	-0.886807143460272	-0.000178555095837204	-0.000178967449126065
25000	-0.809039664780883	-0.000159529194460863	-0.00015980847335979	-0.887007958287596	-0.000175109009541501	-0.000174908194714176
26000	-0.808470742210589	-0.000163233091277547	-0.000163802013847842	-0.886241028455628	-0.000178103901038588	-0.000178870830870556
27000	-0.807832601536773	-0.000157618023304905	-0.000158256163978721	-0.885917588448873	-0.000173020434011653	-0.000173343874018408
28000	-0.807426517774213	-0.000164846766022122	-0.000165252849784683	-0.885807755636241	-0.000181019315207294	-0.000181129148019928
29000	-0.806970214472684	-0.000161743139407245	-0.000162199442708773	-0.885624525035886	-0.00017837186523685	-0.000178555095837204
30000	-0.806899814236258	-0.000159458794224436	-0.000159529194460863	-0.885594823946635	-0.00017507930845225	-0.000175109009541501
31000	-0.80693612260407	-0.00016326939964536	-0.000163233091277547	-0.885784894030229	-0.000178293971122181	-0.000178103901038588
32000	-0.806468040192519	-0.000157149940893355	-0.000157618023304905	-0.885253293084522	-0.000172488833065947	-0.000173020434011653
33000	-0.806385100903487	-0.000164763826733091	-0.000164846766022122	-0.885452904669425	-0.000181218926792198	-0.000181019315207294
34000	-0.80661601790087	-0.000161974056404627	-0.000161743139407245	-0.885111669340539	-0.000178030629907962	-0.00017837186523685
35000	-0.806271362830364	-0.000159114139153931	-0.000159458794224436	-0.884627881448957	-0.00017459552056067	-0.00017507930845225
36000	-0.806589018829688	-0.000163587055644685	-0.00016326939964536	-0.884879380224605	-0.00017854546989783	-0.000178293971122181
37000	-0.806625686059276	-0.000157186608122941	-0.000157149940893355	-0.884786097272651	-0.000172395550113991	-0.000172488833065947
38000	-0.806703157983619	-0.000164841298657434	-0.000164763826733091	-0.884657223676433	-0.00018109005319598	-0.000181218926792198
39000	-0.806741725069661	-0.000162012623490669	-0.000161974056404627	-0.884363928058769	-0.000177737334290298	-0.000178030629907962
40000	-0.806538398209913	-0.000158910812294182	-0.000159114139153931	-0.884065481719159	-0.000174297074221059	-0.00017459552056067
41000	-0.806599404711644	-0.000163648062146415	-0.000163587055644685	-0.884285569534746	-0.000178765557713417	-0.00017854546989783
42000	-0.806530292155704	-0.000157117495567002	-0.000157186608122941	-0.884591108671789	-0.000172701089251034	-0.000172395550113991
43000	-0.807307755636241	-0.000165618762137972	-0.000164841298657434	-0.884865659039095	-0.000181364603563287	-0.00018109005319598
44000	-0.80753924259056	-0.000162244110444988	-0.000162012623490669	-0.884604175462298	-0.000177475850713502	-0.000177737334290298
45000	-0.807692012159081	-0.000159063581862705	-0.000158910812294182	-0.884507831630499	-0.000174200730389259	-0.000174297074221059
46000	-0.80754844633961	-0.000163504496326944	-0.000163648062146415	-0.884800135100903	-0.000179057861183822	-0.000178765557713417
47000	-0.80742394241324	-0.000156992991640631	-0.000157117495567002	-0.884473022038335	-0.000172373976188465	-0.000172701089251034
48000	-0.807950455965549	-0.000166145275690281	-0.000165618762137972	-0.884624651692983	-0.000181516233217934	-0.000181364603563287
49000	-0.807721248838977	-0.000162014903318416	-0.000162244110444988	-0.884680190830026	-0.000177531389850545	-0.000177475850713502
50000	-0.808215485941062	-0.000159557818964789	-0.000159063581862705	-0.885144579076248	-0.000174665118635481	-0.000174200730389259
51000	-0.808193004306341	-0.000163482014692223	-0.000163504496326944	-0.884797855273157	-0.000178711137380732	-0.000179057861183822
52000	-0.807901882968842	-0.000156701870303132	-0.000156992991640631	-0.884636494131555	-0.000172212615046864	-0.000172373976188465
53000	-0.807698619437643	-0.000165942012159081	-0.000166145275690281	-0.884436523684877	-0.000181316262771257	-0.000181516233217934
54000	-0.807764544456641	-0.000162080828337415	-0.000162014903318416	-0.884653149539813	-0.000177748015705481	-0.000177531389850545
55000	-0.80766826395339	-0.000159461538461538	-0.000159557818964789	-0.88468567930423	-0.000174697648399899	-0.000174665118635481
56000	-0.806913450983703	-0.000162727201722536	-0.000163482014692223	-0.884047939711222	-0.000178073397787723	-0.000178711137380732
57000	-0.807052056066875	-0.000156840475386304	-0.000156701870303132	-0.884132103352191	-0.000172296778687832	-0.000172212615046864
58000	-0.806132926623322	-0.000165022882715528	-0.000165942012159081	-0.883533627459259	-0.000180717786878325	-0.000181316262771257
59000	-0.805899645360128	-0.000161847547074221	-0.000162080828337415	-0.883438697965043	-0.000177653086211264	-0.000177748015705481
60000	-0.805756396183399	-0.00015931828928481	-0.000159461538461538	-0.883406569281432	-0.000174665519716288	-0.000174697648399899
61000	-0.805965528160095	-0.000162936333699232	-0.000162727201722536	-0.88358156717048	-0.000178248395676771	-0.000178073397787723
62000	-0.805471185510428	-0.000156346132736637	-0.000156840475386304	-0.88287693152073	-0.000171592143038082	-0.000172296778687832
63000	-0.804844802837119	-0.000164396500042218	-0.000165022882715528	-0.882628324748797	-0.000180469180106392	-0.000180717786878325
64000	-0.80463425652284	-0.000161637000759943	-0.000161847547074221	-0.882509520391793	-0.00017753428185426	-0.000177653086211264
65000	-0.803842966309212	-0.000158526999071182	-0.00015931828928481	-0.882176327788567	-0.000174332327113062	-0.000174665519716288
66000	-0.8040283289707	-0.000163121696360719	-0.000162936333699232	-0.88204078358524	-0.000178112851473445	-0.000178248395676771
67000	-0.80439886430803	-0.000156716668073967	-0.000156346132736637	-0.882086021278392	-0.000171637380731234	-0.000171592143038082
68000	-0.803975787384953	-0.000163973423119142	-0.000164396500042218	-0.881723465338174	-0.000180106624166173	-0.000180469180106392
69000	-0.803440682259563	-0.000161101895634552	-0.000161637000759943	-0.881860824959892	-0.000177671641475977	-0.00017753428185426
70000	-0.80315751920966	-0.000158243836021279	-0.000158526999071182	-0.881328105209829	-0.000173799607362999	-0.000174332327113062
71000	-0.803187030313265	-0.000163151207464325	-0.000163121696360719	-0.881168200624842	-0.000177952946888457	-0.000178112851473445
72000	-0.803211221818796	-0.000156740859579499	-0.000156716668073967	-0.881083910326775	-0.000171553090433167	-0.000171637380731234
73000	-0.803023410453432	-0.000163785611753778	-0.000163973423119142	-0.880946698471671	-0.000179969412311069	-0.000180106624166173
74000	-0.8031650130879	-0.000161243498269019	-0.000161101895634552	-0.881004390779363	-0.00017772933378367	-0.000177671641475977
75000	-0.803448809423288	-0.000158527632356667	-0.000158243836021279	-0.881159081313856	-0.000173954297897493	-0.000173799607362999
76000	-0.803398273241577	-0.000163100671282615	-0.000163151207464325	-0.880981761378029	-0.00017777562695263	-0.000177952946888457
77000	-0.80293612260407	-0.000156278708941991	-0.000156740859579499	-0.880499493371612	-0.000171070822426749	-0.000171553090433167
78000	-0.802816769399645	-0.000163666258549355	-0.000163785611753778	-0.880450814827324	-0.000179920733766783	-0.000179969412311069
79000	-0.802659144642405	-0.000161085873511779	-0.000161243498269019	-0.879977307270117	-0.000177255826226464	-0.00017772933378367
80000	-0.80253599172507	-0.000158404479439331	-0.000158527632356667	-0.87984590053196	-0.000173822891159335	-0.000173954297897493
81000	-0.802754348560331	-0.000163319028117875	-0.000163100671282615	-0.880151735202229	-0.000178081461622899	-0.00017777562695263
82000	-0.802640821582369	-0.00015616518196403	-0.000156278708941991	-0.880400046440936	-0.000171319133665456	-0.000171070822426749
83000	-0.802687748036815	-0.000163713185003799	-0.000163666258549355	-0.880592354133243	-0.00018011304145909	-0.000179920733766783
84000	-0.802583129274677	-0.00016098125474964	-0.000161085873511779	-0.880267077598581	-0.000176930549691801	-0.000177255826226464
85000	-0.802126741535084	-0.000157948091699739	-0.000158404479439331	-0.879571139069493	-0.000173126952630245	-0.000173822891159335
86000	-0.801539495904754	-0.000162731782487546	-0.000163319028117875	-0.879231824706578	-0.000177742147259985	-0.000178081461622899
87000	-0.802035928396521	-0.000156661614455798	-0.00015616518196403	-0.879843684032762	-0.000171930992991641	-0.000171319133665456
88000	-0.802147682175125	-0.000163824938782402	-0.000163713185003799	-0.879910960060795	-0.000180180317487124	-0.00018011304145909
89000	-0.801832369332095	-0.000160665941906611	-0.00016098125474964	-0.879481845816094	-0.000176501435447101	-0.000176930549691801
90000	-0.801713501646542	-0.000157829224014185	-0.000157948091699739	-0.879373258464916	-0.000173018365279067	-0.000173126952630245
91000	-0.801310415435278	-0.000162328696276283	-0.000162731782487546	-0.879042514565566	-0.000177411403360635	-0.000177742147259985
92000	-0.801500506628388	-0.000156851705648907	-0.000156661614455798	-0.879118719918939	-0.000172007198345014	-0.000171930992991641
93000	-0.801422359199527	-0.000163746791353542	-0.000163824938782402	-0.879110423879085	-0.000180172021447267	-0.000180180317487124
94000	-0.801001773199358	-0.000160245355906443	-0.000160665941906611	-0.879041374651693	-0.000176432386219708	-0.000176501435447101
95000	-0.801147133327704	-0.000157974584142531	-0.000157829224014185	-0.878620450899265	-0.00017259744152664	-0.000173018365279067
96000	-0.800483112387064	-0.000161664675335642	-0.000162328696276283	-0.878037384953137	-0.000176828337414507	-0.000177411403360635
97000	-0.800639723887528	-0.000157008317149371	-0.000156851705648907	-0.878227328379634	-0.00017219714177151	-0.000172007198345014
98000	-0.800779426665541	-0.000163886494131555	-0.000163746791353542	-0.878145951194799	-0.000180090644262434	-0.000180172021447267
99000	-0.800829815080638	-0.000160295744321539	-0.000160245355906443	-0.878493920459343	-0.000176780355484252	-0.000176432386219708
100000	-0.800869416532973	-0.000158014185594866	-0.000157974584142531	-0.87869929494216	-0.000172802816009457	-0.00017259744152664
101000	-0.800695263024572	-0.000161490521827241	-0.000161664675335642	-0.878684476061809	-0.000176813518534155	-0.000176828337414507
102000	-0.800055750232205	-0.000156368804357004	-0.000157008317149371	-0.878114835767964	-0.000171627501477665	-0.00017219714177151
103000	-0.799906695938529	-0.000163737439837879	-0.000163886494131555	-0.877904226125137	-0.000179880034619607	-0.000180090644262434
104000	-0.799756311745335	-0.000160145360128346	-0.000160295744321539	-0.878074812125306	-0.000176950941484421	-0.000176780355484252
105000	-0.798994891497087	-0.000157252765346618	-0.000158014185594866	-0.877425884488727	-0.000172153888372878	-0.000172802816009457
106000	-0.798864920206029	-0.000161360550536182	-0.000161490521827241	-0.877134003208646	-0.000176521637254074	-0.000176813518534155
107000	-0.798636325255425	-0.000156140209406401	-0.000156368804357004	-0.877164422021447	-0.000171657920290466	-0.000171627501477665
108000	-0.798228700498185	-0.000163329815080639	-0.000163737439837879	-0.876508232711306	-0.000179223845309466	-0.000179880034619607
109000	-0.798258591573081	-0.000160175251203243	-0.000160145360128346	-0.87621472599848	-0.000176657434771596	-0.000176950941484421
110000	-0.7980084860255	-0.000157002659799038	-0.000157252765346618	-0.875891117115596	-0.000171830279489994	-0.000172153888372878
111000	-0.79820001266571	-0.000161552077176391	-0.000161360550536182	-0.876119163218779	-0.000176749683357257	-0.000176521637254074
112000	-0.797943722029891	-0.000155883918770582	-0.000156140209406401	-0.875814996200287	-0.000171353753271975	-0.000171657920290466
113000	-0.797379422443638	-0.000162765515494385	-0.000163329815080639	-0.875436375918264	-0.000178845225027443	-0.000179223845309466
114000	-0.797785717301359	-0.000160581546060965	-0.000160175251203243	-0.875808895550114	-0.000177029954403445	-0.000176657434771596
115000	-0.797426538883729	-0.000156643481381406	-0.000157002659799038	-0.875542662332179	-0.00017156404627206	-0.000171830279489994
116000	-0.797218251287681	-0.000161343789580343	-0.000161552077176391	-0.87513921725914	-0.000176346238284218	-0.000176749683357257
117000	-0.797103288862619	-0.000155768956345521	-0.000155883918770582	-0.874866039010386	-0.000171080575023221	-0.000171353753271975
118000	-0.796523874862788	-0.000162186101494553	-0.000162765515494385	-0.874579350671283	-0.000178558536688338	-0.000178845225027443
119000	-0.796470045596555	-0.000160527716794732	-0.000160581546060965	-0.874360001688761	-0.000176810605420924	-0.000177029954403445
120000	-0.796057460103014	-0.000156230895887866	-0.000156643481381406	-0.874050747276872	-0.000171254791860171	-0.00017156404627206
121000	-0.796352296715359	-0.000161638626192686	-0.000161343789580343	-0.874388204002364	-0.000176683695009711	-0.000176346238284218
122000	-0.796035231782488	-0.000155451891412648	-0.000155768956345521	-0.874262792366799	-0.000170955163387656	-0.000171080575023221
123000	-0.795794667736215	-0.000161945537448283	-0.000162186101494553	-0.874280144389091	-0.000178575888710631	-0.000178558536688338
124000	-0.795249915561935	-0.000159982964620451	-0.000160527716794732	-0.87365382504433	-0.000176184286076163	-0.000176810605420924
125000	-0.795211179599764	-0.000156192159925694	-0.000156230895887866	-0.873673815756143	-0.000171274782571984	-0.000171254791860171
126000	-0.794530629907963	-0.000160958076500886	-0.000161638626192686	-0.873383264375581	-0.000176393143629149	-0.000176683695009711
127000	-0.794250844380647	-0.000155172105885333	-0.000155451891412648	-0.873192708773115	-0.000170764607785189	-0.000170955163387656
128000	-0.794353098876974	-0.000162047791944608	-0.000161945537448283	-0.873215528160095	-0.000178598708097609	-0.000178575888710631
129000	-0.79383768893017	-0.000159467554673648	-0.000159982964620451	-0.872788398209913	-0.000175757156125981	-0.000176184286076163
130000	-0.793579097357089	-0.000155933568352614	-0.000156192159925694	-0.872742295026598	-0.00017122867938867	-0.000171274782571984
131000	-0.793153761715781	-0.000160532740859579	-0.000160958076500886	-0.872525479186017	-0.000176176327788568	-0.000176393143629149
132000	-0.792774275943595	-0.000154792620113147	-0.000155172105885333	-0.872344338427763	-0.000170583467026936	-0.000170764607785189
133000	-0.793017837541164	-0.000162291353542177	-0.000162047791944608	-0.872387085198007	-0.000178641454867855	-0.000178598708097609
134000	-0.792772122772946	-0.000159221839905429	-0.000159467554673648	-0.872096639365026	-0.000175466710292999	-0.000175757156125981
135000	-0.792394051338343	-0.00015555549691801	-0.000155933568352614	-0.871602908891328	-0.000170734948914971	-0.00017122867938867
136000	-0.791825909820147	-0.000159964599341382	-0.000160532740859579	-0.870918306172422	-0.000175491725069661	-0.000176176327788568
137000	-0.791773705986659	-0.000154740416279658	-0.000154792620113147	-0.870416532973064	-0.000170081693827578	-0.000170583467026936
138000	-0.791909862365955	-0.000162427509921472	-0.000162291353542177	-0.870153487292071	-0.000178378409186862	-0.000178641454867855
139000	-0.791434602718906	-0.000158746580258381	-0.000159221839905429	-0.870182386219708	-0.000175495609220636	-0.000175466710292999
140000	-0.791505045174365	-0.00015562593937347	-0.00015555549691801	-0.870119458752005	-0.000170672021447269	-0.000170734948914971
141000	-0.791902094064004	-0.000160361648231022	-0.000159964599341382	-0.870122118551043	-0.000175494384868699	-0.000175491725069661
142000	-0.791644642404796	-0.00015448296462045	-0.000154740416279658	-0.86959248079034	-0.000169552056066875	-0.000170081693827578
143000	-0.791396647808832	-0.000162179515325509	-0.000162427509921472	-0.869722536519463	-0.000178508464915983	-0.000178378409186862
144000	-0.79146219285654	-0.000158812125306088	-0.000158746580258381	-0.869836549016297	-0.00017560962171747	-0.000175495609220636
145000	-0.79197365532382	-0.00015613740184075	-0.00015562593937347	-0.870000232204678	-0.000170835704635649	-0.000170672021447269
146000	-0.792575994258212	-0.000160963987165414	-0.000160361648231022	-0.870385586422359	-0.00017587973908638	-0.000175494384868699
147000	-0.792305602465591	-0.000154212572827831	-0.00015448296462045	-0.870159756818374	-0.000169326226462889	-0.000169552056066875
148000	-0.7921147513299	-0.000161988664189816	-0.000162179515325509	-0.87047095330575	-0.00017881966140336	-0.000178508464915983
149000	-0.79212874693912	-0.000158826120915309	-0.000158812125306088	-0.870486785442878	-0.000175625453854598	-0.00017560962171747
150000	-0.792448682766191	-0.00015645733766782	-0.00015613740184075	-0.87065735033353	-0.000171006269526302	-0.000170835704635649
151000	-0.792129359115089	-0.000160644663514312	-0.000160963987165414	-0.87013894283543	-0.00017536133158828	-0.00017587973908638
152000	-0.792066516085451	-0.000154149729798193	-0.000154212572827831	-0.870083762560162	-0.000169271046187622	-0.000169326226462889
153000	-0.791789179262011	-0.000161711327366376	-0.000161988664189816	-0.869681204086802	-0.00017841710293	-0.00017881966140336
154000	-0.792223359790594	-0.000159260301443891	-0.000158826120915309	-0.870190217850207	-0.000176134467618003	-0.000175625453854598
155000	-0.792069893608038	-0.000156303871485266	-0.00015645733766782	-0.870220573334459	-0.000171036625010554	-0.000171006269526302
156000	-0.791664210926286	-0.000160238980832559	-0.000160644663514312	-0.870214198260576	-0.000175354956514396	-0.00017536133158828
157000	-0.791491999493372	-0.00015397751836528	-0.000154149729798193	-0.870613611416026	-0.000169670459343072	-0.000169271046187622
158000	-0.79120921641476	-0.000161428544287764	-0.000161711327366376	-0.870461707337668	-0.000178265198851643	-0.00017841710293
159000	-0.791471797686397	-0.00015952288271553	-0.000159260301443891	-0.870598454783416	-0.000176271215063752	-0.000176134467618003
160000	-0.791161698893861	-0.00015599377269273	-0.000156303871485266	-0.870080068394832	-0.000170518238621971	-0.000171036625010554
161000	-0.790858270708435	-0.000159935552647134	-0.000160238980832559	-0.870091066452757	-0.000175365954572321	-0.000175354956514396
162000	-0.790580765008866	-0.00015370001266571	-0.00015397751836528	-0.869781242083931	-0.000169360634974247	-0.000169670459343072
163000	-0.790623448450562	-0.000161471227729461	-0.000161428544287764	-0.869935489318585	-0.000178419446086296	-0.000178265198851643
164000	-0.790996981339188	-0.000159896415604154	-0.00015952288271553	-0.870085831292747	-0.000176421557037912	-0.000176271215063752
165000	-0.790817909313519	-0.00015581470066706	-0.00015599377269273	-0.870055897998818	-0.000170488305328042	-0.000170518238621971
166000	-0.791127965887022	-0.000160245609220636	-0.000159935552647134	-0.870431372962932	-0.000175741429536434	-0.000175365954572321
167000	-0.791337710039686	-0.000153909756818374	-0.00015370001266571	-0.870408996875792	-0.000169338258887107	-0.000169360634974247
168000	-0.791293717807988	-0.000161427235497762	-0.000161471227729461	-0.870329540656928	-0.000178339989867432	-0.000178419446086296
169000	-0.791185721523263	-0.000159788419319428	-0.000159896415604154	-0.870124123955079	-0.000176216140336064	-0.000176421557037912
170000	-0.791093029637761	-0.000155722008781559	-0.00015581470066706	-0.86993413830955	-0.000170298319682513	-0.000170488305328042
171000	-0.790982436882547	-0.000160135016465423	-0.000160245609220636	-0.869880752343156	-0.000175688043570042	-0.000175741429536434
172000	-0.791318817022714	-0.000154246136958541	-0.000153909756818374	-0.870099130287934	-0.000169556636831883	-0.000169338258887107
173000	-0.791267288693743	-0.000161375707168792	-0.000161427235497762	-0.870027822342312	-0.000178268681921811	-0.000178339989867432
174000	-0.790724520813983	-0.00015924565143967	-0.000159788419319428	-0.869799227391708	-0.00017598754538546	-0.000176216140336064
175000	-0.790431520729545	-0.00015542900869712	-0.000155722008781559	-0.86974377269273	-0.000170242864983535	-0.000170298319682513
176000	-0.790581102761125	-0.000160284598497004	-0.000160135016465423	-0.869731972473191	-0.000175676243350502	-0.000175688043570042
177000	-0.790959131976695	-0.000154624166174111	-0.000154246136958541	-0.870352571139069	-0.000170177235497763	-0.000169556636831883
178000	-0.791004327450815	-0.000161420902642911	-0.000161375707168792	-0.870524402600692	-0.000178440513383433	-0.000178268681921811
179000	-0.790527146837794	-0.000158768470826649	-0.00015924565143967	-0.870177573250021	-0.000175640716034789	-0.00017598754538546
180000	-0.79026118804357	-0.000155163049902896	-0.00015542900869712	-0.869769209659715	-0.000169834501393228	-0.000170242864983535
181000	-0.790154838301106	-0.000160178248754539	-0.000160284598497004	-0.869917102930001	-0.000175824136620788	-0.000175676243350502
182000	-0.789822680064173	-0.000154292007937179	-0.000154624166174111	-0.86994234991134	-0.000170202482479102	-0.000170177235497763
183000	-0.789551528328971	-0.000161149750907709	-0.000161420902642911	-0.869888288440429	-0.000178386451912522	-0.000178440513383433
184000	-0.789563349658026	-0.000158780292155704	-0.000158768470826649	-0.869927509921473	-0.000175679937515832	-0.000175640716034789
185000	-0.789402664020941	-0.000155002364265812	-0.000155163049902896	-0.86984473950857	-0.000169751730980327	-0.000169834501393228
186000	-0.789133095499451	-0.000159908680233049	-0.000160178248754539	-0.869622709617496	-0.000175602106729714	-0.000175824136620788
187000	-0.789289115933463	-0.00015444802837119	-0.000154292007937179	-0.870161424470151	-0.000170741197331756	-0.000170202482479102
188000	-0.788891180444144	-0.000160751815418391	-0.000161149750907709	-0.869717090264291	-0.000177942117706662	-0.000178386451912522
189000	-0.789030186608123	-0.000158919298319682	-0.000158780292155704	-0.869488896394495	-0.000175451743646035	-0.000175679937515832
190000	-0.788862007092797	-0.000154834184750485	-0.000155002364265812	-0.86934248079034	-0.000169605315376172	-0.000169751730980327
191000	-0.788720277801233	-0.000159766950941486	-0.000159908680233049	-0.86915355062062	-0.000175413176559993	-0.000175602106729714
192000	-0.788780988769737	-0.000154508739339694	-0.00015444802837119	-0.869133728784936	-0.000170721375496074	-0.000170741197331756
193000	-0.78860113569197	-0.000160571962340624	-0.000160751815418391	-0.868876847082665	-0.000177685236004391	-0.000177942117706662
194000	-0.788433082833741	-0.000158751245461454	-0.000158919298319682	-0.868203347969265	-0.000174778244532635	-0.000175451743646035
195000	-0.788116777843452	-0.000154517879760195	-0.000154834184750485	-0.868348349235835	-0.000169750316642742	-0.000169605315376172
196000	-0.787852233386811	-0.000159502406484844	-0.000159766950941486	-0.867904141687073	-0.00017496896901123	-0.000175413176559993
197000	-0.787770159587942	-0.000154426665540827	-0.000154508739339694	-0.867588976610656	-0.000170406210419658	-0.000170721375496074
198000	-0.787871611922655	-0.000160673414675337	-0.000160571962340624	-0.86756531284303	-0.000177661572236765	-0.000177685236004391
199000	-0.787548045258803	-0.000158427678797602	-0.000158751245461454	-0.867459680824116	-0.000174672612513722	-0.000174778244532635
200000	-0.787567233809001	-0.000154537068310394	-0.000154517879760195	-0.867756417292916	-0.000170047053111543	-0.000169750316642742
201000	-0.787728573841088	-0.00015966374651693	-0.000159502406484844	-0.868009055982437	-0.000175221607700752	-0.00017496896901123
202000	-0.7873349869121	-0.000154033078611838	-0.000154426665540827	-0.867436439246812	-0.000169833593684033	-0.000170406210419658
203000	-0.787711116271215	-0.000161049544034451	-0.000160673414675337	-0.867318479270455	-0.000177543612260407	-0.000177661572236765
204000	-0.787412669931605	-0.000158129232457992	-0.000158427678797602	-0.867376424892341	-0.000174730558135608	-0.000174672612513722
205000	-0.787679937515832	-0.000154804335894622	-0.000154537068310394	-0.867548826310901	-0.000170219454530103	-0.000170047053111543
206000	-0.787664801992738	-0.000159648610993837	-0.00015966374651693	-0.867504876298235	-0.000175177657688086	-0.000175221607700752
207000	-0.787583087055645	-0.000153951363674743	-0.000154033078611838	-0.867439711221819	-0.000169768428607616	-0.000169833593684033
208000	-0.787445980748121	-0.000160912437726928	-0.000161049544034451	-0.86754998733429	-0.000177653888372879	-0.000177543612260407
209000	-0.787375263868952	-0.000158058515578824	-0.000158129232457992	-0.867992569450308	-0.000175173140251625	-0.000174730558135608
210000	-0.787389850544626	-0.000154818922570294	-0.000154804335894622	-0.868006733935658	-0.000170233619015452	-0.000170219454530103
211000	-0.787395486785443	-0.000159654247234653	-0.000159648610993837	-0.868191231106983	-0.00017536215485941	-0.000175177657688086
212000	-0.787202355822005	-0.000153758232711306	-0.000153951363674743	-0.868042620113147	-0.000169619817613781	-0.000169768428607616
213000	-0.787469454530102	-0.000161179536435025	-0.000160912437726928	-0.868395740099637	-0.000178007008359368	-0.000177653888372879
214000	-0.787395676771088	-0.00015798473781981	-0.000158058515578824	-0.86821445157477	-0.000174991851726758	-0.000175173140251625
215000	-0.78762351177911	-0.000155046757578316	-0.000154818922570294	-0.868258633792113	-0.000170277801232796	-0.000170233619015452
216000	-0.787431478510513	-0.000159462213966055	-0.000159654247234653	-0.867933610571646	-0.000175037131638942	-0.00017536215485941
217000	-0.78739291142447	-0.000153719665625264	-0.000153758232711306	-0.867979270455121	-0.000169665477497256	-0.000169619817613781
218000	-0.787234632272228	-0.000161021257282783	-0.000161179536435025	-0.868491366207886	-0.000178519104112133	-0.000178007008359368
219000	-0.787179641982606	-0.000157929747530187	-0.00015798473781981	-0.868220277801233	-0.000174720763320106	-0.000174991851726758
220000	-0.787422865827915	-0.000155289981423626	-0.000155046757578316	-0.868494110444989	-0.000170551633876552	-0.000170277801232796
221000	-0.787063180781897	-0.000159102528920037	-0.000159462213966055	-0.868418348391455	-0.000174961369585409	-0.000175037131638942
222000	-0.787036118382167	-0.000153692603225534	-0.000153719665625264	-0.868366735624419	-0.000169613864730222	-0.000169665477497256
223000	-0.78712703706831	-0.000161112175968926	-0.000161021257282783	-0.868289495904754	-0.000178441864392468	-0.000178519104112133
224000	-0.786808621126404	-0.00015761133158828	-0.000157929747530187	-0.867807671198176	-0.000174238938613527	-0.000174720763320106
225000	-0.786723676433336	-0.000155205036730558	-0.000155289981423626	-0.86790382504433	-0.000170647787722706	-0.000170551633876552
226000	-0.786399962002871	-0.000158778814489571	-0.000159102528920037	-0.867405746010301	-0.00017446329055138	-0.000174961369585409
227000	-0.786484674491261	-0.000153777315713924	-0.000153692603225534	-0.867715253736384	-0.000169923372456303	-0.000169613864730222
228000	-0.786097145993414	-0.00016072464747108	-0.000161112175968926	-0.867402241830617	-0.000178128852486701	-0.000178441864392468
229000	-0.785738474204171	-0.000157252659799038	-0.00015761133158828	-0.866844021785021	-0.000173680718567931	-0.000174238938613527
230000	-0.785983450139323	-0.00015545001266571	-0.000155205036730558	-0.867107109685046	-0.000170910875622731	-0.000170647787722706
231000	-0.785815523938191	-0.000158610888288441	-0.000158778814489571	-0.866972029891075	-0.000174328210757409	-0.00017446329055138
232000	-0.785520265135523	-0.000153482056911256	-0.000153777315713924	-0.866559423288018	-0.000169510765853246	-0.000169923372456303
233000	-0.785567318247066	-0.000160771700582623	-0.00016072464747108	-0.866692476568437	-0.00017826190576712	-0.000178128852486701
234000	-0.78479095246137	-0.000156476294013341	-0.000157252659799038	-0.866340179853078	-0.000173328421852571	-0.000173680718567931
235000	-0.785003124208393	-0.000155662184412733	-0.00015545001266571	-0.866404648315461	-0.000170975344085114	-0.000170910875622731
236000	-0.785232753525289	-0.000158840517605337	-0.000158610888288441	-0.866438697965043	-0.000174362260406991	-0.000174328210757409
237000	-0.784904986067719	-0.000153154289453686	-0.000153482056911256	-0.865824474373047	-0.000168896542261251	-0.000169510765853246
238000	-0.784473824199949	-0.000160340538714852	-0.000160771700582623	-0.865572278983366	-0.000178009710377438	-0.00017826190576712
239000	-0.784193278730052	-0.000156195748543443	-0.000156476294013341	-0.865287216077008	-0.000173043358946212	-0.000173328421852571
240000	-0.78391347209322	-0.000155382377775901	-0.000155662184412733	-0.864792957865406	-0.000170481085873512	-0.000170975344085114
241000	-0.784036413915393	-0.000158963459427509	-0.000158840517605337	-0.864789685890399	-0.000174358988431985	-0.000174362260406991
242000	-0.784415878578063	-0.000153533754116357	-0.000153154289453686	-0.864980072616736	-0.000169086928987587	-0.000168896542261251
243000	-0.784423773537111	-0.0001603484336739	-0.000160340538714852	-0.864925694503082	-0.000177955332263785	-0.000178009710377438
244000	-0.784128113653635	-0.000155900088659968	-0.000156195748543443	-0.864591678628726	-0.000172709343071856	-0.000173043358946212
245000	-0.784370007599426	-0.000155624271721692	-0.000155382377775901	-0.865132799966225	-0.000171022207211011	-0.000170481085873512
246000	-0.784716836950097	-0.000159310288778181	-0.000158963459427509	-0.865880562357511	-0.000175106750823271	-0.000174358988431985
247000	-0.785024128176982	-0.000153841045343241	-0.000153533754116357	-0.866252934222748	-0.000169459300852824	-0.000169086928987587
248000	-0.785139533901883	-0.000160463839398801	-0.0001603484336739	-0.866130541247995	-0.000177832939289032	-0.000177955332263785
249000	-0.785245693658701	-0.000156006248416787	-0.000155900088659968	-0.866066051676096	-0.000172644853499958	-0.000172709343071856
250000	-0.784747952376932	-0.000155126530439922	-0.000155624271721692	-0.865578337414506	-0.000170534492949422	-0.000171022207211011
