Distance from Center (cmd=annotatePeaks.pl /expanse/lustre/projects/csd940/ctea/homer/homer_scripts/reference_peaks/H3K27me3.bed mm10 -size 500000 -hist 1000 -bedGraph /expanse/lustre/projects/csd940/ctea/homer/bwt2_bam/tags/ctrl_M1/tagdirs/tagdirs.DLR.bedGraph /expanse/lustre/projects/csd940/ctea/homer/bwt2_bam/tags/mut_M1/tagdirs/tagdirs.DLR.bedGraph)	/expanse/lustre/projects/csd940/ctea/homer/bwt2_bam/tags/ctrl_M1/tagdirs/tagdirs.DLR.bedGraph Coverage	/expanse/lustre/projects/csd940/ctea/homer/bwt2_bam/tags/ctrl_M1/tagdirs/tagdirs.DLR.bedGraph + Tags	/expanse/lustre/projects/csd940/ctea/homer/bwt2_bam/tags/ctrl_M1/tagdirs/tagdirs.DLR.bedGraph - Tags	/expanse/lustre/projects/csd940/ctea/homer/bwt2_bam/tags/mut_M1/tagdirs/tagdirs.DLR.bedGraph Coverage	/expanse/lustre/projects/csd940/ctea/homer/bwt2_bam/tags/mut_M1/tagdirs/tagdirs.DLR.bedGraph + Tags	/expanse/lustre/projects/csd940/ctea/homer/bwt2_bam/tags/mut_M1/tagdirs/tagdirs.DLR.bedGraph - Tags
-250000	-0.765541843253843	-0.000156569612246189	-0.000156422923651085	-0.83719065089506	-0.000170234107154153	-0.000170209311151876
-249000	-0.764889809602125	-0.000151697514074262	-0.000152349547725978	-0.836868366120564	-0.000165481118350307	-0.000165803403124803
-248000	-0.764799860838763	-0.000151732810424441	-0.000151822759187804	-0.836641027262952	-0.000166542475804921	-0.000166769814662534
-247000	-0.764553608703903	-0.00015253602378392	-0.00015278227591878	-0.836606553229173	-0.000167477829084698	-0.000167512303118477
-246000	-0.764190081599089	-0.000151654121070277	-0.00015201764817509	-0.836638876589285	-0.000166903346195206	-0.000166871022835094
-245000	-0.764077234486685	-0.000156456765133785	-0.000156569612246189	-0.836347080776773	-0.000169942311341641	-0.000170234107154153
-244000	-0.763362641533304	-0.00015098292112088	-0.000151697514074262	-0.835891454234929	-0.000165025491808464	-0.000165481118350307
-243000	-0.763577076348915	-0.000151947245240053	-0.000151732810424441	-0.835849326333101	-0.000166500347903093	-0.000166542475804921
-242000	-0.763540831172117	-0.000152499778607123	-0.00015253602378392	-0.835914226073755	-0.000167542728825353	-0.000167477829084698
-241000	-0.763335505092036	-0.000151448794990195	-0.000151654121070277	-0.835476057941679	-0.000166465178063129	-0.000166903346195206
-240000	-0.763166930229616	-0.000156288190271364	-0.000156456765133785	-0.835497691188563	-0.000169963944588526	-0.000169942311341641
-239000	-0.762642608640648	-0.000150458599531912	-0.00015098292112088	-0.835357075083813	-0.000164884875703713	-0.000165025491808464
-238000	-0.762403567588083	-0.000151708204187488	-0.000151947245240053	-0.835061990005693	-0.000166205262824973	-0.000166500347903093
-237000	-0.762374723258903	-0.000152470934277943	-0.000152499778607123	-0.835011512429629	-0.000167492251249288	-0.000167542728825353
-236000	-0.762122904674552	-0.000151196976405844	-0.000151448794990195	-0.834997216775255	-0.000166450882408755	-0.000166465178063129
-235000	-0.761773989499652	-0.000155939275096464	-0.000156288190271364	-0.834943196913151	-0.000169909924726422	-0.000169963944588526
-234000	-0.761517426782213	-0.000150202036814473	-0.000150458599531912	-0.834858308558416	-0.000164799987348978	-0.000164884875703713
-233000	-0.761312859763426	-0.000151503637168702	-0.000151708204187488	-0.834719843127332	-0.00016606679739389	-0.000166205262824973
-232000	-0.760934341198052	-0.000152092415712569	-0.000152470934277943	-0.834597634258966	-0.000167370042380922	-0.000167492251249288
-231000	-0.760794547409703	-0.000151057182617496	-0.000151196976405844	-0.83439275096464	-0.000166245999114428	-0.000166450882408755
-230000	-0.75997558352837	-0.000155120311215131	-0.000155939275096464	-0.833938389524954	-0.000169455563286736	-0.000169909924726422
-229000	-0.75939395281169	-0.000149620406097792	-0.000150202036814473	-0.833586185084446	-0.00016444778290847	-0.000164799987348978
-228000	-0.759066544373458	-0.00015117622873047	-0.000151503637168702	-0.833489278259219	-0.000165969890568663	-0.00016606679739389
-227000	-0.759153456891644	-0.000152179328230754	-0.000152092415712569	-0.833561325827061	-0.000167442089948763	-0.000167370042380922
-226000	-0.758563603010943	-0.000150467328736796	-0.000151057182617496	-0.833164906066165	-0.000165849579353533	-0.000166245999114428
-225000	-0.757948194066671	-0.000154504902270858	-0.000155120311215131	-0.8326204693529	-0.000168911126573471	-0.000169455563286736
-224000	-0.75727655133152	-0.000148948763362641	-0.000149620406097792	-0.831954456322348	-0.000163781769877918	-0.00016444778290847
-223000	-0.756893668163704	-0.000150793345562654	-0.00015117622873047	-0.83194705547473	-0.000165962489721045	-0.000165969890568663
-222000	-0.75669314947182	-0.00015197880953887	-0.000152179328230754	-0.831841039913973	-0.000167336074388007	-0.000167442089948763
-221000	-0.756347650072743	-0.000150121829337719	-0.000150467328736796	-0.831551205009805	-0.000165559744449364	-0.000165849579353533
-220000	-0.75581700297299	-0.000153974255171106	-0.000154504902270858	-0.831306913783288	-0.000168666835346954	-0.000168911126573471
-219000	-0.755478208615346	-0.000148609969004997	-0.000148948763362641	-0.830881965968752	-0.000163356822063382	-0.000163781769877918
-218000	-0.755030931747739	-0.000150346068695047	-0.000150793345562654	-0.830840786893542	-0.000165921310645834	-0.000165962489721045
-217000	-0.754458852552344	-0.000151406730343475	-0.00015197880953887	-0.830601619330761	-0.000167096906825226	-0.000167336074388007
-216000	-0.754157378708331	-0.000149820355493706	-0.000150121829337719	-0.830538300967803	-0.000165496426086406	-0.000165559744449364
-215000	-0.753936049085964	-0.000153752925548738	-0.000153974255171106	-0.830627364159656	-0.000168755898538807	-0.000168666835346954
-214000	-0.753770700234044	-0.000148444620153077	-0.000148609969004997	-0.830578214940856	-0.000163307672844582	-0.000163356822063382
-213000	-0.753762160794484	-0.000150337529255487	-0.000150346068695047	-0.830553671959011	-0.000165896767663989	-0.000165921310645834
-212000	-0.75301499146056	-0.000150659561009552	-0.000151406730343475	-0.829922892023531	-0.000166466126889746	-0.000167096906825226
-211000	-0.75282876842305	-0.000149634132456196	-0.000149820355493706	-0.829788158643811	-0.000165361692706686	-0.000165496426086406
-210000	-0.752537541906509	-0.000153461699032197	-0.000153752925548738	-0.829824340565501	-0.000168792080460497	-0.000168755898538807
-209000	-0.751996584224176	-0.000147903662470744	-0.000148444620153077	-0.829510595230565	-0.000162993927509647	-0.000163307672844582
-208000	-0.752100891897021	-0.000150441836928332	-0.000150337529255487	-0.829366057309128	-0.000165752229742552	-0.000165896767663989
-207000	-0.751527294579037	-0.000150085963691568	-0.000150659561009552	-0.82909032829401	-0.000166190397874628	-0.000166466126889746
-206000	-0.751551964071099	-0.000149658801948257	-0.000149634132456196	-0.828993990764754	-0.000165265355177431	-0.000165361692706686
-205000	-0.752005313429059	-0.000153915048390158	-0.000153461699032197	-0.829199569865267	-0.000168997659561009	-0.000168792080460497
-204000	-0.751973053324056	-0.000147871402365741	-0.000147903662470744	-0.829184262129167	-0.000162978619773547	-0.000162993927509647
-203000	-0.751849389588209	-0.000150318173192485	-0.000150441836928332	-0.829342273388576	-0.00016591024100196	-0.000165752229742552
-202000	-0.751877411600987	-0.000150113985704345	-0.000150085963691568	-0.829149724840281	-0.000165997849326333	-0.000166190397874628
-201000	-0.751944019229553	-0.000149725409576823	-0.000149658801948257	-0.82926478588146	-0.00016538041621861	-0.000165265355177431
-200000	-0.752196596875198	-0.000154167626035803	-0.000153915048390158	-0.829374470238472	-0.000169107343918021	-0.000168997659561009
-199000	-0.752208552090581	-0.000147883357581125	-0.000147871402365741	-0.82948807641217	-0.000163092225947245	-0.000162978619773547
-198000	-0.751970333354418	-0.000150079954456323	-0.000150318173192485	-0.829401796445063	-0.000165823961034853	-0.00016591024100196
-197000	-0.751953317730407	-0.000150096970080334	-0.000150113985704345	-0.829629325067999	-0.000166225377949269	-0.000165997849326333
-196000	-0.751816876462774	-0.000149588968309191	-0.000149725409576823	-0.829586185084446	-0.000165337276235056	-0.00016538041621861
-195000	-0.751822379657157	-0.000154173129230185	-0.000154167626035803	-0.82954899108103	-0.000169070149914606	-0.000169107343918021
-194000	-0.752221013346828	-0.000148281991270796	-0.000147883357581125	-0.829680118919603	-0.000163223353785819	-0.000163092225947245
-193000	-0.751527610854577	-0.000149386551964071	-0.000150079954456323	-0.829630653425264	-0.000165774495540515	-0.000165823961034853
-192000	-0.750971282181036	-0.000149540641406794	-0.000150096970080334	-0.829268391422607	-0.000165863115946613	-0.000166225377949269
-191000	-0.750645391865393	-0.000149263077993548	-0.000149588968309191	-0.829033967992915	-0.000165102852805363	-0.000165337276235056
-190000	-0.750774495540515	-0.000154302232905307	-0.000154173129230185	-0.829203238661522	-0.000169239420583212	-0.000169070149914606
-189000	-0.750485040166993	-0.000147992535897274	-0.000148281991270796	-0.829288443291796	-0.000163308558416092	-0.000163223353785819
-188000	-0.75011063318363	-0.000149012144980707	-0.000149386551964071	-0.828804921247391	-0.00016529097349611	-0.000165774495540515
-187000	-0.749712442279714	-0.000149142450502878	-0.000149540641406794	-0.828452716806882	-0.000165510911506104	-0.000165863115946613
-186000	-0.749270352330951	-0.000148820988044784	-0.000149263077993548	-0.828113353153267	-0.000164763489151749	-0.000165102852805363
-185000	-0.748954329812132	-0.000153986210386489	-0.000154302232905307	-0.827950534505661	-0.000169076601935606	-0.000169239420583212
-184000	-0.748604339300398	-0.00014764254538554	-0.000147992535897274	-0.827752103232336	-0.000163110127142767	-0.000163308558416092
-183000	-0.748096021253716	-0.000148503826934025	-0.000149012144980707	-0.827480802074767	-0.000165019672338542	-0.00016529097349611
-182000	-0.747516414700487	-0.000148562843949649	-0.000149142450502878	-0.827055031943829	-0.000165085141375166	-0.000165510911506104
-181000	-0.747221203112151	-0.000148525776456449	-0.000148820988044784	-0.827069327598204	-0.000164777784806123	-0.000164763489151749
-180000	-0.746854323486622	-0.00015361933076096	-0.000153986210386489	-0.827006515276109	-0.000169013789613512	-0.000169076601935606
-179000	-0.746763489151749	-0.000147551711050667	-0.00014764254538554	-0.827124296286925	-0.000163227908153584	-0.000163110127142767
-178000	-0.746659750774875	-0.000148400088557151	-0.000148503826934025	-0.82699588841799	-0.000164891264469606	-0.000165019672338542
-177000	-0.746487886646847	-0.000148390979821621	-0.000148562843949649	-0.826985198304763	-0.000165074451261939	-0.000165085141375166
-176000	-0.746137579859574	-0.000148175469669176	-0.000148525776456449	-0.827077424252008	-0.000164870010753369	-0.000164777784806123
-175000	-0.745714466443165	-0.000153196217344551	-0.00015361933076096	-0.8268178885445	-0.000168754253906003	-0.000169013789613512
-174000	-0.745604339300398	-0.0001474415839079	-0.000147551711050667	-0.826723132392941	-0.000163133152002024	-0.000163227908153584
-173000	-0.745593649187172	-0.000148389398443924	-0.000148400088557151	-0.826644126763236	-0.000164812258839901	-0.000164891264469606
-172000	-0.745498829780505	-0.000148296160414954	-0.000148390979821621	-0.826797773420204	-0.000165228097918907	-0.000165074451261939
-171000	-0.745010500347903	-0.000147687140236574	-0.000148175469669176	-0.826768233284838	-0.000164840470618002	-0.000164870010753369
-170000	-0.744760389651464	-0.000152946106648112	-0.000153196217344551	-0.826513251945095	-0.000168499272566259	-0.000168754253906003
-169000	-0.744871845151496	-0.000147553039407932	-0.0001474415839079	-0.826536593079891	-0.000163156493136821	-0.000163133152002024
-168000	-0.744973749130242	-0.000148491302422671	-0.000148389398443924	-0.826450186602568	-0.000164725852362578	-0.000164812258839901
-167000	-0.744929344044532	-0.000148251755329243	-0.000148296160414954	-0.826577455879562	-0.000165355367195901	-0.000165228097918907
-166000	-0.744670314377886	-0.000147428110569929	-0.000147687140236574	-0.826341957113037	-0.000164604971851477	-0.000164840470618002
-165000	-0.744426845467771	-0.000152702637737997	-0.000152946106648112	-0.82623859826681	-0.000168395913720033	-0.000168499272566259
-164000	-0.743703902840154	-0.000146830096780315	-0.000147553039407932	-0.825802138022645	-0.000162720032892656	-0.000163156493136821
-163000	-0.74367050414321	-0.000148457903725726	-0.000148491302422671	-0.825454993990765	-0.000164378708330698	-0.000164725852362578
-162000	-0.744040862799671	-0.000148622113985704	-0.000148251755329243	-0.825370485166677	-0.000165270858371813	-0.000165355367195901
-161000	-0.743666013030552	-0.000147053260800809	-0.000147428110569929	-0.824687962552976	-0.000163922449237776	-0.000164604971851477
-160000	-0.74339452210766	-0.000152431146815105	-0.000152702637737997	-0.824633183629578	-0.000168341134796635	-0.000168395913720033
-159000	-0.743045037636789	-0.000146480612309444	-0.000146830096780315	-0.824656904295022	-0.0001627437535581	-0.000162720032892656
-158000	-0.74280700866595	-0.000148219874754887	-0.000148457903725726	-0.824877474856095	-0.00016459927889177	-0.000164378708330698
-157000	-0.74239951926118	-0.000148214624580935	-0.000148622113985704	-0.824434436080714	-0.000164827819596433	-0.000165270858371813
-156000	-0.742643683977481	-0.00014729742551711	-0.000147053260800809	-0.824243911695869	-0.000163731924852932	-0.000163922449237776
-155000	-0.742646593712442	-0.000152434056550066	-0.000152431146815105	-0.82410120817256	-0.000168198431273325	-0.000168341134796635
-154000	-0.7419967739895	-0.000145830792586501	-0.000146480612309444	-0.823778417357202	-0.000162420962742741	-0.0001627437535581
-153000	-0.741619267505851	-0.000147842368271238	-0.000148219874754887	-0.823749003732051	-0.00016456986526662	-0.00016459927889177
-152000	-0.742117148459738	-0.000148712505534822	-0.000148214624580935	-0.824109368081473	-0.000165188183945854	-0.000164827819596433
-151000	-0.741803023594155	-0.000146983300651528	-0.00014729742551711	-0.824018280726169	-0.000163640837497628	-0.000163731924852932
-150000	-0.741653488519198	-0.000152284521475109	-0.000152434056550066	-0.823578025175533	-0.00016775817572269	-0.000168198431273325
-149000	-0.741499588841799	-0.000145676892909103	-0.000145830792586501	-0.823402049465494	-0.000162244987032703	-0.000162420962742741
-148000	-0.741339490163831	-0.000147682269593269	-0.000147842368271238	-0.823517237016889	-0.000164685052818016	-0.00016456986526662
-147000	-0.740885191979252	-0.000148258207350244	-0.000148712505534822	-0.823536972610538	-0.000165207919539503	-0.000165188183945854
-146000	-0.740835852995129	-0.000146933961667405	-0.000146983300651528	-0.823767157948004	-0.000163871022835094	-0.000163640837497628
-145000	-0.740895059776077	-0.000152343728256057	-0.000152284521475109	-0.823907331267	-0.000167898349041685	-0.00016775817572269
-144000	-0.740432791447909	-0.000145214624580935	-0.000145676892909103	-0.8235801758492	-0.000161917831614903	-0.000162244987032703
-143000	-0.739976152824341	-0.000147225630969701	-0.000147682269593269	-0.823065342526409	-0.000164170219495225	-0.000164685052818016
-142000	-0.739499715352015	-0.000147781769877917	-0.000148258207350244	-0.822747295844139	-0.000164889872857234	-0.000165207919539503
-141000	-0.739181984945284	-0.000146616231260675	-0.000146933961667405	-0.82257663356316	-0.000163700360554115	-0.000163871022835094
-140000	-0.738952874944652	-0.000152114618255424	-0.000152343728256057	-0.822661332152571	-0.000167983047631096	-0.000167898349041685
-139000	-0.738962299955721	-0.000145224049592005	-0.000145214624580935	-0.822524068568537	-0.000161780568030869	-0.000161917831614903
-138000	-0.738596432411917	-0.000146859763425896	-0.000147225630969701	-0.822138971471946	-0.000163785122398634	-0.000164170219495225
-137000	-0.738181921690176	-0.000147367259156177	-0.000147781769877917	-0.822040546524132	-0.000164791447909419	-0.000164889872857234
-136000	-0.737848820292239	-0.000146283129862736	-0.000146616231260675	-0.821845151495983	-0.000163504965525966	-0.000163700360554115
-135000	-0.737795369726105	-0.000152061167689291	-0.000152114618255424	-0.822098994243785	-0.000168236890378898	-0.000167983047631096
-134000	-0.737730027199696	-0.000145158707065595	-0.000145224049592005	-0.822059206780948	-0.000161740780568031	-0.000161780568030869
-133000	-0.737346637991018	-0.000146476374217218	-0.000146859763425896	-0.821936175596179	-0.000163662091213866	-0.000163785122398634
-132000	-0.73703441077867	-0.00014705503194383	-0.000147367259156177	-0.82153811120248	-0.000164393383515718	-0.000164791447909419
-131000	-0.736867101018407	-0.000146115820102473	-0.000146283129862736	-0.821531089885508	-0.000163497944208995	-0.000163504965525966
-130000	-0.736405148965779	-0.000151599215636663	-0.000152061167689291	-0.820937187677905	-0.000167642988171295	-0.000168236890378898
-129000	-0.736358529951294	-0.00014511208805111	-0.000145158707065595	-0.820944145739768	-0.000161747738629894	-0.000161740780568031
-128000	-0.735995508887343	-0.000146113353153267	-0.000146476374217218	-0.821017521664874	-0.000163735467138972	-0.000163662091213866
-127000	-0.735882472009615	-0.000146941995066101	-0.00014705503194383	-0.82078581820482	-0.000164161680055665	-0.000164393383515718
-126000	-0.735642039344677	-0.000145875387437536	-0.000146115820102473	-0.820780884306408	-0.000163493010310583	-0.000163497944208995
-125000	-0.735410778670378	-0.000151367954962363	-0.000151599215636663	-0.820801252451135	-0.000167663356316023	-0.000167642988171295
-124000	-0.73464488582453	-0.000144346195205263	-0.00014511208805111	-0.820488329432602	-0.000161434815611361	-0.000161747738629894
-123000	-0.73433626415333	-0.000145804731482067	-0.000146113353153267	-0.820354987665254	-0.000163602125371624	-0.000163735467138972
-122000	-0.734383072933139	-0.00014698880384591	-0.000146941995066101	-0.820420077171232	-0.000164226769561642	-0.000164161680055665
-121000	-0.7343489151749	-0.000145841229679297	-0.000145875387437536	-0.820407236384338	-0.000163480169523689	-0.000163493010310583
-120000	-0.733527737364792	-0.000150546777152255	-0.000151367954962363	-0.819981972294263	-0.000167238092225948	-0.000167663356316023
-119000	-0.732905813144411	-0.000143724270984882	-0.000144346195205263	-0.819653868049845	-0.000161106711366943	-0.000161434815611361
-118000	-0.732662660509836	-0.000145561578847492	-0.000145804731482067	-0.819396103485356	-0.000163344360807135	-0.000163602125371624
-117000	-0.73284085014865	-0.000147166993484724	-0.00014698880384591	-0.819809855145803	-0.000164640521222089	-0.000164226769561642
-116000	-0.732529318742488	-0.000145529698273135	-0.000145841229679297	-0.819628249731166	-0.000163298564109052	-0.000163480169523689
-115000	-0.73249895629072	-0.000150516414700487	-0.000150546777152255	-0.819607438800683	-0.000167217281295465	-0.000167238092225948
-114000	-0.731973622620027	-0.000143198937314188	-0.000143724270984882	-0.819376937187678	-0.000160876209753938	-0.000161106711366943
-113000	-0.7318887975204	-0.000145476753747865	-0.000145561578847492	-0.818942437851856	-0.000162909861471314	-0.000163344360807135
-112000	-0.732017205389335	-0.00014729540135366	-0.000147166993484724	-0.819342589664115	-0.000165040673034348	-0.000164640521222089
-111000	-0.73184496173066	-0.00014535745461446	-0.000145529698273135	-0.819229299765956	-0.000163185274210892	-0.000163298564109052
-110000	-0.731399202985641	-0.000150070655955469	-0.000150516414700487	-0.818955215383642	-0.000166943196913151	-0.000167217281295465
-109000	-0.731475551900816	-0.000143275286229363	-0.000143198937314188	-0.819143083053957	-0.000161064077424252	-0.000160876209753938
-108000	-0.731236763868682	-0.000145237965715731	-0.000145476753747865	-0.81905148965779	-0.000162818268075147	-0.000162909861471314
-107000	-0.731155291289772	-0.000147213928774749	-0.00014729540135366	-0.819230564868113	-0.000165219748244671	-0.000165040673034348
-106000	-0.730908280093618	-0.000145110443418306	-0.00014535745461446	-0.819423682712379	-0.000163378392055158	-0.000163185274210892
-105000	-0.730912897716491	-0.000150075273578341	-0.000150070655955469	-0.819489974065406	-0.000167009488266178	-0.000166943196913151
-104000	-0.730662913530268	-0.00014302530204314	-0.000143275286229363	-0.819321462458093	-0.00016089556581694	-0.000161064077424252
-103000	-0.730513188689987	-0.000145088240875451	-0.000145237965715731	-0.819115567082042	-0.000162612372699095	-0.000162818268075147
-102000	-0.730542033019166	-0.000147242773103928	-0.000147213928774749	-0.818986779682459	-0.000165090960845088	-0.000165219748244671
-101000	-0.730338161806566	-0.000144906572205705	-0.000145110443418306	-0.818968309190967	-0.000163359921563666	-0.000163378392055158
-100000	-0.730163893984439	-0.000149901005756215	-0.000150075273578341	-0.819109810867228	-0.000167150989942438	-0.000167009488266178
-99000	-0.729950028464799	-0.000142811436523499	-0.00014302530204314	-0.81869403504333	-0.000160479789993041	-0.00016089556581694
-98000	-0.729415839079006	-0.000144554051489658	-0.000145088240875451	-0.818334872540958	-0.000162253210196723	-0.000162612372699095
-97000	-0.729382630147384	-0.000147209564172307	-0.000147242773103928	-0.818490353596053	-0.000165246441900184	-0.000165090960845088
-96000	-0.729238788032134	-0.000144762730090455	-0.000144906572205705	-0.818563349990512	-0.000163432917958125	-0.000163359921563666
-95000	-0.728974571446644	-0.000149636789170725	-0.000149901005756215	-0.818508950597761	-0.000167096590549687	-0.000167150989942438
-94000	-0.728723891454235	-0.00014256075653109	-0.000142811436523499	-0.818062243026124	-0.000160033082421406	-0.000160479789993041
-93000	-0.728401859700171	-0.000144232019735593	-0.000144554051489658	-0.817854007211082	-0.000162044974381682	-0.000162253210196723
-92000	-0.72836833449301	-0.000147176038965147	-0.000147209564172307	-0.818060282117781	-0.000165452716806882	-0.000165246441900184
-91000	-0.727896008602695	-0.000144290404200139	-0.000144762730090455	-0.817479916503258	-0.000162852552343602	-0.000163432917958125
-90000	-0.727833575811247	-0.000149574356379277	-0.000149636789170725	-0.817750838130179	-0.000167367512176608	-0.000167096590549687
-89000	-0.727408311721171	-0.000142135492441014	-0.00014256075653109	-0.817589600860269	-0.000159871845151496	-0.000160033082421406
-88000	-0.727052248719084	-0.000143875956733506	-0.000144232019735593	-0.817944588525523	-0.000162399962046936	-0.000162044974381682
-87000	-0.727021127206022	-0.000147144917452084	-0.000147176038965147	-0.818222278448985	-0.000165730406730343	-0.000165452716806882
-86000	-0.726412549813397	-0.000143681826807515	-0.000144290404200139	-0.81785761275223	-0.000162487886646847	-0.000162852552343602
-85000	-0.726607691821115	-0.000149769498386995	-0.000149574356379277	-0.818254601809096	-0.000167764501233474	-0.000167367512176608
-84000	-0.726344993358214	-0.000141872793978114	-0.000142135492441014	-0.818457460939971	-0.000160074704282371	-0.000159871845151496
-83000	-0.725979758365488	-0.00014351072174078	-0.000143875956733506	-0.818694477829085	-0.000162636978936049	-0.000162399962046936
-82000	-0.725830729331393	-0.00014699588841799	-0.000147144917452084	-0.818803213359479	-0.000165839142260738	-0.000165730406730343
-81000	-0.725354544879499	-0.00014320564235562	-0.000143681826807515	-0.81860547789234	-0.000162290151179708	-0.000162487886646847
-80000	-0.725281105699285	-0.000149696059206781	-0.000149769498386995	-0.818498703270289	-0.000167657726611424	-0.000167764501233474
-79000	-0.724884179897527	-0.000141475868176355	-0.000141872793978114	-0.818363210829274	-0.000159939211841356	-0.000160074704282371
-78000	-0.724797520399772	-0.000143424062243026	-0.00014351072174078	-0.81830362451768	-0.000162577392624454	-0.000162636978936049
-77000	-0.724968878486938	-0.000147167246505155	-0.00014699588841799	-0.818281864760579	-0.000165817382503637	-0.000165839142260738
-76000	-0.725009867796825	-0.000143246631665506	-0.00014320564235562	-0.818555126826491	-0.000162563413245619	-0.000162290151179708
-75000	-0.724708330697704	-0.00014939452210766	-0.000149696059206781	-0.818409134037574	-0.000167511733822506	-0.000167657726611424
-74000	-0.724232462521349	-0.000141	-0.000141475868176355	-0.818250933012841	-0.000159781010816624	-0.000159939211841356
-73000	-0.724730849516098	-0.000143922449237776	-0.000143424062243026	-0.818447719653362	-0.000162774179264976	-0.000162577392624454
-72000	-0.72473875640458	-0.000147175153393636	-0.000147167246505155	-0.818647669049276	-0.000166017331899551	-0.000165817382503637
-71000	-0.724668479979758	-0.000143176355240685	-0.000143246631665506	-0.818685811879309	-0.000162601556075654	-0.000162563413245619
-70000	-0.724302169650199	-0.000149028211778101	-0.00014939452210766	-0.818328610285281	-0.000167154532228478	-0.000167511733822506
-69000	-0.724307672844582	-0.000141005503194383	-0.000141	-0.818135555696123	-0.000159587956227465	-0.000159781010816624
-68000	-0.724157884749194	-0.000143772661142387	-0.000143922449237776	-0.818036814472769	-0.000162675438041622	-0.000162774179264976
-67000	-0.724012904042001	-0.000147030172686444	-0.000147175153393636	-0.818114365234993	-0.000166094882661775	-0.000166017331899551
-66000	-0.724040356758808	-0.000143203807957493	-0.000143176355240685	-0.818262382187362	-0.000162749573028022	-0.000162601556075654
-65000	-0.723594091972927	-0.000148581946992219	-0.000149028211778101	-0.818121196786641	-0.000167013346827757	-0.000167154532228478
-64000	-0.723446770826744	-0.000140858182048201	-0.000141005503194383	-0.818125181858435	-0.00015959194129926	-0.000159587956227465
-63000	-0.723329748877222	-0.000143655639192865	-0.000143772661142387	-0.818541020937441	-0.000163091277120627	-0.000162675438041622
-62000	-0.722947181984945	-0.000146647605794168	-0.000147030172686444	-0.818427161743311	-0.000165981023467645	-0.000166094882661775
-61000	-0.722793092542223	-0.00014304971851477	-0.000143203807957493	-0.818402808526788	-0.0001627252198115	-0.000162749573028022
-60000	-0.722579859573661	-0.000148368714023658	-0.000148581946992219	-0.818113226643051	-0.000166723764944019	-0.000167013346827757
-59000	-0.722380163198178	-0.000140658485672718	-0.000140858182048201	-0.817981213232969	-0.000159459927889177	-0.00015959194129926
-58000	-0.721943639698906	-0.000143219115693592	-0.000143655639192865	-0.817751470681258	-0.000162861534568917	-0.000163091277120627
-57000	-0.721923777595041	-0.000146627743690303	-0.000146647605794168	-0.81776905560124	-0.000165998608387627	-0.000165981023467645
-56000	-0.721931621228414	-0.000143057562148143	-0.00014304971851477	-0.817791194888987	-0.000162747359099247	-0.0001627252198115
-55000	-0.721896830919097	-0.00014833392371434	-0.000148368714023658	-0.817891201214498	-0.00016682377126953	-0.000166723764944019
-54000	-0.721723005882725	-0.000140484660636346	-0.000140658485672718	-0.817946422923651	-0.00015951514959833	-0.000159459927889177
-53000	-0.721732051363148	-0.000143228161174015	-0.000143219115693592	-0.817997216775255	-0.00016291232842052	-0.000162861534568917
-52000	-0.721349610981087	-0.000146245303308243	-0.000146627743690303	-0.818019925358973	-0.000166021316971346	-0.000165998608387627
-51000	-0.720915933961667	-0.000142623885128724	-0.000143057562148143	-0.817859636915681	-0.000162587070655956	-0.000162747359099247
-50000	-0.720635460813461	-0.000148053450566133	-0.00014833392371434	-0.81772110822949	-0.000166685242583339	-0.00016682377126953
-49000	-0.7206913783288	-0.000140540578151686	-0.000140484660636346	-0.817790435827693	-0.000159584477196534	-0.00015951514959833
-48000	-0.720685622113986	-0.0001432224049592	-0.000143228161174015	-0.818036624707445	-0.000163158517300272	-0.00016291232842052
-47000	-0.720579163767474	-0.000146138844961731	-0.000146245303308243	-0.818190144854197	-0.000166174837118097	-0.000166021316971346
-46000	-0.720399392750965	-0.000142444114112214	-0.000142623885128724	-0.818098741223354	-0.000162495667025113	-0.000162587070655956
-45000	-0.720429881712948	-0.000148083939528117	-0.000148053450566133	-0.818049275729015	-0.000166635777089	-0.000166685242583339
-44000	-0.720309317477386	-0.000140420013916124	-0.000140540578151686	-0.818213485988994	-0.000159748687456512	-0.000159584477196534
-43000	-0.720260294768803	-0.000143173382250617	-0.0001432224049592	-0.818246062369536	-0.000163191093680814	-0.000163158517300272
-42000	-0.719979125814409	-0.000145857676007338	-0.000146138844961731	-0.818280473148207	-0.000166209247896767	-0.000166174837118097
-41000	-0.719694667594408	-0.000142159655892213	-0.000142444114112214	-0.817906255930166	-0.000162121449807072	-0.000162495667025113
-40000	-0.719563792776267	-0.000147953064709975	-0.000148083939528117	-0.818175659434499	-0.000166905180593332	-0.000166635777089
-39000	-0.719471693339237	-0.000140327914479094	-0.000140420013916124	-0.818201341008286	-0.0001597743690303	-0.000159748687456512
-38000	-0.719151306217977	-0.000142852995129356	-0.000143173382250617	-0.818109557846796	-0.000163099310519325	-0.000163191093680814
-37000	-0.719408374976279	-0.00014611474476564	-0.000145857676007338	-0.818406920108799	-0.00016650661015877	-0.000166209247896767
-36000	-0.719422544120438	-0.000142173825036372	-0.000142159655892213	-0.81872079195395	-0.000162435321652223	-0.000162121449807072
-35000	-0.719755645518376	-0.000148286166107913	-0.000147953064709975	-0.819100765386805	-0.000167285154026188	-0.000166905180593332
-34000	-0.719862040609779	-0.000140434309570498	-0.000140327914479094	-0.819421785059144	-0.000160095388702638	-0.0001597743690303
-33000	-0.719885571509899	-0.000142876526029477	-0.000142852995129356	-0.819181605414637	-0.000162859130874818	-0.000163099310519325
-32000	-0.719926877095325	-0.000146156050351066	-0.00014611474476564	-0.819021316971345	-0.000166346321715479	-0.00016650661015877
-31000	-0.71984730216965	-0.000142094250110697	-0.000142173825036372	-0.819194635966854	-0.000162608640647732	-0.000162435321652223
-30000	-0.720305901701562	-0.000148744765639825	-0.000148286166107913	-0.820003415775824	-0.000168093933835157	-0.000167285154026188
-29000	-0.72065842241761	-0.000140786830286545	-0.000140434309570498	-0.820389145423493	-0.000160481118350306	-0.000160095388702638
-28000	-0.720777025744829	-0.000142995129356695	-0.000142876526029477	-0.820619267505851	-0.000163089252957176	-0.000162859130874818
-27000	-0.72097381238535	-0.000146352836991586	-0.000146156050351066	-0.82108501486495	-0.000166812069074578	-0.000166346321715479
-26000	-0.721398696944778	-0.000142519134670124	-0.000142094250110697	-0.821673097602631	-0.000163196723385413	-0.000162608640647732
-25000	-0.721917135808717	-0.000149263204503764	-0.000148744765639825	-0.822042633942691	-0.000168463470175217	-0.000168093933835157
-24000	-0.722141311910937	-0.000141011006388766	-0.000140786830286545	-0.822646973243089	-0.000161085457650705	-0.000160481118350306
-23000	-0.722311657916377	-0.000143165475362136	-0.000142995129356695	-0.822954899108103	-0.000163397178822189	-0.000163089252957176
-22000	-0.722415459548359	-0.000146456638623569	-0.000146352836991586	-0.823572268960719	-0.000167429438927194	-0.000166812069074578
-21000	-0.722742551711051	-0.000142846226832817	-0.000142519134670124	-0.823669428806376	-0.00016329388323107	-0.000163196723385413
-20000	-0.723149851350497	-0.00014967050414321	-0.000149263204503764	-0.82454721993801	-0.000169341261306851	-0.000168463470175217
-19000	-0.723666835346954	-0.000141527990385223	-0.000141011006388766	-0.825100132835726	-0.000161638370548422	-0.000161085457650705
-18000	-0.723953254475299	-0.00014345189449048	-0.000143165475362136	-0.825551458030236	-0.000163848504016699	-0.000163397178822189
-17000	-0.72458283256373	-0.000147086216712	-0.000146456638623569	-0.82629919666013	-0.000168177177557088	-0.000167429438927194
-16000	-0.72546808779809	-0.000143731482067177	-0.000142846226832817	-0.827268201657284	-0.000164262888228224	-0.00016329388323107
-15000	-0.725817192738314	-0.000150019609083434	-0.00014967050414321	-0.827779998734898	-0.000169853058384465	-0.000169341261306851
-14000	-0.726446960592068	-0.000142157758238978	-0.000141527990385223	-0.828570561072807	-0.000162428932886331	-0.000161638370548422
-13000	-0.727211714845974	-0.000144216648744386	-0.00014345189449048	-0.829316402049465	-0.000164594344993358	-0.000163848504016699
-12000	-0.727481877411601	-0.000147356379277626	-0.000147086216712	-0.829754127395787	-0.00016861490290341	-0.000168177177557088
-11000	-0.728179644506294	-0.00014442924916187	-0.000143731482067177	-0.831021823012208	-0.000165530583844645	-0.000164262888228224
-10000	-0.728986653172244	-0.000150826617749383	-0.000150019609083434	-0.831981845784047	-0.000170813081156303	-0.000169853058384465
-9000	-0.729538743753558	-0.000142709848820292	-0.000142157758238978	-0.832444620153077	-0.000162891707255361	-0.000162428932886331
-8000	-0.730428553355683	-0.000145106458346511	-0.000144216648744386	-0.833236510848251	-0.000165386235688532	-0.000164594344993358
-7000	-0.731424441773673	-0.000148352267695616	-0.000147356379277626	-0.834076728445822	-0.000169455120500981	-0.00016861490290341
-6000	-0.731976975140743	-0.000144981782528939	-0.00014442924916187	-0.834856094629641	-0.000166309950028465	-0.000165530583844645
-5000	-0.732352014675185	-0.000151201657283826	-0.000150826617749383	-0.834899930419381	-0.000170856916946043	-0.000170813081156303
-4000	-0.732567398317414	-0.000142925232462521	-0.000142709848820292	-0.83527832247454	-0.000163270099310519	-0.000162891707255361
-3000	-0.733163198178253	-0.00014570225820735	-0.000145106458346511	-0.835847049149219	-0.000165954962363211	-0.000165386235688532
-2000	-0.733197545701815	-0.000148386615219179	-0.000148352267695616	-0.836020115124296	-0.000169628186476058	-0.000169455120500981
-1000	-0.733324561958378	-0.000145108798785502	-0.000144981782528939	-0.836000569295971	-0.000166290404200139	-0.000166309950028465
0	-0.733313049528749	-0.000151190144854197	-0.000151201657283826	-0.836135492441015	-0.000170991840091087	-0.000170856916946043
1000	-0.733014042633943	-0.000142626225567715	-0.000142925232462521	-0.83611740148017	-0.000163252008349674	-0.000163270099310519
2000	-0.732938452780062	-0.00014562666835347	-0.00014570225820735	-0.836193181099374	-0.000166030741982415	-0.000165954962363211
3000	-0.732877664621418	-0.000148325827060535	-0.000148386615219179	-0.835856980201151	-0.000169291985577835	-0.000169628186476058
4000	-0.73258074514517	-0.000144811879309254	-0.000145108798785502	-0.835497754443671	-0.000165931178442659	-0.000166290404200139
5000	-0.731686254665064	-0.000150295654374091	-0.000151190144854197	-0.834968119425644	-0.00017046220507306	-0.000170991840091087
6000	-0.731337719020811	-0.000142277689923461	-0.000142626225567715	-0.834645012334746	-0.000162928901258777	-0.000163252008349674
7000	-0.731040799544563	-0.000145329748877222	-0.00014562666835347	-0.834267758871529	-0.000165653488519198	-0.000166030741982415
8000	-0.729981529508508	-0.00014726655702448	-0.000148325827060535	-0.833440445315959	-0.000168464672022266	-0.000169291985577835
9000	-0.728856157884749	-0.000143686507685496	-0.000144811879309254	-0.832546903662471	-0.000165037636789171	-0.000165931178442659
10000	-0.728204124233032	-0.000149643620722373	-0.000150295654374091	-0.831880194825732	-0.000169795496236321	-0.00017046220507306
11000	-0.727472325890316	-0.000141545891580746	-0.000142277689923461	-0.831146372319565	-0.000162195078752609	-0.000162928901258777
12000	-0.726484723891454	-0.000144342146878361	-0.000145329748877222	-0.830082927446391	-0.000164590043646025	-0.000165653488519198
13000	-0.725636093364539	-0.000146417926497564	-0.00014726655702448	-0.829054399392751	-0.000167436143968626	-0.000168464672022266
14000	-0.725121639572396	-0.000143172053893352	-0.000143686507685496	-0.828686823961035	-0.000164670061357454	-0.000165037636789171
15000	-0.724551458030236	-0.000149073439180214	-0.000149643620722373	-0.827688658359162	-0.000168797330634449	-0.000169795496236321
16000	-0.723961920425074	-0.000140956353975584	-0.000141545891580746	-0.826738376873933	-0.000161244797267379	-0.000162195078752609
17000	-0.723491049402239	-0.000143871275855525	-0.000144342146878361	-0.826130748307926	-0.000163982415080018	-0.000164590043646025
18000	-0.722738376873933	-0.000145665253969258	-0.000146417926497564	-0.825140552849643	-0.000166445948510342	-0.000167436143968626
19000	-0.722754064140679	-0.000143187741160099	-0.000143172053893352	-0.82475286229363	-0.000164282370801442	-0.000164670061357454
20000	-0.722638750079069	-0.000148958125118603	-0.000149073439180214	-0.824366310329559	-0.000168410778670377	-0.000168797330634449
21000	-0.722190397874628	-0.000140508001771143	-0.000140956353975584	-0.82389613511291	-0.00016077462205073	-0.000161244797267379
22000	-0.721773673224113	-0.00014345455120501	-0.000143871275855525	-0.823557846796129	-0.000163644126763236	-0.000163982415080018
23000	-0.721613637801252	-0.000145505218546398	-0.000145665253969258	-0.823194066670884	-0.000166082168385097	-0.000166445948510342
24000	-0.721877980896957	-0.000143452084255804	-0.000143187741160099	-0.823062938832311	-0.000164151242962869	-0.000164282370801442
25000	-0.721964197608957	-0.000149044341830602	-0.000148958125118603	-0.822736922006452	-0.000168084761844519	-0.000168410778670377
26000	-0.721696312227212	-0.000140240116389399	-0.000140508001771143	-0.822235119235878	-0.000160272819280157	-0.00016077462205073
27000	-0.72118034031248	-0.000142938579290277	-0.00014345455120501	-0.821743310772345	-0.000163152318299703	-0.000163644126763236
28000	-0.721146498829781	-0.000145471377063698	-0.000145505218546398	-0.821371750268834	-0.000165710607881586	-0.000166082168385097
29000	-0.720973496109811	-0.000143279081535834	-0.000143452084255804	-0.821172180403568	-0.000163951673097603	-0.000164151242962869
30000	-0.72089702068442	-0.000148967866405212	-0.000149044341830602	-0.821137200328927	-0.000168049781769878	-0.000168084761844519
31000	-0.720987095957999	-0.000140330191662977	-0.000140240116389399	-0.821131760389651	-0.000160267379340882	-0.000160272819280157
32000	-0.720647732304384	-0.000142599215636663	-0.000142938579290277	-0.820394458852552	-0.000162415016762604	-0.000163152318299703
33000	-0.720406667088367	-0.000145230311847682	-0.000145471377063698	-0.820177936618382	-0.000165494085647417	-0.000165710607881586
34000	-0.720217977101651	-0.000143090391549117	-0.000143279081535834	-0.819851540261876	-0.000163625276741097	-0.000163951673097603
35000	-0.720506799924094	-0.000149256689227656	-0.000148967866405212	-0.819773293693466	-0.000167971535201468	-0.000168049781769878
36000	-0.720600670504143	-0.000140424062243026	-0.000140330191662977	-0.819589664115377	-0.000160083749762793	-0.000160267379340882
37000	-0.720433740274527	-0.000142432285407047	-0.000142599215636663	-0.819373078626099	-0.000162198431273325	-0.000162415016762604
38000	-0.719962679486368	-0.000144759251059523	-0.000145230311847682	-0.818982794610665	-0.000165103801631982	-0.000165494085647417
39000	-0.720097159845658	-0.000143224871908407	-0.000143090391549117	-0.818864001518123	-0.000163506483648555	-0.000163625276741097
40000	-0.720365741033588	-0.000149525270415586	-0.000149256689227656	-0.818934277942944	-0.000168041811626289	-0.000167971535201468
41000	-0.720481371370738	-0.000140539692580176	-0.000140424062243026	-0.818651843886394	-0.000159801315706243	-0.000160083749762793
42000	-0.720616863811753	-0.000142567777848061	-0.000142432285407047	-0.818769182111456	-0.000162315769498387	-0.000162198431273325
43000	-0.72048984755519	-0.00014463223480296	-0.000144759251059523	-0.818425959896262	-0.000164760579416788	-0.000165103801631982
44000	-0.720495540514897	-0.000143230564868113	-0.000143224871908407	-0.818164336770194	-0.000163244860522488	-0.000163506483648555
45000	-0.720484407615915	-0.000149514137516604	-0.000149525270415586	-0.818081915364666	-0.00016795939022076	-0.000168041811626289
46000	-0.720650515529129	-0.00014070580049339	-0.000140539692580176	-0.817906319185274	-0.000159625719526852	-0.000159801315706243
47000	-0.720710924157126	-0.000142628186476058	-0.000142567777848061	-0.818	-0.000162409450313113	-0.000162315769498387
48000	-0.720744449364286	-0.000144665760010121	-0.00014463223480296	-0.817826870769815	-0.000164587450186602	-0.000164760579416788
49000	-0.720258397115567	-0.000142744512619394	-0.000143230564868113	-0.817351065848567	-0.00016276905560124	-0.000163244860522488
50000	-0.720139604023025	-0.000149395344424062	-0.000149514137516604	-0.817004554367765	-0.000167612878739958	-0.00016795939022076
51000	-0.720372888860776	-0.000140939085331141	-0.00014070580049339	-0.817235562021633	-0.000159856727180719	-0.000159625719526852
52000	-0.720158833575811	-0.000142414131191094	-0.000142628186476058	-0.817214118540072	-0.000162388006831552	-0.000162409450313113
53000	-0.720584666961857	-0.000145091593396167	-0.000144665760010121	-0.817075336833449	-0.00016444866847998	-0.000164587450186602
54000	-0.720619520526283	-0.000142779366183819	-0.000142744512619394	-0.817121196786641	-0.00016281491555443	-0.00016276905560124
55000	-0.720263331013979	-0.000149039154911759	-0.000149395344424062	-0.816692769941173	-0.000167184451894491	-0.000167612878739958
56000	-0.720109241571257	-0.000140784995888418	-0.000140939085331141	-0.816677968245936	-0.000159841925485483	-0.000159856727180719
57000	-0.720144031880574	-0.000142448921500411	-0.000142414131191094	-0.816424315263457	-0.000162134353849073	-0.000162388006831552
58000	-0.720021823012208	-0.0001449693845278	-0.000145091593396167	-0.81657486242014	-0.000164599215636663	-0.00016444866847998
59000	-0.719811436523499	-0.000142568979695111	-0.000142779366183819	-0.816491745208426	-0.000162731798342716	-0.00016281491555443
60000	-0.719824024289961	-0.000149051742678222	-0.000149039154911759	-0.815874122335379	-0.000166566829021443	-0.000167184451894491
61000	-0.719841609209944	-0.000140802580808401	-0.000140784995888418	-0.815612372699095	-0.0001595801758492	-0.000159841925485483
62000	-0.719902713644127	-0.000142510025934594	-0.000142448921500411	-0.815607502055791	-0.000162129483205769	-0.000162134353849073
63000	-0.720139477512809	-0.000145206148396483	-0.0001449693845278	-0.815832373964198	-0.000164824087545069	-0.000164599215636663
64000	-0.720768043519514	-0.000143197545701815	-0.000142568979695111	-0.816114238724777	-0.000163013663103296	-0.000162731798342716
65000	-0.720500980454172	-0.000148784679612879	-0.000149051742678222	-0.815856600670504	-0.00016630919096717	-0.000166566829021443
66000	-0.72050572458726	-0.000140807324941489	-0.000140802580808401	-0.816087481814156	-0.000159811056992852	-0.0001595801758492
67000	-0.721066923904105	-0.000143071225251439	-0.000142510025934594	-0.816108609020178	-0.000162150610411791	-0.000162129483205769
68000	-0.721250300461762	-0.00014538952495414	-0.000145206148396483	-0.816344107786704	-0.000165059586311595	-0.000164824087545069
69000	-0.721340185970017	-0.00014328743121007	-0.000143197545701815	-0.816157568473654	-0.000162827123790246	-0.000163013663103296
70000	-0.721683091909672	-0.000149127585552534	-0.000148784679612879	-0.816392118413562	-0.000166543740907078	-0.00016630919096717
71000	-0.722121892592827	-0.000141246125624644	-0.000140807324941489	-0.816698842431526	-0.000160117781010817	-0.000159811056992852
72000	-0.722157252198115	-0.000143106584856728	-0.000143071225251439	-0.816856157884749	-0.000162307925865013	-0.000162150610411791
73000	-0.72271845151496	-0.000145950724270985	-0.00014538952495414	-0.817012271490923	-0.000165215699917768	-0.000165059586311595
74000	-0.723220380795749	-0.00014378936049086	-0.00014328743121007	-0.817176861281549	-0.000162991713580872	-0.000162827123790246
75000	-0.723349864001518	-0.000149257068758302	-0.000149127585552534	-0.817358023910431	-0.000166724903535961	-0.000166543740907078
76000	-0.723613511291037	-0.000141509772914163	-0.000141246125624644	-0.81762078562844	-0.000160380542728826	-0.000160117781010817
77000	-0.723733632740844	-0.000143226706306534	-0.000143106584856728	-0.817879499019546	-0.00016256663925612	-0.000162307925865013
78000	-0.724585046492504	-0.000146802138022645	-0.000145950724270985	-0.818352204440509	-0.000165688405338731	-0.000165215699917768
79000	-0.725070782465684	-0.000144275096464039	-0.00014378936049086	-0.818536023783921	-0.000163175532924284	-0.000162991713580872
80000	-0.72541805300778	-0.000149604339300399	-0.000149257068758302	-0.81879701435891	-0.00016698589411095	-0.000166724903535961
81000	-0.725840660383326	-0.000141932380289708	-0.000141509772914163	-0.818835410209374	-0.00016041893857929	-0.000160380542728826
82000	-0.725962742741476	-0.000143348788664685	-0.000143226706306534	-0.8187252198115	-0.000162456448858245	-0.00016256663925612
83000	-0.726372319564805	-0.000147211714845974	-0.000146802138022645	-0.81888968309191	-0.000165852868619141	-0.000165688405338731
84000	-0.726988993611234	-0.000144891770510469	-0.000144275096464039	-0.819215004111582	-0.000163500853943956	-0.000163175532924284
85000	-0.727102283509393	-0.000149717629198557	-0.000149604339300399	-0.818906888481245	-0.000166677778480612	-0.00016698589411095
86000	-0.727441457397685	-0.000142271554178	-0.000141932380289708	-0.819189259282687	-0.000160701309380733	-0.00016041893857929
87000	-0.727947371750269	-0.000143854703017269	-0.000143348788664685	-0.819116642418875	-0.000162383831994434	-0.000162456448858245
88000	-0.728344044531596	-0.000147608387627301	-0.000147211714845974	-0.819557783541021	-0.000166294009741287	-0.000165852868619141
89000	-0.728551584540452	-0.000145099310519324	-0.000144891770510469	-0.819727623505598	-0.000163670693908533	-0.000163500853943956
90000	-0.729079764690999	-0.000150245809349105	-0.000149717629198557	-0.819948447087102	-0.000166898602062117	-0.000166677778480612
91000	-0.729111392244924	-0.000142303181731925	-0.000142271554178	-0.819964513884496	-0.000160717376178126	-0.000160701309380733
92000	-0.729529824783351	-0.000144273135555696	-0.000143854703017269	-0.820108292744639	-0.000162527610854576	-0.000162383831994434
93000	-0.729657979631855	-0.000147736542475805	-0.000147608387627301	-0.820586564615093	-0.00016677228161174	-0.000166294009741287
94000	-0.72988202922386	-0.000145323360111329	-0.000145099310519324	-0.820682522613701	-0.000163766651907141	-0.000163670693908533
95000	-0.730450249857676	-0.000150814029982921	-0.000150245809349105	-0.821301031058258	-0.000167517110506674	-0.000166898602062117
96000	-0.730895882092479	-0.000142748813966728	-0.000142303181731925	-0.821343854766272	-0.000160760199886141	-0.000160717376178126
97000	-0.731313049528749	-0.000144690302991967	-0.000144273135555696	-0.82149484470871	-0.000162678600797015	-0.000162527610854576
98000	-0.731798532481498	-0.000148222025428553	-0.000147736542475805	-0.821897843000822	-0.000167175279903852	-0.00016677228161174
99000	-0.73167107343918	-0.000145195901069011	-0.000145323360111329	-0.821673224112847	-0.000163542033019166	-0.000163766651907141
100000	-0.732108355999747	-0.000151251312543488	-0.000150814029982921	-0.821915997216775	-0.000167759883610601	-0.000167517110506674
101000	-0.732346511480802	-0.000142986969447783	-0.000142748813966728	-0.821889872857233	-0.000160734075526599	-0.000160760199886141
102000	-0.732960402302486	-0.000145304193813651	-0.000144690302991967	-0.822281991270795	-0.000163070719210577	-0.000162678600797015
103000	-0.733440698336391	-0.000148702321462458	-0.000148222025428553	-0.822384338035296	-0.000167277626668353	-0.000167175279903852
104000	-0.733569802011512	-0.000145325004744133	-0.000145195901069011	-0.822614839648302	-0.000163772534632171	-0.000163542033019166
105000	-0.733666266050984	-0.000151347776582959	-0.000151251312543488	-0.822524195078753	-0.000167669239041053	-0.000167759883610601
106000	-0.733911822379657	-0.000143232525776457	-0.000142986969447783	-0.822198241508002	-0.000160408121955848	-0.000160734075526599
107000	-0.734222341704093	-0.000145614713138086	-0.000145304193813651	-0.822387500790689	-0.000163259978493263	-0.000163070719210577
108000	-0.734623568853185	-0.00014910354861155	-0.000148702321462458	-0.82260693275982	-0.000167497058637485	-0.000167277626668353
109000	-0.734906382440382	-0.00014560781833133	-0.000145325004744133	-0.822546397621608	-0.00016371199949396	-0.000163772534632171
110000	-0.734906761971029	-0.000151348156113606	-0.000151347776582959	-0.822450566133215	-0.000167573407552659	-0.000167669239041053
111000	-0.734446644316529	-0.000142772408121956	-0.000143232525776457	-0.822030046176229	-0.000159987601998861	-0.000160408121955848
112000	-0.734578341451072	-0.000145746410272629	-0.000145614713138086	-0.822217660826112	-0.000163447593143146	-0.000163259978493263
113000	-0.73514592953381	-0.000149671136694288	-0.00014910354861155	-0.822290783730786	-0.000167570181542159	-0.000167497058637485
114000	-0.735160604718831	-0.000145622493516351	-0.00014560781833133	-0.822333544183693	-0.000163754759946866	-0.00016371199949396
115000	-0.734848820292239	-0.000151036371687014	-0.000151348156113606	-0.822411158201025	-0.000167651021569992	-0.000167573407552659
116000	-0.734828578657727	-0.000142752166487444	-0.000142772408121956	-0.822413372129799	-0.000159989815927636	-0.000159987601998861
117000	-0.734905686634196	-0.000145823518249099	-0.000145746410272629	-0.82251103801632	-0.000163545259029667	-0.000163447593143146
118000	-0.735128913909798	-0.000149894363969891	-0.000149671136694288	-0.822772155101524	-0.000167831298627364	-0.000167570181542159
119000	-0.735372382819913	-0.000145865962426466	-0.000145622493516351	-0.822924916186982	-0.000163907521032324	-0.000163754759946866
120000	-0.736293124169777	-0.000151957113036878	-0.000151036371687014	-0.823811879309254	-0.000168537984692264	-0.000167651021569992
121000	-0.735952748434436	-0.000142411790752103	-0.000142752166487444	-0.82371168321842	-0.000159889619836802	-0.000159989815927636
122000	-0.736164400025302	-0.000146035169839964	-0.000145823518249099	-0.82383730786261	-0.000163670883673857	-0.000163545259029667
123000	-0.736351192358783	-0.000150081156303372	-0.000149894363969891	-0.823380859004365	-0.000167374849769119	-0.000167831298627364
124000	-0.736292048832943	-0.000145806818900626	-0.000145865962426466	-0.823680055664495	-0.000164206717692454	-0.000163907521032324
125000	-0.736856221139857	-0.000152521285343791	-0.000151957113036878	-0.823941046239484	-0.000168798975267252	-0.000168537984692264
126000	-0.737369346574736	-0.000142924916186982	-0.000142411790752103	-0.82422594724524	-0.000160174520842558	-0.000159889619836802
127000	-0.737420330191663	-0.000146086153456892	-0.000146035169839964	-0.824031374533494	-0.00016347631096211	-0.000163670883673857
128000	-0.737584666961857	-0.000150245493073566	-0.000150081156303372	-0.824011512429629	-0.000167354987665254	-0.000167374849769119
129000	-0.738195458283256	-0.000146417610222026	-0.000145806818900626	-0.824397558352837	-0.000164592763615662	-0.000164206717692454
130000	-0.738274274147637	-0.000152600101208172	-0.000152521285343791	-0.824120058194699	-0.000168521475109115	-0.000168798975267252
131000	-0.738879435764438	-0.000143530077803783	-0.000142924916186982	-0.824439433234234	-0.000160493895882092	-0.000160174520842558
132000	-0.739119615408944	-0.000146326333101398	-0.000146086153456892	-0.824262002656715	-0.000163298880384591	-0.00016347631096211
133000	-0.73947131380859	-0.000150597191473211	-0.000150245493073566	-0.824361945727118	-0.000167454930735657	-0.000167354987665254
134000	-0.740013410082864	-0.0001469597064963	-0.000146417610222026	-0.824497374913024	-0.000164728192801569	-0.000164592763615662
135000	-0.740353596052881	-0.00015294028717819	-0.000152600101208172	-0.824772597887279	-0.00016879669808337	-0.000168521475109115
136000	-0.740701119615409	-0.00014387760136631	-0.000143530077803783	-0.824754380416219	-0.000160475678411032	-0.000160493895882092
137000	-0.741168448352204	-0.000146793661838194	-0.000146326333101398	-0.82448042254412	-0.000163024922512493	-0.000163298880384591
138000	-0.74165842241761	-0.000151087165538617	-0.000150597191473211	-0.824976405844772	-0.000167950914036308	-0.000167454930735657
139000	-0.741848440761592	-0.000147149724840281	-0.0001469597064963	-0.825007084572079	-0.000164758871528876	-0.000164728192801569
140000	-0.741972990068948	-0.000153064836485546	-0.00015294028717819	-0.824962489721045	-0.000168752103232336	-0.00016879669808337
141000	-0.742080397242077	-0.000143985008539439	-0.00014387760136631	-0.825131633879436	-0.000160644822569422	-0.000160475678411032
142000	-0.742577645644886	-0.000147290910241002	-0.000146793661838194	-0.825839711556708	-0.000163733000189765	-0.000163024922512493
143000	-0.742711303687773	-0.000151220823581504	-0.000151087165538617	-0.82602087418559	-0.000168132076665191	-0.000167950914036308
144000	-0.742709848820292	-0.000147148269972801	-0.000147149724840281	-0.826237206654437	-0.000164975203997722	-0.000164758871528876
145000	-0.743082421405528	-0.000153437409070782	-0.000153064836485546	-0.826595610095515	-0.000169110506673414	-0.000168752103232336
146000	-0.743283825668923	-0.000144186412802834	-0.000143985008539439	-0.827037447023847	-0.000161086659497754	-0.000160644822569422
147000	-0.743828072616864	-0.000147835157188943	-0.000147290910241002	-0.82733392371434	-0.000164029476880258	-0.000163733000189765
148000	-0.744265355177431	-0.000151658106142071	-0.000151220823581504	-0.827700613574546	-0.000168498766525397	-0.000168132076665191
149000	-0.744637801252451	-0.000147520716047821	-0.000147148269972801	-0.827836295780884	-0.000165110886204061	-0.000164975203997722
150000	-0.745153077360997	-0.000153952685179328	-0.000153437409070782	-0.828459927889177	-0.000169734138781707	-0.000169110506673414
151000	-0.745362515023088	-0.000144395850464925	-0.000144186412802834	-0.828557720285913	-0.00016118445189449	-0.000161086659497754
152000	-0.745584224176102	-0.000148056866341957	-0.000147835157188943	-0.828859004364602	-0.000164330760958947	-0.000164029476880258
153000	-0.745888354734645	-0.000151962236700614	-0.000151658106142071	-0.828975963059017	-0.000168615725219812	-0.000168498766525397
154000	-0.745892276551332	-0.000147524637864507	-0.000147520716047821	-0.828768423050161	-0.000164903346195205	-0.000165110886204061
155000	-0.74614681510532	-0.000154207223733317	-0.000153952685179328	-0.828923651084825	-0.000169889366816371	-0.000169734138781707
156000	-0.746310898855083	-0.000144559934214688	-0.000144395850464925	-0.828815168574862	-0.000161075969384528	-0.00016118445189449
157000	-0.746865709406035	-0.000148611676892909	-0.000148056866341957	-0.829088683661206	-0.000164604276045291	-0.000164330760958947
158000	-0.747477386298944	-0.000152573913593523	-0.000151962236700614	-0.829428300335252	-0.000168955341893858	-0.000168615725219812
159000	-0.747813966727813	-0.000147861218293377	-0.000147524637864507	-0.829561009551521	-0.000165036055411475	-0.000164903346195205
160000	-0.748218799418053	-0.000154612056423557	-0.000154207223733317	-0.82991998228857	-0.00017024833955342	-0.000169889366816371
161000	-0.748644696059207	-0.000144985830855841	-0.000144559934214688	-0.829926813840218	-0.000161082800936176	-0.000161075969384528
162000	-0.748647099753305	-0.000148614080587007	-0.000148611676892909	-0.829997090265039	-0.000164674552470112	-0.000164604276045291
163000	-0.748676133847808	-0.000152602947688026	-0.000152573913593523	-0.830102536529825	-0.000169060788158644	-0.000168955341893858
164000	-0.748597254728319	-0.000147782339173888	-0.000147861218293377	-0.830263204503764	-0.000165196723385413	-0.000165036055411475
165000	-0.749308178885445	-0.000155322980580681	-0.000154612056423557	-0.830435511417547	-0.000170420646467202	-0.00017024833955342
166000	-0.749770383958505	-0.000145448035928901	-0.000144985830855841	-0.830688089063192	-0.00016133537858182	-0.000161082800936176
167000	-0.750375039534442	-0.000149218736162945	-0.000148614080587007	-0.8307993547979	-0.00016478581820482	-0.000164674552470112
168000	-0.750393193750395	-0.000152621101903979	-0.000152602947688026	-0.830953380985515	-0.000169214814346258	-0.000169060788158644
169000	-0.750587386931495	-0.000147976532354988	-0.000147782339173888	-0.831160604718831	-0.00016540394711873	-0.000165196723385413
170000	-0.751201720538934	-0.000155937314188121	-0.000155322980580681	-0.831547346448226	-0.000170807388196597	-0.000170420646467202
171000	-0.751688784869378	-0.000145935100259346	-0.000145448035928901	-0.831924663166551	-0.000161712695300146	-0.00016133537858182
172000	-0.751551394775128	-0.000149081346068695	-0.000149218736162945	-0.831737491302423	-0.000164598646340692	-0.00016478581820482
173000	-0.751322790815358	-0.000152392497944209	-0.000152621101903979	-0.831609336453919	-0.000169086659497755	-0.000169214814346258
174000	-0.751630020874186	-0.000148283762413815	-0.000147976532354988	-0.831568030868493	-0.000165362641533304	-0.00016540394711873
175000	-0.751925801758492	-0.000156233095072427	-0.000155937314188121	-0.831701246125625	-0.000170940603453729	-0.000170807388196597
176000	-0.752041368840534	-0.000146050667341387	-0.000145935100259346	-0.831861218293377	-0.000161872667467898	-0.000161712695300146
177000	-0.752120374470238	-0.000149160351698399	-0.000149081346068695	-0.831804857992283	-0.000164542286039598	-0.000164598646340692
178000	-0.752227781643368	-0.000152499905117338	-0.000152392497944209	-0.831661458662787	-0.000168943260168259	-0.000169086659497755
179000	-0.752632171547852	-0.000148688152318299	-0.000148283762413815	-0.831784616357771	-0.000165485799228288	-0.000165362641533304
180000	-0.75270580049339	-0.000156306724017965	-0.000156233095072427	-0.832058700740085	-0.000171214687836043	-0.000170940603453729
181000	-0.753257195268518	-0.000146602062116516	-0.000146050667341387	-0.832054778923398	-0.000161868745651211	-0.000161872667467898
182000	-0.753549054336138	-0.00014945221076602	-0.000149160351698399	-0.832331962805997	-0.000164819469922196	-0.000164542286039598
183000	-0.753819786197735	-0.000152770636978936	-0.000152499905117338	-0.831961034853564	-0.000168572332215827	-0.000168943260168259
184000	-0.754098298437599	-0.000148966664558163	-0.000148688152318299	-0.832055158454045	-0.000165579922828768	-0.000165485799228288
185000	-0.754573217787336	-0.000156781643367702	-0.000156306724017965	-0.832230817888544	-0.000171390347270543	-0.000171214687836043
186000	-0.754647922069707	-0.000146676766398887	-0.000146602062116516	-0.832213992029856	-0.000161851919792524	-0.000161868745651211
187000	-0.754932886330571	-0.000149737175026883	-0.00014945221076602	-0.832371750268834	-0.000164977228161174	-0.000164819469922196
188000	-0.755147510911506	-0.00015298526155987	-0.000152770636978936	-0.832452527041559	-0.000168653108988551	-0.000168572332215827
189000	-0.755394964893415	-0.000149214118540072	-0.000148966664558163	-0.832678853817446	-0.000165806249604656	-0.000165579922828768
190000	-0.755866468467329	-0.000157253146941616	-0.000156781643367702	-0.832835030678727	-0.000171546524131824	-0.000171390347270543
191000	-0.756079891201215	-0.000146890189132773	-0.000146676766398887	-0.832948636852426	-0.000161965525966222	-0.000161851919792524
192000	-0.756624201404263	-0.000150281485229932	-0.000149737175026883	-0.833190840660383	-0.000165219431969131	-0.000164977228161174
193000	-0.757087734834588	-0.000153448794990195	-0.00015298526155987	-0.833227844898476	-0.000168690113226643	-0.000168653108988551
194000	-0.75743102030489	-0.000149557404010374	-0.000149214118540072	-0.833349421215763	-0.000165927825921943	-0.000165806249604656
195000	-0.757593902207603	-0.000157416028844329	-0.000157253146941616	-0.833122778164337	-0.000171319881080397	-0.000171546524131824
196000	-0.757841039913973	-0.000147137326839142	-0.000146890189132773	-0.833657094060345	-0.00016249984186223	-0.000161965525966222
197000	-0.758002466949206	-0.000150442912265165	-0.000150281485229932	-0.833916060471883	-0.000165478398380669	-0.000165219431969131
198000	-0.758387500790689	-0.000153833828831678	-0.000153448794990195	-0.83444923777595	-0.00016922329053071	-0.000168690113226643
199000	-0.758928584983237	-0.000150098488202922	-0.000149557404010374	-0.834664684673287	-0.00016614327281928	-0.000165927825921943
200000	-0.758934910494022	-0.000157422354355114	-0.000157416028844329	-0.834756467834778	-0.000171411664241888	-0.000171319881080397
201000	-0.759397495097729	-0.000147599911442849	-0.000147137326839142	-0.83489113795939	-0.000162634511986843	-0.00016249984186223
202000	-0.759322727560251	-0.000150368144727687	-0.000150442912265165	-0.83514915554431	-0.00016573641596559	-0.000165478398380669
203000	-0.759660067050414	-0.000154171168321842	-0.000153833828831678	-0.835614776393194	-0.000169688911379594	-0.00016922329053071
204000	-0.760425770130938	-0.000150864191283446	-0.000150098488202922	-0.836074071731292	-0.000166602568157379	-0.00016614327281928
205000	-0.760625213485989	-0.000157621797710165	-0.000157422354355114	-0.836391232842052	-0.000171728825352648	-0.000171411664241888
206000	-0.761463406920109	-0.000148438104876969	-0.000147599911442849	-0.836686001644633	-0.000162929280789424	-0.000162634511986843
207000	-0.761610728066291	-0.000150515465873869	-0.000150368144727687	-0.836428110569928	-0.000165478524890885	-0.00016573641596559
208000	-0.761780061990006	-0.000154340502245557	-0.000154171168321842	-0.836812132329686	-0.000170072933139351	-0.000169688911379594
209000	-0.762042001391612	-0.000151126130685053	-0.000150864191283446	-0.836913403757353	-0.000166703839585046	-0.000166602568157379
210000	-0.762350053766842	-0.000157929850085394	-0.000157621797710165	-0.837165475362135	-0.000171980896957429	-0.000171728825352648
211000	-0.762631096211019	-0.000148719147321146	-0.000148438104876969	-0.837401922955279	-0.000163165728382567	-0.000162929280789424
212000	-0.763288506546904	-0.000151172876209754	-0.000150515465873869	-0.837845910557278	-0.000165922512492884	-0.000165478524890885
213000	-0.763311341640837	-0.00015436333733949	-0.000154340502245557	-0.837841925485483	-0.000170068948067557	-0.000170072933139351
214000	-0.763879815295085	-0.000151694604339301	-0.000151126130685053	-0.837901258776646	-0.00016676317287621	-0.000166703839585046
215000	-0.764620848883547	-0.000158670883673857	-0.000157929850085394	-0.83845777721551	-0.000172537415396293	-0.000171980896957429
216000	-0.764654374090708	-0.000148752672528307	-0.000148719147321146	-0.838274274147637	-0.000162982225314695	-0.000163165728382567
217000	-0.764815042064647	-0.000151333544183693	-0.000151172876209754	-0.838192801568727	-0.000165841039913973	-0.000165922512492884
218000	-0.765091909671706	-0.000154640204946549	-0.00015436333733949	-0.837932127269277	-0.000169808273768107	-0.000170068948067557
219000	-0.765487949901955	-0.000152090644569549	-0.000151694604339301	-0.838457018154216	-0.000167288063761149	-0.00016676317287621
220000	-0.765643810487697	-0.000158826744259599	-0.000158670883673857	-0.838690998798153	-0.000172771396040231	-0.000172537415396293
221000	-0.765480991840091	-0.000148589853880701	-0.000148752672528307	-0.83851957745588	-0.000162810803972421	-0.000162982225314695
222000	-0.765853374660004	-0.000151705927003606	-0.000151333544183693	-0.839151179707761	-0.000166472642165855	-0.000165841039913973
223000	-0.765854133721298	-0.000154640964007844	-0.000154640204946549	-0.839091909671706	-0.000169749003732052	-0.000169808273768107
224000	-0.766075083813018	-0.000152311594661269	-0.000152090644569549	-0.839372382819913	-0.000167568536909356	-0.000167288063761149
225000	-0.766087039028402	-0.000158838699474983	-0.000158826744259599	-0.839573723828199	-0.000172972737048517	-0.000172771396040231
226000	-0.765807388196597	-0.000148310203048896	-0.000148589853880701	-0.83920153077361	-0.000162438610917832	-0.000162810803972421
227000	-0.766141691441584	-0.000152040230248592	-0.000151705927003606	-0.839346637991018	-0.000166617749383263	-0.000166472642165855
228000	-0.766935796065532	-0.000155435068631792	-0.000154640964007844	-0.839722499841862	-0.000170124865582896	-0.000169749003732052
229000	-0.767326775887153	-0.00015270257448289	-0.000152311594661269	-0.840392624454425	-0.000168238661521918	-0.000167568536909356
230000	-0.767277942943893	-0.000158789866531723	-0.000158838699474983	-0.840541843253843	-0.000173121955847935	-0.000172972737048517
231000	-0.767381744575874	-0.000148414004680878	-0.000148310203048896	-0.840737428047315	-0.000162634195711304	-0.000162438610917832
232000	-0.767974887722184	-0.000152633373394901	-0.000152040230248592	-0.841285849832374	-0.000167166171168322	-0.000166617749383263
233000	-0.76851280915934	-0.000155972990068948	-0.000155435068631792	-0.841405844771965	-0.000170244860522487	-0.000170124865582896
234000	-0.768791068378772	-0.000152980833702321	-0.00015270257448289	-0.841294136251502	-0.000168126953001455	-0.000168238661521918
235000	-0.769095072427099	-0.000159093870580049	-0.000158789866531723	-0.840992282876842	-0.000172820102473274	-0.000173121955847935
236000	-0.769292048832943	-0.000148610981086723	-0.000148414004680878	-0.841568473654248	-0.000163210386488709	-0.000162634195711304
237000	-0.769452084255804	-0.000152793408817762	-0.000152633373394901	-0.841606173698526	-0.000167203871212601	-0.000167166171168322
238000	-0.769326775887153	-0.000155847681700297	-0.000155972990068948	-0.841881649693213	-0.000170520336517174	-0.000170244860522487
239000	-0.769701752166487	-0.000153355809981656	-0.000152980833702321	-0.841998481877412	-0.000168243785185654	-0.000168126953001455
240000	-0.769985704345626	-0.000159377822759187	-0.000159093870580049	-0.842055095198937	-0.000172876715794801	-0.000172820102473274
241000	-0.770405275475995	-0.000149030552217092	-0.000148610981086723	-0.842345119868429	-0.000163500411158201	-0.000163210386488709
242000	-0.77054987665254	-0.000152938009994307	-0.000152793408817762	-0.842301473844013	-0.000167160225188184	-0.000167203871212601
243000	-0.770791194888987	-0.000156088999936745	-0.000155847681700297	-0.842285596811943	-0.000170504459485103	-0.000170520336517174
244000	-0.771082990701499	-0.000153647605794168	-0.000153355809981656	-0.842374913024227	-0.000168333101397938	-0.000168243785185654
245000	-0.771357075083813	-0.000159651907141502	-0.000159377822759187	-0.842247453981909	-0.000172749256752483	-0.000172876715794801
246000	-0.771688405338731	-0.00014936188247201	-0.000149030552217092	-0.842399456006072	-0.000163652413182365	-0.000163500411158201
247000	-0.772036498197229	-0.000153286102852805	-0.000152938009994307	-0.842484723891454	-0.000167245493073566	-0.000167160225188184
248000	-0.772320197355936	-0.000156372699095452	-0.000156088999936745	-0.842694414573977	-0.000170714150167626	-0.000170504459485103
249000	-0.772055854260231	-0.000153383262698463	-0.000153647605794168	-0.842645075589854	-0.000168283762413815	-0.000168333101397938
250000	-0.772489784300082	-0.000160085837181352	-0.000159651907141502	-0.842873300018977	-0.000172977481181606	-0.000172749256752483
