Distance from Center (cmd=annotatePeaks.pl /expanse/lustre/projects/csd940/ctea/homer/homer_scripts/reference_peaks/CTCF.bed mm10 -size 500000 -hist 1000 -bedGraph /expanse/lustre/projects/csd940/ctea/homer/bwt2_bam/tags/ctrl_M2/tagdirs/tagdirs.DLR.bedGraph /expanse/lustre/projects/csd940/ctea/homer/bwt2_bam/tags/mut_M2/tagdirs/tagdirs.DLR.bedGraph)	/expanse/lustre/projects/csd940/ctea/homer/bwt2_bam/tags/ctrl_M2/tagdirs/tagdirs.DLR.bedGraph Coverage	/expanse/lustre/projects/csd940/ctea/homer/bwt2_bam/tags/ctrl_M2/tagdirs/tagdirs.DLR.bedGraph + Tags	/expanse/lustre/projects/csd940/ctea/homer/bwt2_bam/tags/ctrl_M2/tagdirs/tagdirs.DLR.bedGraph - Tags	/expanse/lustre/projects/csd940/ctea/homer/bwt2_bam/tags/mut_M2/tagdirs/tagdirs.DLR.bedGraph Coverage	/expanse/lustre/projects/csd940/ctea/homer/bwt2_bam/tags/mut_M2/tagdirs/tagdirs.DLR.bedGraph + Tags	/expanse/lustre/projects/csd940/ctea/homer/bwt2_bam/tags/mut_M2/tagdirs/tagdirs.DLR.bedGraph - Tags
-250000	-0.911886847046511	-0.000185764644319267	-0.00018544700957306	-1.00639080247484	-0.000204913565426171	-0.000204777941946009
-249000	-0.911727490996399	-0.00018348773355496	-0.000183647089605073	-1.00642078369809	-0.000202283159417614	-0.000202253178194354
-248000	-0.912215162988272	-0.000183662172561331	-0.000183174500569458	-1.00685985163296	-0.000202774032689999	-0.000202334964755133
-247000	-0.912660541139533	-0.000179517191491982	-0.000179071813340721	-1.00717690152984	-0.000198309847015729	-0.000197992797118847
-246000	-0.912918398128482	-0.000180486656200942	-0.000180228799211992	-1.00755018930649	-0.000199269584756981	-0.000198896296980331
-245000	-0.913198879551821	-0.000186045125742605	-0.000185764644319267	-1.00762332625358	-0.000204986702373257	-0.000204913565426171
-244000	-0.913257703081232	-0.000183546557084372	-0.00018348773355496	-1.00768926031951	-0.000202349093483548	-0.000202283159417614
-243000	-0.913649305876197	-0.000184053775356297	-0.000183662172561331	-1.00814408840459	-0.00020322886077508	-0.000202774032689999
-242000	-0.913980761535383	-0.000179848647151168	-0.000179517191491982	-1.00855419090713	-0.000198719949518269	-0.000198309847015729
-241000	-0.913881768091852	-0.000180387662757411	-0.000180486656200942	-1.00828023517099	-0.000198995629020839	-0.000199269584756981
-240000	-0.914214916735925	-0.000186378274386677	-0.000186045125742605	-1.00830861575399	-0.000205015082956259	-0.000204986702373257
-239000	-0.914226613722412	-0.000183558254070859	-0.000183546557084372	-1.00820143441992	-0.000202241912149475	-0.000202349093483548
-238000	-0.914324098870317	-0.000184151260504202	-0.000184053775356297	-1.00831511065965	-0.000203342537014806	-0.00020322886077508
-237000	-0.914767907162865	-0.000180292455443716	-0.000179848647151168	-1.00888592360021	-0.000199290762458829	-0.000198719949518269
-236000	-0.914952596423185	-0.00018057235201773	-0.000180387662757411	-1.00882907008957	-0.000198938775510204	-0.000198995629020839
-235000	-0.915094714809001	-0.000186520392772494	-0.000186378274386677	-1.00922999969218	-0.00020541601255887	-0.000205015082956259
-234000	-0.91523332409887	-0.000183696863360729	-0.000183558254070859	-1.00937279527195	-0.000202384707729246	-0.000202241912149475
-233000	-0.915417305383692	-0.000184335241789023	-0.000184151260504202	-1.00948000738757	-0.000203449749130421	-0.000203342537014806
-232000	-0.915779173207745	-0.000180654323267769	-0.000180292455443716	-1.00960442638594	-0.000199415181457198	-0.000199290762458829
-231000	-0.915756979714963	-0.000180550158524948	-0.00018057235201773	-1.00946535537292	-0.000198799704497183	-0.000198938775510204
-230000	-0.916002862683535	-0.000186766275741066	-0.000186520392772494	-1.00974743743651	-0.000205698094622464	-0.00020541601255887
-229000	-0.916440022162711	-0.000184134022839905	-0.000183696863360729	-1.01016375781082	-0.000202801028103549	-0.000202384707729246
-228000	-0.916904761904762	-0.000184799981531074	-0.000184335241789023	-1.01071450118509	-0.000204000492504695	-0.000203449749130421
-227000	-0.91716588173731	-0.000180915443100317	-0.000180654323267769	-1.01091953704559	-0.000199620217317696	-0.000199415181457198
-226000	-0.917135931295595	-0.000180520208083233	-0.000180550158524948	-1.0110570381999	-0.000198937205651491	-0.000198799704497183
-225000	-0.917352356327146	-0.000186982700772617	-0.000186766275741066	-1.01143755963924	-0.000206078616061808	-0.000205698094622464
-224000	-0.917384769292332	-0.000184166435805091	-0.000184134022839905	-1.01146261581556	-0.000202826084279866	-0.000202801028103549
-223000	-0.917820297349709	-0.00018523550958845	-0.000184799981531074	-1.01186468433527	-0.00020440256102441	-0.000204000492504695
-222000	-0.917872718318096	-0.000180967864068705	-0.000180915443100317	-1.01189709730046	-0.000199652630282882	-0.000199620217317696
-221000	-0.91766851355927	-0.000180316003324407	-0.000180520208083233	-1.01180783082464	-0.000198847939175671	-0.000198937205651491
-220000	-0.917765075260874	-0.00018707926247422	-0.000186982700772617	-1.01175818019515	-0.000206028965432327	-0.000206078616061808
-219000	-0.917885307969342	-0.000184286668513559	-0.000184166435805091	-1.01205990088343	-0.000203127804968141	-0.000202826084279866
-218000	-0.918293224982301	-0.00018564342660141	-0.00018523550958845	-1.01250931141687	-0.000204851971557854	-0.00020440256102441
-217000	-0.918315972542863	-0.000180990611629267	-0.000180967864068705	-1.01252670298889	-0.000199670021854896	-0.000199652630282882
-216000	-0.918592852525626	-0.000180592883307169	-0.000180316003324407	-1.01280201311294	-0.00019912324929972	-0.000198847939175671
-215000	-0.91882848524025	-0.000187314895188845	-0.00018707926247422	-1.01292587804353	-0.000206152830362915	-0.000206028965432327
-214000	-0.918869763289931	-0.000184327946563241	-0.000184286668513559	-1.01304315572383	-0.000203245082648444	-0.000203127804968141
-213000	-0.91930030473728	-0.000186073968048758	-0.00018564342660141	-1.01351679133192	-0.000205325607165942	-0.000204851971557854
-212000	-0.919509588450765	-0.000181199895342752	-0.000180990611629267	-1.01379927355558	-0.000199952504078554	-0.000199670021854896
-211000	-0.91956662665066	-0.000180649921507064	-0.000180592883307169	-1.01385529596454	-0.000199179271708683	-0.00019912324929972
-210000	-0.919644842552406	-0.00018739311109059	-0.000187314895188845	-1.01400760304122	-0.000206305137439592	-0.000206152830362915
-209000	-0.919912549635239	-0.000184595653646073	-0.000184327946563241	-1.01425601009635	-0.000203493489703573	-0.000203245082648444
-208000	-0.920138732416043	-0.000186300150829563	-0.000186073968048758	-1.01428020438945	-0.000205349801459046	-0.000205325607165942
-207000	-0.920503616831348	-0.000181564779758057	-0.000181199895342752	-1.01454098562502	-0.000200213285314126	-0.000199952504078554
-206000	-0.920832148243913	-0.00018097845291963	-0.000180649921507064	-1.01471967248438	-0.000199357958568043	-0.000199179271708683
-205000	-0.920884969372364	-0.000187445932219041	-0.00018739311109059	-1.01461012097147	-0.000206195585926678	-0.000206305137439592
-204000	-0.921167143780589	-0.000184877828054298	-0.000184595653646073	-1.01477621817958	-0.000203659586911688	-0.000203493489703573
-203000	-0.921329701111214	-0.000186462708160187	-0.000186300150829563	-1.01486169852556	-0.00020543528180503	-0.000205349801459046
-202000	-0.921429679564133	-0.000181664758210977	-0.000181564779758057	-1.01519435466494	-0.000200545941453505	-0.000200213285314126
-201000	-0.921590112968264	-0.00018113888632376	-0.00018097845291963	-1.01543602056207	-0.00019959962446517	-0.000199357958568043
-200000	-0.921642318465848	-0.000187498137716625	-0.000187445932219041	-1.01532086680826	-0.000206080432172869	-0.000206195585926678
-199000	-0.921665712438822	-0.000184901222027273	-0.000184877828054298	-1.01536537692	-0.000203704097023425	-0.000203659586911688
-198000	-0.921858835842029	-0.000186655831563395	-0.000186462708160187	-1.0153146489365	-0.000205384553821529	-0.00020543528180503
-197000	-0.921803952350171	-0.000181609874719118	-0.000181664758210977	-1.01521297749869	-0.000200444270015699	-0.000200545941453505
-196000	-0.922107735401853	-0.000181442669375443	-0.00018113888632376	-1.01549115030628	-0.000199877797272755	-0.00019959962446517
-195000	-0.921948564041001	-0.000187338966355773	-0.000187498137716625	-1.01558380275187	-0.000206173084618463	-0.000206080432172869
-194000	-0.922196170776003	-0.000185148828762274	-0.000184901222027273	-1.01597072675224	-0.000204091021023794	-0.000203704097023425
-193000	-0.922305753070459	-0.000186765413857851	-0.000186655831563395	-1.01638387662757	-0.000205797703696863	-0.000205384553821529
-192000	-0.922297719087635	-0.000181601840736295	-0.000181609874719118	-1.01668630529135	-0.000200746698679472	-0.000200444270015699
-191000	-0.922621479360975	-0.000181766429648782	-0.000181442669375443	-1.01709065164527	-0.000200282143626682	-0.000199877797272755
-190000	-0.92273013820913	-0.000187447625203928	-0.000187338966355773	-1.0172718010281	-0.000206354234001292	-0.000206173084618463
-189000	-0.923014990611629	-0.000185433681164773	-0.000185148828762274	-1.01749111952473	-0.000204310339520423	-0.000204091021023794
-188000	-0.923032166712839	-0.00018678258995906	-0.000186765413857851	-1.01741653584511	-0.000205723120017238	-0.000205797703696863
-187000	-0.922985132514544	-0.000181554806538	-0.000181601840736295	-1.01735829716502	-0.000200688459999385	-0.000200746698679472
-186000	-0.92333339489642	-0.000182114692030659	-0.000181766429648782	-1.01768673623295	-0.000200610582694616	-0.000200282143626682
-185000	-0.923396712531166	-0.000187510942838673	-0.000187447625203928	-1.01780669190753	-0.000206474189675871	-0.000206354234001292
-184000	-0.923468895250408	-0.000185505863884015	-0.000185433681164773	-1.01785154061625	-0.000204355188229138	-0.000204310339520423
-183000	-0.923442146089205	-0.000186755840797857	-0.00018678258995906	-1.01798365500046	-0.000205855234401453	-0.000205723120017238
-182000	-0.923525594853326	-0.000181638255302122	-0.000181554806538	-1.0180251177394	-0.000200729922738326	-0.000200688459999385
-181000	-0.92362597346631	-0.000182215070643641	-0.000182114692030659	-1.01819792532398	-0.000200783390279189	-0.000200610582694616
-180000	-0.92371896450888	-0.000187603933881245	-0.000187510942838673	-1.01836830116662	-0.000206644565518515	-0.000206474189675871
-179000	-0.923901006556469	-0.000185687905931603	-0.000185505863884015	-1.01849490565457	-0.000204481792717086	-0.000204355188229138
-178000	-0.923986917844061	-0.00018684175208545	-0.000186755840797857	-1.01843835995937	-0.000205798688706251	-0.000205855234401453
-177000	-0.92420805245175	-0.000181859389909811	-0.000181638255302122	-1.01845221165389	-0.00020074377443285	-0.000200729922738326
-176000	-0.924542924862253	-0.000182549943054145	-0.000182215070643641	-1.01851851509835	-0.000200849693723644	-0.000200783390279189
-175000	-0.924612398805676	-0.000187673407824669	-0.000187603933881245	-1.01862797426663	-0.000206754024686798	-0.000206644565518515
-174000	-0.924735001692985	-0.000185810508818912	-0.000185687905931603	-1.01881269430849	-0.000204666512758949	-0.000204481792717086
-173000	-0.924749099639856	-0.00018685585003232	-0.00018684175208545	-1.01890029858097	-0.00020588629297873	-0.000205798688706251
-172000	-0.925055098962662	-0.000182165389232616	-0.000181859389909811	-1.01911678517561	-0.000200960261027488	-0.00020074377443285
-171000	-0.924930433711946	-0.000182425277803429	-0.000182549943054145	-1.01920891433496	-0.000200941822882999	-0.000200849693723644
-170000	-0.924938960199464	-0.000187681934312187	-0.000187673407824669	-1.01908898944193	-0.000206634099793764	-0.000206754024686798
-169000	-0.924820974543664	-0.000185692523163112	-0.000185810508818912	-1.01906371779481	-0.00020464124111183	-0.000204666512758949
-168000	-0.924750392464678	-0.000186785267953335	-0.00018685585003232	-1.01905953150491	-0.00020588210668883	-0.00020588629297873
-167000	-0.925109489949826	-0.000182524486717764	-0.000182165389232616	-1.01953412134084	-0.000201434850863422	-0.000200960261027488
-166000	-0.925241296518607	-0.00018255708437221	-0.000182425277803429	-1.01954778834611	-0.000200955489888263	-0.000200941822882999
-165000	-0.925490657801582	-0.00018793129559516	-0.000187681934312187	-1.01967266906763	-0.000206758980515284	-0.000206634099793764
-164000	-0.925222673684859	-0.000185424539046387	-0.000185692523163112	-1.01946350848032	-0.000204432080524517	-0.00020464124111183
-163000	-0.925379228614523	-0.000186941822883	-0.000186785267953335	-1.01971200788008	-0.00020613060608859	-0.00020588210668883
-162000	-0.925649767599347	-0.000182795025702589	-0.000182524486717764	-1.01997851448272	-0.000201701357466063	-0.000201434850863422
-161000	-0.925767722473605	-0.000182675039246468	-0.00018255708437221	-1.02009951672977	-0.000201076492135316	-0.000200955489888263
-160000	-0.925859513035984	-0.000188023086157541	-0.00018793129559516	-1.02009323729492	-0.000206752701080431	-0.000206758980515284
-159000	-0.925985009388371	-0.000185550035398775	-0.000185424539046387	-1.02002564102564	-0.00020436448425524	-0.000204432080524517
-158000	-0.926119740203774	-0.000187076553698402	-0.000186941822883	-1.02019974143504	-0.000206304706497984	-0.00020613060608859
-157000	-0.926330132052821	-0.000183005417551636	-0.000182795025702589	-1.02028152799581	-0.000201783144026841	-0.000201701357466063
-156000	-0.92665343060301	-0.000182998337796657	-0.000182675039246468	-1.02029223997291	-0.000201087204112414	-0.000201076492135316
-155000	-0.92698263920953	-0.000188352294764059	-0.000188023086157541	-1.0206127681842	-0.000207073229291717	-0.000206752701080431
-154000	-0.92703453689168	-0.000185601933080925	-0.000185550035398775	-1.02061593868317	-0.000204367654754209	-0.00020436448425524
-153000	-0.927338596977252	-0.000187380613783975	-0.000187076553698402	-1.02071413180657	-0.000206402899621387	-0.000206304706497984
-152000	-0.927675531751162	-0.000183342352325545	-0.000183005417551636	-1.02078326715302	-0.000201852279373288	-0.000201783144026841
-151000	-0.928067103764583	-0.000183389909810077	-0.000182998337796657	-1.02112241819805	-0.000201426355157448	-0.000201087204112414
-150000	-0.928332902391726	-0.000188618093391202	-0.000188352294764059	-1.021285560378	-0.000207236371471666	-0.000207073229291717
-149000	-0.92849108874319	-0.000185760119432389	-0.000185601933080925	-1.02140745528981	-0.000204489549666021	-0.000204367654754209
-148000	-0.928638439991381	-0.000187527965032167	-0.000187380613783975	-1.02134087481146	-0.000206336319143042	-0.000206402899621387
-147000	-0.928706005479115	-0.000183409917813279	-0.000183342352325545	-1.02142183027057	-0.000201933234832394	-0.000201852279373288
-146000	-0.928962538861699	-0.000183646443192662	-0.000183389909810077	-1.02174232770031	-0.000201746852587189	-0.000201426355157448
-145000	-0.929215563148336	-0.00018887111767784	-0.000188618093391202	-1.0222061747776	-0.000207700218548958	-0.000207236371471666
-144000	-0.929571120755995	-0.000186115677040046	-0.000185760119432389	-1.02240837873611	-0.000204691753624527	-0.000204489549666021
-143000	-0.929956105519131	-0.000187912949795303	-0.000187527965032167	-1.02263157570721	-0.000206559516114138	-0.000206336319143042
-142000	-0.930230276726075	-0.000183684089020224	-0.000183409917813279	-1.02293144950288	-0.000202233108628066	-0.000201933234832394
-141000	-0.930568134946286	-0.000183984301412872	-0.000183646443192662	-1.02330880044325	-0.000202124203527565	-0.000201746852587189
-140000	-0.930813094468557	-0.000189116077200111	-0.00018887111767784	-1.02372388955582	-0.000208115307661526	-0.000207700218548958
-139000	-0.9310788930957	-0.00018638147566719	-0.000186115677040046	-1.02400024625235	-0.000204968110321051	-0.000204691753624527
-138000	-0.931114907501462	-0.000187948964201065	-0.000187912949795303	-1.02445956844276	-0.000207018838304553	-0.000206559516114138
-137000	-0.931134915504663	-0.000183704097023424	-0.000183684089020224	-1.0246683904331	-0.000202441930618401	-0.000202233108628066
-136000	-0.931189368054914	-0.000184038753963124	-0.000183984301412872	-1.02480804629544	-0.00020226385938991	-0.000202124203527565
-135000	-0.931397051128144	-0.00018932376027334	-0.000189116077200111	-1.02501554467941	-0.000208322806045495	-0.000208115307661526
-134000	-0.931471142303075	-0.000186455566842121	-0.00018638147566719	-1.02517511620033	-0.000205127681841967	-0.000204968110321051
-133000	-0.931652568719796	-0.000188130390617785	-0.000187948964201065	-1.02541758241758	-0.000207261304521808	-0.000207018838304553
-132000	-0.931840182226737	-0.000183891710530366	-0.000183704097023424	-1.02552202419429	-0.000202546372395111	-0.000202441930618401
-131000	-0.931941238033675	-0.000184139809770062	-0.000184038753963124	-1.0255655185151	-0.000202307353710716	-0.00020226385938991
-130000	-0.932233354880414	-0.000189615877120079	-0.00018932376027334	-1.02579936590021	-0.000208556653430603	-0.000208322806045495
-129000	-0.93247391264198	-0.000186696124603688	-0.000186455566842121	-1.02617514698187	-0.000205503462923631	-0.000205127681841967
-128000	-0.932495398159264	-0.000188151876135071	-0.000188130390617785	-1.02636897836057	-0.000207455135900515	-0.000207261304521808
-127000	-0.932719333887401	-0.000184115646258503	-0.000183891710530366	-1.0267028041986	-0.000202880198233139	-0.000202546372395111
-126000	-0.932922245821405	-0.000184342721704066	-0.000184139809770062	-1.02700313971743	-0.000202607689229538	-0.000202307353710716
-125000	-0.933048911872441	-0.000189742543171115	-0.000189615877120079	-1.02690990242251	-0.000208463416135686	-0.000208556653430603
-124000	-0.933395665958691	-0.000187042878689938	-0.000186696124603688	-1.02727617200726	-0.000205869732508388	-0.000205503462923631
-123000	-0.933456305599163	-0.000188212515775541	-0.000188151876135071	-1.02727275525595	-0.000207451719149197	-0.000207455135900515
-122000	-0.933953519869486	-0.000184612860528827	-0.000184115646258503	-1.02757216732847	-0.00020317961030566	-0.000202880198233139
-121000	-0.934123711022871	-0.00018451291285745	-0.000184342721704066	-1.02768966047958	-0.000202725182380645	-0.000202607689229538
-120000	-0.934288146027642	-0.000189906978175886	-0.000189742543171115	-1.02789571213101	-0.000208669467787115	-0.000208463416135686
-119000	-0.934692030658417	-0.000187446763320713	-0.000187042878689938	-1.02798938036753	-0.000205963400744913	-0.000205869732508388
-118000	-0.934498938036753	-0.000188019423153877	-0.000188212515775541	-1.02767928709946	-0.000207141625881121	-0.000207451719149197
-117000	-0.934860928986979	-0.000184974851479054	-0.000184612860528827	-1.02815898667159	-0.000203659309877797	-0.00020317961030566
-116000	-0.93485729676486	-0.000184509280635331	-0.00018451291285745	-1.02830661495367	-0.000202872810662727	-0.000202725182380645
-115000	-0.934798257764644	-0.00018984793917567	-0.000189906978175886	-1.02810413396128	-0.000208466986794718	-0.000208669467787115
-114000	-0.934939945208853	-0.000187588450764921	-0.000187446763320713	-1.02809366823653	-0.000205952935020163	-0.000205963400744913
-113000	-0.934899005756149	-0.000187978483701173	-0.000188019423153877	-1.02801068119556	-0.000207058638840152	-0.000207141625881121
-112000	-0.935301997722166	-0.000185377843445071	-0.000184974851479054	-1.02840699356666	-0.0002040556222489	-0.000203659309877797
-111000	-0.935563055991627	-0.000184770338904793	-0.000184509280635331	-1.0286434881645	-0.000203109305260566	-0.000202872810662727
-110000	-0.935434112106381	-0.000189718995290424	-0.00018984793917567	-1.02860430325977	-0.000208427801889987	-0.000208466986794718
-109000	-0.93537565795549	-0.00018752999661403	-0.000187588450764921	-1.02845476652199	-0.000205803398282389	-0.000205952935020163
-108000	-0.935361159848555	-0.000187963985594237	-0.000187978483701173	-1.02847936097516	-0.000207083233293317	-0.000207058638840152
-107000	-0.935721180780004	-0.00018573786437652	-0.000185377843445071	-1.02876778403669	-0.000204344045310432	-0.0002040556222489
-106000	-0.935631421799489	-0.000184680579924277	-0.000184770338904793	-1.02884279865792	-0.000203184319881799	-0.000203109305260566
-105000	-0.93576867670145	-0.000189856250192385	-0.000189718995290424	-1.02897426662973	-0.000208559269861791	-0.000208427801889987
-104000	-0.93579213223751	-0.000187553452150091	-0.00018752999661403	-1.02906067042201	-0.000205889802074676	-0.000205803398282389
-103000	-0.935944808692708	-0.000188116662049434	-0.000187963985594237	-1.02902758026287	-0.000207050143134177	-0.000207083233293317
-102000	-0.936243789823622	-0.000186036845507434	-0.00018573786437652	-1.02897540554683	-0.000204291870594392	-0.000204344045310432
-101000	-0.936448764121033	-0.000184885554221689	-0.000184680579924277	-1.02918044140733	-0.000203389355742297	-0.000203184319881799
-100000	-0.936701542155324	-0.000190109028226676	-0.000189856250192385	-1.02955976236649	-0.000208938590820944	-0.000208559269861791
-99000	-0.936896574014221	-0.000187748484008988	-0.000187553452150091	-1.02984153661465	-0.000206171576322837	-0.000205889802074676
-98000	-0.937122171945701	-0.000188342259980915	-0.000188116662049434	-1.03026028873088	-0.000207468895250408	-0.000207050143134177
-97000	-0.937113276079663	-0.000186027949641395	-0.000186036845507434	-1.0302776187398	-0.000204309200603318	-0.000204291870594392
-96000	-0.937425801089667	-0.000185198079231693	-0.000184885554221689	-1.03063302243975	-0.000203744759442238	-0.000203389355742297
-95000	-0.937882445285807	-0.000190565672422816	-0.000190109028226676	-1.03111463046757	-0.000209420198848771	-0.000208938590820944
-94000	-0.938149690645489	-0.00018801572936867	-0.000187748484008988	-1.0314070243482	-0.000206463970203466	-0.000206171576322837
-93000	-0.93836002093145	-0.000188552590266876	-0.000188342259980915	-1.03147064979838	-0.000207532520700588	-0.000207468895250408
-92000	-0.938474497491304	-0.000186142426201249	-0.000186027949641395	-1.03159488410749	-0.000204433434912427	-0.000204309200603318
-91000	-0.938948564041001	-0.00018567214578139	-0.000185198079231693	-1.03179524117339	-0.000203945116508142	-0.000203744759442238
-90000	-0.939297318927571	-0.000190914427309385	-0.000190565672422816	-1.03215575460954	-0.000209780712284913	-0.000209420198848771
-89000	-0.939683165573922	-0.000188401576015021	-0.00018801572936867	-1.03258765044479	-0.000206895866038723	-0.000206463970203466
-88000	-0.939890048327023	-0.000188759473019977	-0.000188552590266876	-1.03306393326561	-0.000208008803521409	-0.000207532520700588
-87000	-0.940170960691969	-0.000186423338566195	-0.000186142426201249	-1.03366395789085	-0.000205033459537661	-0.000204433434912427
-86000	-0.940518145719826	-0.000186019330809247	-0.00018567214578139	-1.03382322159633	-0.000204104380213624	-0.000203945116508142
-85000	-0.940884322959953	-0.000191280604549512	-0.000190914427309385	-1.03412971342383	-0.000210087204112414	-0.000209780712284913
-84000	-0.941222550558685	-0.000188739803613754	-0.000188401576015021	-1.0343539569674	-0.000207120109582295	-0.000206895866038723
-83000	-0.941392895619786	-0.000188929818081079	-0.000188759473019977	-1.03433388740111	-0.00020798873395512	-0.000208008803521409
-82000	-0.941889955982393	-0.000186920398928803	-0.000186423338566195	-1.03465638563118	-0.000205355957767722	-0.000205033459537661
-81000	-0.942274355896205	-0.000186403730723059	-0.000186019330809247	-1.03487601194324	-0.000204324006525687	-0.000204104380213624
-80000	-0.942191061039801	-0.000191197309693108	-0.000191280604549512	-1.03489682026657	-0.000210108012435743	-0.000210087204112414
-79000	-0.942700741835196	-0.000189249484409148	-0.000188739803613754	-1.03498528642226	-0.000207208575737988	-0.000207120109582295
-78000	-0.942860097885308	-0.000189089174131191	-0.000188929818081079	-1.03489503493705	-0.000207898482469911	-0.00020798873395512
-77000	-0.94341056422569	-0.000187470865269184	-0.000186920398928803	-1.03539055622249	-0.00020585147905316	-0.000205355957767722
-76000	-0.943567673223135	-0.000186560839720503	-0.000186403730723059	-1.03543709791609	-0.000204370548219288	-0.000204324006525687
-75000	-0.943577369409302	-0.000191207005879275	-0.000191197309693108	-1.035518268846	-0.000210189183365655	-0.000210108012435743
-74000	-0.943736725459415	-0.000189408840459261	-0.000189249484409148	-1.03582999353588	-0.000207520300427863	-0.000207208575737988
-73000	-0.944010096346231	-0.000189362545018007	-0.000189089174131191	-1.03596059962447	-0.000208029088558501	-0.000207898482469911
-72000	-0.944506387170253	-0.000187967156093206	-0.000187470865269184	-1.03632705389848	-0.000206217933327177	-0.00020585147905316
-71000	-0.944414134884723	-0.000186468587434974	-0.000186560839720503	-1.03649290485425	-0.000204536399175055	-0.000204370548219288
-70000	-0.944620894511651	-0.000191413765506202	-0.000191207005879275	-1.03667673223135	-0.000210373010742758	-0.000210189183365655
-69000	-0.944763536183704	-0.000189551482131314	-0.000189408840459261	-1.0370176686059	-0.000207861236802413	-0.000207520300427863
-68000	-0.945020808323329	-0.000189619817157633	-0.000189362545018007	-1.03707359867024	-0.000208085018622834	-0.000208029088558501
-67000	-0.945462154092406	-0.000188408501862283	-0.000187967156093206	-1.03748810293348	-0.00020663243759042	-0.000206217933327177
-66000	-0.945775233170191	-0.000186781666512759	-0.000186468587434974	-1.03768411980177	-0.000204732416043341	-0.000204536399175055
-65000	-0.946158709637701	-0.000191797241973713	-0.000191413765506202	-1.03795718287315	-0.000210646073814141	-0.000210373010742758
-64000	-0.946253424446702	-0.000189646196940314	-0.000189551482131314	-1.03827943485086	-0.000208183488780127	-0.000207861236802413
-63000	-0.946798011512297	-0.000190164404223227	-0.000189619817157633	-1.03885695816788	-0.000208662541939852	-0.000208085018622834
-62000	-0.947122879921199	-0.000188733370271185	-0.000188408501862283	-1.03935765075261	-0.000207133130175147	-0.00020663243759042
-61000	-0.947307907778496	-0.000186966694370056	-0.000186781666512759	-1.03970104965063	-0.000205075814941361	-0.000204732416043341
-60000	-0.947683750423246	-0.000192173084618463	-0.000191797241973713	-1.03988595438175	-0.000210830978545265	-0.000210646073814141
-59000	-0.948261673900329	-0.000190224120417398	-0.000189646196940314	-1.0404219226152	-0.000208719457013575	-0.000208183488780127
-58000	-0.948552928863853	-0.000190455659186751	-0.000190164404223227	-1.04076916920614	-0.000209009788530797	-0.000208662541939852
-57000	-0.94900218548958	-0.000189182626896913	-0.000188733370271185	-1.04122033428756	-0.000207584295256565	-0.000207133130175147
-56000	-0.949623911102903	-0.000187588419983378	-0.000186966694370056	-1.0418217133007	-0.000205677193954506	-0.000205075814941361
-55000	-0.950165142980269	-0.000192714316495829	-0.000192173084618463	-1.04217773263151	-0.000211186997876073	-0.000210830978545265
-54000	-0.950960199464401	-0.000191019176901529	-0.000190224120417398	-1.04278151260504	-0.000209323236987102	-0.000208719457013575
-53000	-0.951597008033983	-0.000191092467756333	-0.000190455659186751	-1.04331110905901	-0.000209539384984763	-0.000209009788530797
-52000	-0.952133653461385	-0.000189719272324315	-0.000189182626896913	-1.0440554067781	-0.000208328592975651	-0.000207584295256565
-51000	-0.952391633576508	-0.000187846400098501	-0.000187588419983378	-1.04450872656755	-0.000206130513743959	-0.000205677193954506
-50000	-0.95302671837966	-0.000193349401298981	-0.000192714316495829	-1.04507326007326	-0.000211751531381783	-0.000211186997876073
-49000	-0.953877489457321	-0.000191869947979192	-0.000191019176901529	-1.04590793240373	-0.000210157909317573	-0.000209323236987102
-48000	-0.954409055930064	-0.000191624034229076	-0.000191092467756333	-1.04637895158063	-0.000210010404161664	-0.000209539384984763
-47000	-0.955333948964201	-0.000190644165358451	-0.000189719272324315	-1.04706405639179	-0.000209013697786807	-0.000208328592975651
-46000	-0.956275525594853	-0.000188787976729153	-0.000187846400098501	-1.04796921845661	-0.000207035675808785	-0.000206130513743959
-45000	-0.956797272755256	-0.000193871148459383	-0.000193349401298981	-1.04852251669899	-0.000212304829624158	-0.000211751531381783
-44000	-0.957457567642442	-0.000192530242866377	-0.000191869947979192	-1.04917908701942	-0.000210814479638008	-0.000210157909317573
-43000	-0.958226090436174	-0.000192392557022809	-0.000191624034229076	-1.04998630221319	-0.000210817619355434	-0.000210010404161664
-42000	-0.958749191984486	-0.000191167266906763	-0.000190644165358451	-1.05083682703851	-0.000209864222612122	-0.000209013697786807
-41000	-0.959782897774494	-0.000189821682519162	-0.000188787976729153	-1.05179807307538	-0.000207996921845661	-0.000207035675808785
-40000	-0.960667713239142	-0.000194755963924031	-0.000193871148459383	-1.05280462954413	-0.000213311386092899	-0.000212304829624158
-39000	-0.961485240249946	-0.000193347769877181	-0.000192530242866377	-1.05380773848001	-0.000211817588573892	-0.000210814479638008
-38000	-0.962692061439961	-0.000193599378212824	-0.000192392557022809	-1.0550749222766	-0.000212084803152029	-0.000210817619355434
-37000	-0.9635738910949	-0.000192049096561701	-0.000191167266906763	-1.05575106965863	-0.000210540369994152	-0.000209864222612122
-36000	-0.964661833964355	-0.000190909625388618	-0.000189821682519162	-1.05691245729061	-0.000209158309477638	-0.000207996921845661
-35000	-0.966059192907932	-0.000196153322867609	-0.000194755963924031	-1.05833948964201	-0.000214738418444301	-0.000213311386092899
-34000	-0.967111583094776	-0.000194400160064025	-0.000193347769877181	-1.05938578508326	-0.000212863884015145	-0.000211817588573892
-33000	-0.968615661649275	-0.000195103456767322	-0.000193599378212824	-1.06078539107951	-0.000213484409148275	-0.000212084803152029
-32000	-0.970081571089975	-0.000193515006002401	-0.000192049096561701	-1.06222211961708	-0.000211977098531721	-0.000210540369994152
-31000	-0.971479976606027	-0.00019230803090467	-0.000190909625388618	-1.06369240003694	-0.000210628589897498	-0.000209158309477638
-30000	-0.973192261519993	-0.000197865607781574	-0.000196153322867609	-1.06529217840983	-0.000216338196817188	-0.000214738418444301
-29000	-0.974773417059131	-0.000195981315603164	-0.000194400160064025	-1.06671009942439	-0.000214281805029704	-0.000212863884015145
-28000	-0.976592883307169	-0.00019692292301536	-0.000195103456767322	-1.06845790623942	-0.000215232215963309	-0.000213484409148275
-27000	-0.978821313140641	-0.000195743435835872	-0.000193515006002401	-1.07035546526303	-0.000213874657555329	-0.000211977098531721
-26000	-0.981113830147444	-0.000194600547911472	-0.00019230803090467	-1.07269064548896	-0.000212963770123434	-0.000210628589897498
-25000	-0.983512020192692	-0.000200263797826823	-0.000197865607781574	-1.07516489672792	-0.000218812448056145	-0.000216338196817188
-24000	-0.985912795887586	-0.000198382091298057	-0.000195981315603164	-1.0775324591375	-0.000216649367439284	-0.000214281805029704
-23000	-0.988398128482162	-0.000199408255609936	-0.00019692292301536	-1.0801345153446	-0.000217834272170407	-0.000215232215963309
-22000	-0.991123218518177	-0.000198468525871888	-0.000195743435835872	-1.0831310370302	-0.000216871179240928	-0.000213874657555329
-21000	-0.994117585495737	-0.000197594914889033	-0.000194600547911472	-1.08612931326377	-0.000215962046357005	-0.000212963770123434
-20000	-0.997504786529997	-0.000203650998861083	-0.000200263797826823	-1.08962157170561	-0.000222304706497986	-0.000218812448056145
-19000	-1.00113774740665	-0.000202015052174717	-0.000198382091298057	-1.09335712746637	-0.000220384923200049	-0.000216649367439284
-18000	-1.00503493705174	-0.000203305445255025	-0.000199408255609936	-1.09750952688768	-0.000221986671591714	-0.000217834272170407
-17000	-1.00890029858097	-0.000202333887401114	-0.000198468525871888	-1.10187428817681	-0.000221235940530058	-0.000216871179240928
-16000	-1.01318376581402	-0.00020187838212208	-0.000197594914889033	-1.10644254624927	-0.000220530304429464	-0.000215962046357005
-15000	-1.01796330840028	-0.000208430541447348	-0.000203650998861083	-1.11161187551944	-0.000227474035768154	-0.000222304706497986
-14000	-1.0232203650691	-0.000207272108843538	-0.000202015052174717	-1.11735266414258	-0.000226125711823191	-0.000220384923200049
-13000	-1.02865081417182	-0.000208735894357743	-0.000203305445255025	-1.12338363037523	-0.00022801763782436	-0.000221986671591714
-12000	-1.03443217286915	-0.000208115246098439	-0.000202333887401114	-1.12986231415643	-0.000227714624311263	-0.000221235940530058
-11000	-1.04039080247484	-0.000207837011727768	-0.00020187838212208	-1.13652137778188	-0.000227189368054914	-0.000220530304429464
-10000	-1.04761686212947	-0.000215656601101979	-0.000208430541447348	-1.1447281989719	-0.000235680856958168	-0.000227474035768154
-9000	-1.05561655431403	-0.000215271801028104	-0.000207272108843538	-1.15397362021732	-0.000235371133068612	-0.000226125711823191
-8000	-1.06324018838305	-0.000216359528426756	-0.000208735894357743	-1.16296106134762	-0.000237005078954659	-0.00022801763782436
-7000	-1.0707996429341	-0.000215674700649491	-0.000208115246098439	-1.17169276941546	-0.000236446332379105	-0.000227714624311263
-6000	-1.07741964478099	-0.00021445701357466	-0.000207837011727768	-1.17927281681904	-0.000234769415458491	-0.000227189368054914
-5000	-1.08356401021947	-0.000221800966540462	-0.000215656601101979	-1.18602711853972	-0.000242435158678857	-0.000235680856958168
-4000	-1.0881645273494	-0.000219872318158033	-0.000215271801028104	-1.19118004124727	-0.000240524055776157	-0.000235371133068612
-3000	-1.09153686089821	-0.00021973186197556	-0.000216359528426756	-1.19508849693724	-0.000240913534644627	-0.000237005078954659
-2000	-1.09362837442669	-0.000217766214177979	-0.000215674700649491	-1.19710561147536	-0.000238463446917229	-0.000236446332379105
-1000	-1.09445051866901	-0.000215279157816973	-0.00021445701357466	-1.19795001077354	-0.000235613814756672	-0.000234769415458491
0	-1.09436239111029	-0.000221712838981746	-0.000221800966540462	-1.19783562655832	-0.000242320774463631	-0.000242435158678857
1000	-1.09331434112106	-0.000218824268168806	-0.000219872318158033	-1.19693563579278	-0.00023962406501062	-0.000240524055776157
2000	-1.09143583587281	-0.000217853356727306	-0.00021973186197556	-1.19466312678918	-0.000238641025641025	-0.000240913534644627
3000	-1.08806254809616	-0.00021439292640133	-0.000217766214177979	-1.1908894634777	-0.00023468978360575	-0.000238463446917229
4000	-1.08357853910795	-0.000210795148828763	-0.000215279157816973	-1.18578028134331	-0.00023050463262228	-0.000235613814756672
5000	-1.07769612460369	-0.000215830424477483	-0.000221712838981746	-1.17916194169976	-0.000235702434820082	-0.000242320774463631
6000	-1.07065032166713	-0.000211778465232247	-0.000218824268168806	-1.17110733524179	-0.000231569458552653	-0.00023962406501062
7000	-1.06363557730785	-0.000210838612368025	-0.000217853356727306	-1.16273287776649	-0.000230266568165727	-0.000238641025641025
8000	-1.05600135438791	-0.000206758703481392	-0.00021439292640133	-1.15363333025518	-0.000225590236094438	-0.00023468978360575
9000	-1.0482168867547	-0.000203010681195555	-0.000210795148828763	-1.14453378274387	-0.000221405085110967	-0.00023050463262228
10000	-1.04100095422784	-0.000208614491950627	-0.000215830424477483	-1.13647751408256	-0.00022764616615877	-0.000235702434820082
11000	-1.03455800781851	-0.000205335518822914	-0.000211778465232247	-1.12927303228984	-0.000224364976759935	-0.000231569458552653
12000	-1.02886216024871	-0.000205142764798227	-0.000210838612368025	-1.12303546033798	-0.000224028996213871	-0.000230266568165727
13000	-1.02355896204636	-0.000201455505279035	-0.000206758703481392	-1.11737427278604	-0.000219929048542494	-0.000225590236094438
14000	-1.01869621694832	-0.000198147936097516	-0.000203010681195555	-1.11205599162742	-0.00021608680395235	-0.000221405085110967
15000	-1.01388829377905	-0.000203806568781359	-0.000208614491950627	-1.10694739434235	-0.000222537568873704	-0.00022764616615877
16000	-1.00958263305322	-0.000201029858097084	-0.000205335518822914	-1.10227712623511	-0.000219694708652692	-0.000224364976759935
17000	-1.00561476898452	-0.000201174900729522	-0.000205142764798227	-1.09808274078862	-0.000219834610767384	-0.000224028996213871
18000	-1.00193985286422	-0.000197780589158741	-0.000201455505279035	-1.09431113984055	-0.000216157447594422	-0.000219929048542494
19000	-0.998509650013852	-0.000194717733247145	-0.000198147936097516	-1.09091325761074	-0.000212688921722535	-0.00021608680395235
20000	-0.995233755040478	-0.000200530673807985	-0.000203806568781359	-1.08750540216086	-0.000219129713423831	-0.000222537568873704
21000	-0.992453966201865	-0.000198250069258472	-0.000201029858097084	-1.08450121587096	-0.000216690522362791	-0.000219694708652692
22000	-0.989511866284976	-0.000198232800812633	-0.000201174900729522	-1.08157466063348	-0.000216908055529905	-0.000219834610767384
23000	-0.986702003878475	-0.00019497072675224	-0.000197780589158741	-1.0788145412011	-0.000213397328162034	-0.000216157447594422
24000	-0.984430603010435	-0.000192446332379105	-0.000194717733247145	-1.07669289254163	-0.000210567273063071	-0.000212688921722535
25000	-0.982104872718318	-0.000198204943515868	-0.000200530673807985	-1.07452885769692	-0.000216965678579124	-0.000219129713423831
26000	-0.980168929110106	-0.00019631412565026	-0.000198250069258472	-1.07247024963832	-0.000214631914304183	-0.000216690522362791
27000	-0.978209037461138	-0.000196272909163666	-0.000198232800812633	-1.0701240188383	-0.000214561824729892	-0.000216908055529905
28000	-0.976172099609074	-0.000192933788900176	-0.00019497072675224	-1.06807350632561	-0.000211346815649337	-0.000213397328162034
29000	-0.974528919260012	-0.000190803152030042	-0.000192446332379105	-1.06656816572783	-0.000209061932465294	-0.000210567273063071
30000	-0.972873888016745	-0.000196549912272601	-0.000198204943515868	-1.06475664111799	-0.000215154153969281	-0.000216965678579124
31000	-0.971150891125681	-0.000194591128759196	-0.00019631412565026	-1.06306427186259	-0.000212939545048789	-0.000214631914304183
32000	-0.969719395450488	-0.000194841413488472	-0.000196272909163666	-1.06155705359067	-0.000213054606457969	-0.000214561824729892
33000	-0.96851808415674	-0.000191732477606426	-0.000192933788900176	-1.06022233508788	-0.000210012097146551	-0.000211346815649337
34000	-0.967252839597377	-0.00018953790747068	-0.000190803152030042	-1.05906445655185	-0.000207904053929263	-0.000209061932465294
35000	-0.966009234463016	-0.00019530630713824	-0.000196549912272601	-1.05769877181642	-0.000213788469233848	-0.000215154153969281
36000	-0.964567950257026	-0.000193149844553206	-0.000194591128759196	-1.05634355280574	-0.000211584326038107	-0.000212939545048789
37000	-0.963637639671253	-0.0001939111029027	-0.000194841413488472	-1.05533798134638	-0.000212049034998615	-0.000213054606457969
38000	-0.962825407085911	-0.000190920245021085	-0.000191732477606426	-1.05441117985656	-0.000209085295656725	-0.000210012097146551
39000	-0.96200390925601	-0.000188716409640779	-0.00018953790747068	-1.05362110998245	-0.00020711398405516	-0.000207904053929263
40000	-0.960837504232462	-0.000194139902114692	-0.00019530630713824	-1.05220983778127	-0.000212377197032659	-0.000213788469233848
41000	-0.959612214116416	-0.000191924554437159	-0.000193149844553206	-1.05103416751316	-0.00021040865577	-0.000211584326038107
42000	-0.958750454027765	-0.000193049342814048	-0.0001939111029027	-1.05034893957583	-0.000211363807061286	-0.000212049034998615
43000	-0.958189768214978	-0.000190359559208298	-0.000190920245021085	-1.04964407301382	-0.000208380429094715	-0.000209085295656725
44000	-0.957753870779081	-0.000188280512204881	-0.000188716409640779	-1.04929541047188	-0.000206765321513221	-0.00020711398405516
45000	-0.956622864530428	-0.000193008895866039	-0.000194139902114692	-1.04831538769354	-0.000211397174254316	-0.000212377197032659
46000	-0.955697017268446	-0.000190998707175178	-0.000191924554437159	-1.04728460615015	-0.000209377874226613	-0.00021040865577
47000	-0.955119493951427	-0.000192471819497029	-0.000193049342814048	-1.04689909810078	-0.000210978299011912	-0.000211363807061286
48000	-0.954495952227045	-0.000189736017483917	-0.000190359559208298	-1.04646803336719	-0.000207949364361129	-0.000208380429094715
49000	-0.953912426509065	-0.000187696986486903	-0.000188280512204881	-1.04568805983932	-0.000205985347985348	-0.000206765321513221
50000	-0.953109212915936	-0.000192205682272909	-0.000193008895866039	-1.04505103579893	-0.000210760150213932	-0.000211397174254316
51000	-0.952265460030166	-0.000190154954289408	-0.000190998707175178	-1.0442452673377	-0.000208572105765383	-0.000209377874226613
52000	-0.951528826915382	-0.000191735186382246	-0.000192471819497029	-1.04371126912303	-0.000210444300797243	-0.000210978299011912
53000	-0.950876227414043	-0.000189083417982578	-0.000189736017483917	-1.04327595653646	-0.000207514051774555	-0.000207949364361129
54000	-0.950351525225475	-0.000187172284298334	-0.000187696986486903	-1.04246794102256	-0.00020517733247145	-0.000205985347985348
55000	-0.949433958198664	-0.000191288115246099	-0.000192205682272909	-1.04184649244313	-0.0002101387016345	-0.000210760150213932
56000	-0.949149044233078	-0.000189870040323822	-0.000190154954289408	-1.04134826238188	-0.000208073875704128	-0.000208572105765383
57000	-0.94869569366208	-0.000191281835811247	-0.000191735186382246	-1.04079431772709	-0.000209890356142456	-0.000210444300797243
58000	-0.948004401760704	-0.000188392126081202	-0.000189083417982578	-1.04011595407394	-0.000206835688121403	-0.000207514051774555
59000	-0.947264013297627	-0.000186431895835257	-0.000187172284298334	-1.03941278049681	-0.000204474158894327	-0.00020517733247145
60000	-0.946541416566627	-0.000190565518515098	-0.000191288115246099	-1.03863957890849	-0.000209365500046172	-0.0002101387016345
61000	-0.945999292024502	-0.000189327915781698	-0.000189870040323822	-1.03821282359097	-0.000207647120386617	-0.000208073875704128
62000	-0.945281589558901	-0.000190564133345646	-0.000191281835811247	-1.03728312863607	-0.000208960661187552	-0.000209890356142456
63000	-0.94483067072983	-0.000187941207252132	-0.000188392126081202	-1.03693969895651	-0.000206492258441838	-0.000206835688121403
64000	-0.944323698710253	-0.00018592492381568	-0.000186431895835257	-1.03645088804753	-0.000203985347985348	-0.000204474158894327
65000	-0.943785083264075	-0.00019002690306892	-0.000190565518515098	-1.03572761412257	-0.000208642226121218	-0.000209365500046172
66000	-0.94353181272509	-0.000189074645242713	-0.000189327915781698	-1.03541090282267	-0.000207330409086712	-0.000207647120386617
67000	-0.943220518976821	-0.000190252839597377	-0.000190564133345646	-1.03512611198325	-0.000208675870348139	-0.000208960661187552
68000	-0.942979314802844	-0.000187700003078154	-0.000187941207252132	-1.03480438329178	-0.000206170529750362	-0.000206492258441838
69000	-0.942516760550374	-0.000185462369563209	-0.00018592492381568	-1.03449447471296	-0.000203675439406531	-0.000203985347985348
70000	-0.942375042324622	-0.000189885184843168	-0.00019002690306892	-1.03431523378582	-0.000208462985194077	-0.000208642226121218
71000	-0.941958229445624	-0.000188657832363715	-0.000189074645242713	-1.03409871640964	-0.000207113891710531	-0.000207330409086712
72000	-0.941596546310832	-0.000189891156462585	-0.000190252839597377	-1.03385351063502	-0.000208430664573521	-0.000208675870348139
73000	-0.941443038753963	-0.000187546495521286	-0.000187700003078154	-1.03379681103211	-0.000206113830147443	-0.000206170529750362
74000	-0.941132329855019	-0.000185151660664266	-0.000185462369563209	-1.03352159325269	-0.000203400221627112	-0.000203675439406531
75000	-0.940868285775849	-0.000189621140763998	-0.000189885184843168	-1.03353439837473	-0.000208475790316127	-0.000208462985194077
76000	-0.94077631052421	-0.000188565857112076	-0.000188657832363715	-1.03345492042971	-0.000207034413765506	-0.000207113891710531
77000	-0.940521285437252	-0.000189636131375628	-0.000189891156462585	-1.03325511743159	-0.0002082308615754	-0.000208430664573521
78000	-0.940467140702435	-0.000187492350786468	-0.000187546495521286	-1.03324258934343	-0.000206101302059286	-0.000206113830147443
79000	-0.940172961492289	-0.000184857481454119	-0.000185151660664266	-1.03297349709114	-0.000203131129374827	-0.000203400221627112
80000	-0.940150706436421	-0.000189598885708129	-0.000189621140763998	-1.03299027303229	-0.000208492566257272	-0.000208475790316127
81000	-0.940156123988057	-0.000188571274663712	-0.000188565857112076	-1.03304414073322	-0.000207088281466433	-0.000207034413765506
82000	-0.939826422876843	-0.000189306430264413	-0.000189636131375628	-1.03243814448856	-0.000207624865330748	-0.0002082308615754
83000	-0.939460861267584	-0.000187126789177209	-0.000187492350786468	-1.03204820389694	-0.000205711361467664	-0.000206101302059286
84000	-0.93916560470342	-0.000184562224889956	-0.000184857481454119	-1.03177695693662	-0.000202859882414505	-0.000203131129374827
85000	-0.938997198879552	-0.000189430479884262	-0.000189598885708129	-1.031702373257	-0.000208417982577646	-0.000208492566257272
86000	-0.938740234555361	-0.000188314310339521	-0.000188571274663712	-1.03148179271709	-0.000206867700926525	-0.000207088281466433
87000	-0.938601532920861	-0.000189167728629913	-0.000189306430264413	-1.03148053067381	-0.000207623603287468	-0.000207624865330748
88000	-0.93810625788777	-0.000186631514144119	-0.000187126789177209	-1.03107264444239	-0.000205303475236249	-0.000205711361467664
89000	-0.937905346754086	-0.000184361313756272	-0.000184562224889956	-1.03076686059039	-0.000202554098562503	-0.000202859882414505
90000	-0.937786252962724	-0.000189311386092899	-0.000189430479884262	-1.03046372395112	-0.000208114845938374	-0.000208417982577646
91000	-0.937616985255641	-0.000188145042632438	-0.000188314310339521	-1.0302094376212	-0.000206613414596608	-0.000206867700926525
92000	-0.937247329701111	-0.000188798073075384	-0.000189167728629913	-1.03002533321021	-0.000207439498876474	-0.000207623603287468
93000	-0.936833348724105	-0.000186217533167113	-0.000186631514144119	-1.0293879397913	-0.000204666081817343	-0.000205303475236249
94000	-0.93650472496691	-0.000184032689999076	-0.000184361313756272	-1.02901936159079	-0.000202185520361991	-0.000202554098562503
95000	-0.936428971588635	-0.000189235632714624	-0.000189311386092899	-1.0287854526426	-0.00020788093699018	-0.000208114845938374
96000	-0.936064425770308	-0.000187780496814111	-0.000188145042632438	-1.02841459660787	-0.000206242558561886	-0.000206613414596608
97000	-0.935928894634777	-0.000188662541939853	-0.000188798073075384	-1.02845205774618	-0.000207476960014775	-0.000207439498876474
98000	-0.935548804137039	-0.000185837442669374	-0.000186217533167113	-1.02793665158371	-0.000204150675654878	-0.000204666081817343
99000	-0.935188752424047	-0.000183672638286084	-0.000184032689999076	-1.02776172007264	-0.000202010588850925	-0.000202185520361991
100000	-0.934872010342599	-0.000188918890633176	-0.000189235632714624	-1.02741659740819	-0.00020753581432573	-0.00020788093699018
101000	-0.934832887000954	-0.000187741373472466	-0.000187780496814111	-1.0273888632376	-0.000206214824391295	-0.000206242558561886
102000	-0.934266229568751	-0.000188095884507649	-0.000188662541939853	-1.02680860036322	-0.000206896697140395	-0.000207476960014775
103000	-0.934067934866254	-0.00018563914796688	-0.000185837442669374	-1.02664576599871	-0.000203987841290362	-0.000204150675654878
104000	-0.933880721519377	-0.000183485424939207	-0.000183672638286084	-1.02625253178194	-0.000201617354634161	-0.000202010588850925
105000	-0.933616154153969	-0.000188654323267769	-0.000188918890633176	-1.02602203958506	-0.000207305322128851	-0.00020753581432573
106000	-0.933610859728507	-0.000187736079047004	-0.000187741373472466	-1.02596084587681	-0.000206153630683043	-0.000206214824391295
107000	-0.933292547788346	-0.000187777572567488	-0.000188095884507649	-1.02549028842306	-0.000206426139686643	-0.000206896697140395
108000	-0.932996860282575	-0.000185343460461107	-0.00018563914796688	-1.02544282328316	-0.00020394037615046	-0.000203987841290362
109000	-0.932887985963616	-0.000183376550620248	-0.000183485424939207	-1.02537845907594	-0.000201552990426939	-0.000201617354634161
110000	-0.93258361806261	-0.000188349955366763	-0.000188654323267769	-1.02512121771786	-0.000207048080770769	-0.000207305322128851
111000	-0.932877858835842	-0.000188030319820235	-0.000187736079047004	-1.02537424200449	-0.00020640665496968	-0.000206153630683043
112000	-0.932489488102934	-0.00018738920183458	-0.000187777572567488	-1.02505556068581	-0.000206107458367963	-0.000206426139686643
113000	-0.932201280512205	-0.000185055252870379	-0.000185343460461107	-1.02517249976914	-0.000204057315233786	-0.00020394037615046
114000	-0.932234463015976	-0.000183409733124019	-0.000183376550620248	-1.0249969526272	-0.000201377443285007	-0.000201552990426939
115000	-0.932003355188229	-0.000188118847539015	-0.000188349955366763	-1.0247465755533	-0.000206797703696863	-0.000207048080770769
116000	-0.931956197863761	-0.000187983162495768	-0.000188030319820235	-1.02473420137286	-0.000206394280789239	-0.00020640665496968
117000	-0.931744082248284	-0.000187177086219103	-0.00018738920183458	-1.02438492320005	-0.000205758180195155	-0.000206107458367963
118000	-0.9316378859236	-0.000184949056545695	-0.000185055252870379	-1.02414390371533	-0.000203816295749069	-0.000204057315233786
119000	-0.931502662603503	-0.000183274509803921	-0.000183409733124019	-1.02428472927633	-0.000201518268846	-0.000201377443285007
120000	-0.931352294764059	-0.000187968479699571	-0.000188118847539015	-1.02433810447256	-0.000206851078893096	-0.000206797703696863
121000	-0.931331363314557	-0.000187962231046265	-0.000187983162495768	-1.02449398220827	-0.000206550158524948	-0.000206394280789239
122000	-0.931488503093545	-0.000187334225998092	-0.000187177086219103	-1.0246758395666	-0.000205940037553484	-0.000205758180195155
123000	-0.931501954628005	-0.000184962508080155	-0.000184949056545695	-1.02445307353711	-0.00020359352971958	-0.000203816295749069
124000	-0.931204574137347	-0.000182977129313264	-0.000183274509803921	-1.02417323852618	-0.000201238433835073	-0.000201518268846
125000	-0.931288053683012	-0.000188051959245236	-0.000187968479699571	-1.02401889986764	-0.000206696740234556	-0.000206851078893096
126000	-0.931247422045741	-0.000187921599408994	-0.000187962231046265	-1.02425899590605	-0.000206790254563364	-0.000206550158524948
127000	-0.931348785668113	-0.000187435589620463	-0.000187334225998092	-1.02450069258473	-0.000206181734232155	-0.000205940037553484
128000	-0.931181641887524	-0.000184795364299566	-0.000184962508080155	-1.02432440668575	-0.000203417243820606	-0.00020359352971958
129000	-0.930772709083633	-0.000182568196509373	-0.000182977129313264	-1.02421559392988	-0.000201129621079201	-0.000201238433835073
130000	-0.930713485394158	-0.000187992735555761	-0.000188051959245236	-1.02410724289716	-0.000206588389201835	-0.000206696740234556
131000	-0.930780373687937	-0.000187988487702773	-0.000187921599408994	-1.02423446301598	-0.000206917474682181	-0.000206790254563364
132000	-0.930471234647705	-0.000187126450580232	-0.000187435589620463	-1.02414341121064	-0.000206090682426817	-0.000206181734232155
133000	-0.930373195432019	-0.00018469732508388	-0.000184795364299566	-1.02386736232955	-0.000203141194939514	-0.000203417243820606
134000	-0.930145719826392	-0.000182340720903746	-0.000182568196509373	-1.02356662665066	-0.000200828885400314	-0.000201129621079201
135000	-0.929916889832856	-0.000187763905562224	-0.000187992735555761	-1.02325136208329	-0.000206273124634469	-0.000206588389201835
136000	-0.929794317727091	-0.000187865915597009	-0.000187988487702773	-1.0232581032413	-0.000206924215840183	-0.000206917474682181
137000	-0.929682088219903	-0.000187014221073044	-0.000187126450580232	-1.02325807245975	-0.000206090651645274	-0.000206090682426817
138000	-0.929197986887063	-0.000184213223751039	-0.00018469732508388	-1.0229352971958	-0.000202818419675563	-0.000203141194939514
139000	-0.929057284452242	-0.000182200018468926	-0.000182340720903746	-1.02295333518023	-0.000200846923384738	-0.000200828885400314
140000	-0.92849690645489	-0.000187203527564872	-0.000187763905562224	-1.0228371040724	-0.000206156893526641	-0.000206273124634469
141000	-0.928329177824976	-0.000187698186967095	-0.000187865915597009	-1.02248779511805	-0.000206574906885831	-0.000206924215840183
142000	-0.928463539261859	-0.000187148582509927	-0.000187014221073044	-1.02241216486595	-0.000206015021393172	-0.000206090651645274
143000	-0.92808498784129	-0.000183834672330471	-0.000184213223751039	-1.02198359343737	-0.000202389848246991	-0.000202818419675563
144000	-0.928040108351033	-0.000182155138978668	-0.000182200018468926	-1.02193615907902	-0.00020079948902638	-0.000200846923384738
145000	-0.927807184412226	-0.000186970603626066	-0.000187203527564872	-1.02180906208637	-0.000206029796533997	-0.000206156893526641
146000	-0.927638994059162	-0.000187529996614031	-0.000187698186967095	-1.02144239234155	-0.000206208237141011	-0.000206574906885831
147000	-0.927808477237049	-0.000187318065687813	-0.000187148582509927	-1.02149105796165	-0.000206063687013267	-0.000206015021393172
148000	-0.927548065379998	-0.00018357426047342	-0.000183834672330471	-1.02149392064518	-0.000202392710930526	-0.000202389848246991
149000	-0.92762834364515	-0.00018223541724382	-0.000182155138978668	-1.02149881491058	-0.000200804383291778	-0.00020079948902638
150000	-0.927362421891834	-0.000186704681872749	-0.000186970603626066	-1.02119072244282	-0.000205721704066241	-0.000206029796533997
151000	-0.92720414319574	-0.000187371717917937	-0.000187529996614031	-1.02090919444701	-0.000205926709145196	-0.000206208237141011
152000	-0.927266014097947	-0.000187379936590021	-0.000187318065687813	-1.02097703696863	-0.000206131529534891	-0.000206063687013267
153000	-0.927109366823653	-0.000183417613199125	-0.00018357426047342	-1.02078246683289	-0.00020219814079478	-0.000202392710930526
154000	-0.927111767784037	-0.000182237818204205	-0.00018223541724382	-1.02065909440699	-0.000200681010865885	-0.000200804383291778
155000	-0.927149844553206	-0.000186742758641918	-0.000186704681872749	-1.02038295318127	-0.000205445562840521	-0.000205721704066241
156000	-0.926914889032536	-0.000187136762397267	-0.000187371717917937	-1.02009111336842	-0.000205634869332347	-0.000205926709145196
157000	-0.926625203927725	-0.000187090251485209	-0.000187379936590021	-1.01999753747653	-0.000206037953642996	-0.000206131529534891
158000	-0.926422784498415	-0.000183215193769815	-0.000183417613199125	-1.01972878382122	-0.000201929387139471	-0.00020219814079478
159000	-0.926503339797457	-0.000182318373503247	-0.000182237818204205	-1.01967694770216	-0.000200629174746822	-0.000200681010865885
160000	-0.926428171268507	-0.000186667590112968	-0.000186742758641918	-1.0196236956321	-0.000205392310770462	-0.000205445562840521
161000	-0.925947178871549	-0.000186655770000308	-0.000187136762397267	-1.01921402407117	-0.000205225197771416	-0.000205634869332347
162000	-0.925723735648105	-0.000186866808261766	-0.000187090251485209	-1.01887745867578	-0.000205701388247606	-0.000206037953642996
163000	-0.925604549512113	-0.000183096007633822	-0.000183215193769815	-1.01865121433189	-0.00020170314279558	-0.000201929387139471
164000	-0.925337365715517	-0.000182051189706652	-0.000182318373503247	-1.0184784683104	-0.000200456428725336	-0.000200629174746822
165000	-0.92522350478653	-0.00018655372918398	-0.000186667590112968	-1.01839988303014	-0.000205313725490196	-0.000205392310770462
166000	-0.9250614399606	-0.000186493705174378	-0.000186655770000308	-1.01831206328685	-0.000205137378028135	-0.000205225197771416
167000	-0.924899098100779	-0.000186704466401946	-0.000186866808261766	-1.01812161787792	-0.000205510942838674	-0.000205701388247606
168000	-0.924752362483455	-0.000182949272016499	-0.000183096007633822	-1.0180151137378	-0.000201596638655461	-0.00020170314279558
169000	-0.924530150521747	-0.000181828977744943	-0.000182051189706652	-1.01763339181827	-0.000200074706805799	-0.000200456428725336
170000	-0.924308769661711	-0.000186332348323945	-0.00018655372918398	-1.01759236002093	-0.000205272693692861	-0.000205313725490196
171000	-0.924052390186844	-0.00018623732569951	-0.000186493705174378	-1.0176334841629	-0.000205178502170099	-0.000205137378028135
172000	-0.923795148828762	-0.000186447225043864	-0.000186704466401946	-1.01740410010158	-0.000205281558777357	-0.000205510942838674
173000	-0.923776156616493	-0.000182930279804229	-0.000182949272016499	-1.01743783667313	-0.000201630375227014	-0.000201596638655461
174000	-0.923627697232739	-0.00018168051836119	-0.000181828977744943	-1.01733992058362	-0.000199976790716287	-0.000200074706805799
175000	-0.92346236956321	-0.000186167020654416	-0.000186332348323945	-1.01715753993905	-0.000205090313048296	-0.000205272693692861
176000	-0.923241942931019	-0.00018601689906732	-0.00018623732569951	-1.01692874072706	-0.000204949702958107	-0.000205178502170099
177000	-0.923165635484963	-0.000186370917597808	-0.000186447225043864	-1.01678215901745	-0.00020513497706775	-0.000205281558777357
178000	-0.923075938067535	-0.000182840582386801	-0.000182930279804229	-1.01691073352418	-0.000201758949733739	-0.000201630375227014
179000	-0.922972481300212	-0.000181577061593869	-0.00018168051836119	-1.01663385354142	-0.000199699910733524	-0.000199976790716287
180000	-0.922808046295441	-0.000186002585649644	-0.000186167020654416	-1.01663890171453	-0.000205095361221411	-0.000205090313048296
181000	-0.922748976513682	-0.000185957829285561	-0.00018601689906732	-1.01649484409148	-0.000204805645335057	-0.000204949702958107
182000	-0.922583956659587	-0.000186205897743712	-0.000186370917597808	-1.01636159079016	-0.000205001723766429	-0.00020513497706775
183000	-0.922561239880568	-0.000182817865607782	-0.000182840582386801	-1.01639197217348	-0.000201789331117063	-0.000201758949733739
184000	-0.922310339520424	-0.000181326161233724	-0.000181577061593869	-1.01627891156463	-0.000199586850124666	-0.000199699910733524
185000	-0.922177024656016	-0.000185869270785238	-0.000186002585649644	-1.01625090036014	-0.00020506735001693	-0.000205095361221411
186000	-0.922101517530089	-0.000185882322159632	-0.000185957829285561	-1.01597706775018	-0.00020453181272509	-0.000204805645335057
187000	-0.921850586388402	-0.000185954966602025	-0.000186205897743712	-1.01571671745621	-0.000204741373472466	-0.000205001723766429
188000	-0.921825099270477	-0.000182792378489858	-0.000182817865607782	-1.01581995875273	-0.000201892572413581	-0.000201789331117063
189000	-0.921767199187367	-0.000181268261150614	-0.000181326161233724	-1.01578609905501	-0.00019955299042694	-0.000199586850124666
190000	-0.921743928340567	-0.000185845999938437	-0.000185869270785238	-1.01569714039462	-0.000204978391356543	-0.00020506735001693
191000	-0.92160679656478	-0.000185745190383846	-0.000185882322159632	-1.01565924831471	-0.000204493920645181	-0.00020453181272509
192000	-0.920990303813833	-0.000185338473851079	-0.000185954966602025	-1.01531406408717	-0.00020439618924493	-0.000204741373472466
193000	-0.920964478098932	-0.000182766552774956	-0.000182792378489858	-1.01502564102564	-0.000201604149352049	-0.000201892572413581
194000	-0.920965801705298	-0.000181269584756979	-0.000181268261150614	-1.01498026903069	-0.000199507618431988	-0.00019955299042694
195000	-0.920694370055715	-0.000185574568288853	-0.000185845999938437	-1.01481140148367	-0.000204809523809524	-0.000204978391356543
196000	-0.920593067996429	-0.000185643888324561	-0.000185745190383846	-1.01449462862068	-0.00020417714778219	-0.000204493920645181
197000	-0.920328192815588	-0.000185073598670237	-0.000185338473851079	-1.01419878720719	-0.000204100347831441	-0.00020439618924493
198000	-0.92019050697202	-0.000182628866931389	-0.000182766552774956	-1.01412484993998	-0.000201530212084834	-0.000201604149352049
199000	-0.920139348046911	-0.000181218425831871	-0.000181269584756979	-1.0139834703112	-0.000199366238803214	-0.000199507618431988
200000	-0.920181395635177	-0.00018561661587712	-0.000185574568288853	-1.01412275679503	-0.000204948810293348	-0.000204809523809524
201000	-0.919937144088405	-0.000185399636777789	-0.000185643888324561	-1.01387499615231	-0.000203929387139471	-0.00020417714778219
202000	-0.919695570535907	-0.00018483202511774	-0.000185073598670237	-1.01359823929572	-0.000203823590974852	-0.000204100347831441
203000	-0.919446609412996	-0.000182379905808478	-0.000182628866931389	-1.01343626681442	-0.000201368239603534	-0.000201530212084834
204000	-0.919053344414689	-0.000180825160833564	-0.000181218425831871	-1.0131363622372	-0.000199066334225998	-0.000199366238803214
205000	-0.919022162711238	-0.00018558543417367	-0.00018561661587712	-1.01318555114353	-0.00020499799919968	-0.000204948810293348
206000	-0.918820205005079	-0.000185197679071628	-0.000185399636777789	-1.01301905377536	-0.000203762889771294	-0.000203929387139471
207000	-0.918672884538431	-0.00018468470465109	-0.00018483202511774	-1.01257776956937	-0.000203382306768861	-0.000203823590974852
208000	-0.918370794471635	-0.000182077815741681	-0.000182379905808478	-1.01238409209838	-0.000201174562132546	-0.000201368239603534
209000	-0.91820260411857	-0.0001806569704805	-0.000180825160833564	-1.01250272416659	-0.00019918496629421	-0.000199066334225998
210000	-0.918315818635146	-0.000185698648690246	-0.00018558543417367	-1.01264201065041	-0.000205137285683504	-0.00020499799919968
211000	-0.91797891464278	-0.000184860775079262	-0.000185197679071628	-1.01236599255087	-0.000203486871671746	-0.000203762889771294
212000	-0.917831501831502	-0.000184537291839812	-0.00018468470465109	-1.01219515498507	-0.000203211469203066	-0.000203382306768861
213000	-0.917771600948072	-0.000182017914858251	-0.000182077815741681	-1.01202117770185	-0.000201000584849324	-0.000201174562132546
214000	-0.917570936066734	-0.000180456305599163	-0.0001806569704805	-1.01193369655555	-0.000199097485147906	-0.00019918496629421
215000	-0.917730784621541	-0.000185858497245052	-0.000185698648690246	-1.01198390125281	-0.000205187490380768	-0.000205137285683504
216000	-0.91770305045095	-0.000184833040908672	-0.000184860775079262	-1.01204330963154	-0.000203546280050482	-0.000203486871671746
217000	-0.917477606427186	-0.00018431184781605	-0.000184537291839812	-1.01193782128236	-0.000203105980853881	-0.000203211469203066
218000	-0.917208021670207	-0.000181748330101271	-0.000182017914858251	-1.0117914858251	-0.000200854249392065	-0.000201000584849324
219000	-0.917033090159141	-0.000180281374088097	-0.000180456305599163	-1.01134318342722	-0.000198649182750023	-0.000199097485147906
220000	-0.916939483485702	-0.000185764890571614	-0.000185858497245052	-1.01116024871487	-0.000205004555668422	-0.000205187490380768
221000	-0.916664942900237	-0.000184558500323207	-0.000184833040908672	-1.01106439498876	-0.000203450426324376	-0.000203546280050482
222000	-0.916176101209715	-0.000183823006125527	-0.00018431184781605	-1.01057130544525	-0.00020261289131037	-0.000203105980853881
223000	-0.916007695385847	-0.000181579924277404	-0.000181748330101271	-1.01013322251978	-0.000200416166466586	-0.000200854249392065
224000	-0.915922553636839	-0.00018019623233909	-0.000180281374088097	-1.01007612275679	-0.000198592082987041	-0.000198649182750023
225000	-0.915846984947825	-0.000185689321882599	-0.000185764890571614	-1.00989195678271	-0.000204820389694339	-0.000205004555668422
226000	-0.915745159602302	-0.000184456674977683	-0.000184558500323207	-1.00958454150891	-0.000203143011050574	-0.000203450426324376
227000	-0.915667990273032	-0.000183745836796257	-0.000183823006125527	-1.00960959768523	-0.000202637947486687	-0.00020261289131037
228000	-0.915313202203959	-0.000181225136208329	-0.000181579924277404	-1.00933401052729	-0.000200140579308646	-0.000200416166466586
229000	-0.915220334287561	-0.000180103364422692	-0.00018019623233909	-1.00927444824083	-0.000198532520700588	-0.000198592082987041
230000	-0.91488447686767	-0.000185353464462708	-0.000185689321882599	-1.00880035090959	-0.0002043462923631	-0.000204820389694339
231000	-0.915122325853418	-0.000184694523963432	-0.000184456674977683	-1.00890242250746	-0.000203245082648444	-0.000203143011050574
232000	-0.915172992273833	-0.000183796503216671	-0.000183745836796257	-1.00900495582849	-0.000202740480807708	-0.000202637947486687
233000	-0.915048665620094	-0.000181100809554591	-0.000181225136208329	-1.0086204327885	-0.000199756056268662	-0.000200140579308646
234000	-0.914901375934989	-0.000179956074737587	-0.000180103364422692	-1.00840440791701	-0.000198316495829101	-0.000198532520700588
235000	-0.914537414965986	-0.000184989503493704	-0.000185353464462708	-1.00785421861052	-0.000203796103056608	-0.0002043462923631
236000	-0.914719549358205	-0.00018487665835565	-0.000184694523963432	-1.00801329762674	-0.000203404161664666	-0.000203245082648444
237000	-0.914584018222674	-0.00018366097208114	-0.000183796503216671	-1.00807596884908	-0.000202803152030043	-0.000202740480807708
238000	-0.914538800135439	-0.000181055591467357	-0.000181100809554591	-1.00821981100132	-0.000199899898420907	-0.000199756056268662
239000	-0.91427177024656	-0.000179689044848709	-0.000179956074737587	-1.00778769969526	-0.000197884384523041	-0.000198316495829101
240000	-0.913920275802629	-0.000184638009049774	-0.000184989503493704	-1.00732923938806	-0.000203337642749408	-0.000203796103056608
241000	-0.913906578015822	-0.000184862960568843	-0.00018487665835565	-1.00740976390556	-0.000203484686182166	-0.000203404161664666
242000	-0.913895989164897	-0.000183650383230215	-0.00018366097208114	-1.00729793455844	-0.00020269132268292	-0.000202803152030043
243000	-0.913947486686982	-0.000181107088989441	-0.000181055591467357	-1.00722208883553	-0.000199824052698003	-0.000199899898420907
244000	-0.913668575122357	-0.000179410133284083	-0.000179689044848709	-1.0070739988303	-0.000197736294517807	-0.000197884384523041
245000	-0.913669375442485	-0.000184638809369902	-0.000184638009049774	-1.00723938806292	-0.000203503031982024	-0.000203337642749408
246000	-0.913283682703851	-0.000184477267830209	-0.000184862960568843	-1.00711863206821	-0.00020336393018746	-0.000203484686182166
247000	-0.912953212054052	-0.000183319912580417	-0.000183650383230215	-1.00676104287869	-0.000202333733493397	-0.00020269132268292
248000	-0.912974697571336	-0.000181128574506726	-0.000181107088989441	-1.00700643334257	-0.00020006944316188	-0.000199824052698003
249000	-0.912574014221073	-0.00017900944993382	-0.000179410133284083	-1.00680579924277	-0.000197535660418013	-0.000197736294517807
250000	-0.912486902453289	-0.000184551697602118	-0.000184638809369902	-1.00694317727091	-0.000203640410010158	-0.000203503031982024
