Distance from Center (cmd=annotatePeaks.pl /expanse/lustre/projects/csd940/ctea/homer/homer_scripts/reference_peaks/CTCF.bed mm10 -size 500000 -hist 1000 -bedGraph /expanse/lustre/projects/csd940/ctea/homer/bwt2_bam/tags/ctrl_M1/tagdirs/tagdirs.DLR.bedGraph /expanse/lustre/projects/csd940/ctea/homer/bwt2_bam/tags/mut_M1/tagdirs/tagdirs.DLR.bedGraph)	/expanse/lustre/projects/csd940/ctea/homer/bwt2_bam/tags/ctrl_M1/tagdirs/tagdirs.DLR.bedGraph Coverage	/expanse/lustre/projects/csd940/ctea/homer/bwt2_bam/tags/ctrl_M1/tagdirs/tagdirs.DLR.bedGraph + Tags	/expanse/lustre/projects/csd940/ctea/homer/bwt2_bam/tags/ctrl_M1/tagdirs/tagdirs.DLR.bedGraph - Tags	/expanse/lustre/projects/csd940/ctea/homer/bwt2_bam/tags/mut_M1/tagdirs/tagdirs.DLR.bedGraph Coverage	/expanse/lustre/projects/csd940/ctea/homer/bwt2_bam/tags/mut_M1/tagdirs/tagdirs.DLR.bedGraph + Tags	/expanse/lustre/projects/csd940/ctea/homer/bwt2_bam/tags/mut_M1/tagdirs/tagdirs.DLR.bedGraph - Tags
-250000	-1.03040160679656	-0.000209957152091605	-0.000209572721396251	-1.02532462215655	-0.000208656724228152	-0.00020859525348601
-249000	-1.03035743528181	-0.000207096315449258	-0.000207140486964016	-1.02518650537138	-0.000206132914704344	-0.000206271031489519
-248000	-1.03067771724074	-0.000207420075722597	-0.00020709979376366	-1.02553015052175	-0.000206422291993721	-0.000206078646843353
-247000	-1.03118967587035	-0.000203056730384461	-0.000202544771754856	-1.02582380644566	-0.000202019761750854	-0.000201726105826946
-246000	-1.03143805214393	-0.000203907778496014	-0.000203659402222428	-1.02602194724043	-0.000202790254563364	-0.000202592113768585
-245000	-1.03171890294579	-0.000210238002893465	-0.000209957152091605	-1.0262026964632	-0.000208837473450919	-0.000208656724228152
-244000	-1.03180807707698	-0.000207185489580448	-0.000207096315449258	-1.02646372395112	-0.000206393942192262	-0.000206132914704344
-243000	-1.03232948564041	-0.000207941484286022	-0.000207420075722597	-1.02679351740696	-0.000206752085449565	-0.000206422291993721
-242000	-1.03294093021824	-0.000203668174962293	-0.000203056730384461	-1.02719441622803	-0.000202420660571921	-0.000202019761750854
-241000	-1.03284852402499	-0.000203815372302767	-0.000203907778496014	-1.02687176409025	-0.000202467602425586	-0.000202790254563364
-240000	-1.03311059808539	-0.000210500076953858	-0.000210238002893465	-1.02709129805768	-0.000209057007418353	-0.000208837473450919
-239000	-1.03323233908948	-0.000207307230584541	-0.000207185489580448	-1.02717142241512	-0.000206474066549696	-0.000206393942192262
-238000	-1.03357290608551	-0.000208282051282051	-0.000207941484286022	-1.02742238433835	-0.000207003047372795	-0.000206752085449565
-237000	-1.03428288238372	-0.000204378151260504	-0.000203668174962293	-1.02797537476529	-0.000202973650998861	-0.000202420660571921
-236000	-1.0344917351556	-0.000204024225074645	-0.000203815372302767	-1.02805940837874	-0.000202551636039031	-0.000202467602425586
-235000	-1.03463920952997	-0.000210647551328224	-0.000210500076953858	-1.02826819958753	-0.000209265798627143	-0.000209057007418353
-234000	-1.03495456644196	-0.000207622587496538	-0.000207307230584541	-1.02830772308924	-0.000206513590051406	-0.000206474066549696
-233000	-1.03507852371718	-0.00020840600855727	-0.000208282051282051	-1.02855880813864	-0.0002072541324222	-0.000207003047372795
-232000	-1.03501394403915	-0.000204313571582479	-0.000204378151260504	-1.02887124080401	-0.000203286083664235	-0.000202973650998861
-231000	-1.03509785452643	-0.000204108135561917	-0.000204024225074645	-1.02871490134515	-0.000202395296580171	-0.000202551636039031
-230000	-1.03529701111214	-0.000210846707913935	-0.000210647551328224	-1.02893732877766	-0.000209488226059654	-0.000209265798627143
-229000	-1.03578489857481	-0.000208110474959214	-0.000207622587496538	-1.02913442299997	-0.000206710684273709	-0.000206513590051406
-228000	-1.03612663526949	-0.000208747745251946	-0.00020840600855727	-1.02950527903469	-0.000207624988456921	-0.0002072541324222
-227000	-1.03626284359898	-0.000204449779911964	-0.000204313571582479	-1.02979354818851	-0.00020357435281805	-0.000203286083664235
-226000	-1.03628611444578	-0.000204131406408717	-0.000204108135561917	-1.03001311293748	-0.000202614861329148	-0.000202395296580171
-225000	-1.03660704281713	-0.000211167636285283	-0.000210846707913935	-1.03031532613045	-0.000209790439252624	-0.000209488226059654
-224000	-1.03652180872349	-0.000208025240865577	-0.000208110474959214	-1.03047625203928	-0.000206871610182534	-0.000206710684273709
-223000	-1.03702339397297	-0.000209249330501431	-0.000208747745251946	-1.03082805429864	-0.000207976790716286	-0.000207624988456921
-222000	-1.03699913811679	-0.000204425524055776	-0.000204449779911964	-1.03079391756703	-0.000203540216086434	-0.00020357435281805
-221000	-1.03667790193	-0.000203810170221934	-0.000204131406408717	-1.03087438052144	-0.000202695324283559	-0.000202614861329148
-220000	-1.03693526641426	-0.000211425000769538	-0.000211167636285283	-1.03085840490042	-0.000209774463631606	-0.000209790439252624
-219000	-1.03723338566196	-0.000208323360113276	-0.000208025240865577	-1.0311189091021	-0.000207132114384215	-0.000206871610182534
-218000	-1.03780749222766	-0.000209823437067135	-0.000209249330501431	-1.03167359251393	-0.000208531474128113	-0.000207976790716286
-217000	-1.03812531166313	-0.000204743343491243	-0.000204425524055776	-1.03186643888325	-0.000203733062455752	-0.000203540216086434
-216000	-1.0382215655493	-0.000203906424108104	-0.000203810170221934	-1.03209505340598	-0.000202923938806292	-0.000202695324283559
-215000	-1.03832763874781	-0.000211531073968049	-0.000211425000769538	-1.0321047188106	-0.00020978412903623	-0.000209774463631606
-214000	-1.03830319820236	-0.000208298919567827	-0.000208323360113276	-1.03238818604365	-0.000207415581617262	-0.000207132114384215
-213000	-1.03873604826546	-0.000210256287130236	-0.000209823437067135	-1.03275571767168	-0.000208899005756149	-0.000208531474128113
-212000	-1.03890414627389	-0.000204911441499677	-0.000204743343491243	-1.03292744790224	-0.000203904792686305	-0.000203733062455752
-211000	-1.03893957583033	-0.000203941853664543	-0.000203906424108104	-1.03287878228214	-0.000202875273186197	-0.000202923938806292
-210000	-1.03921393172654	-0.000211805429864253	-0.000211531073968049	-1.03276390556222	-0.000209669252316311	-0.00020978412903623
-209000	-1.03954471019177	-0.000208629698033059	-0.000208298919567827	-1.03286483824299	-0.000207516514298026	-0.000207415581617262
-208000	-1.03952904238619	-0.000210240619324653	-0.000210256287130236	-1.03327167790193	-0.00020930584541509	-0.000208899005756149
-207000	-1.03985504971219	-0.000205237448825685	-0.000204911441499677	-1.03363736263736	-0.000204270477421738	-0.000203904792686305
-206000	-1.04035001692985	-0.000204436820882199	-0.000203941853664543	-1.03392049127343	-0.000203158401822266	-0.000202875273186197
-205000	-1.04031015483116	-0.000211765567765568	-0.000211805429864253	-1.03390740911749	-0.000209656170160372	-0.000209669252316311
-204000	-1.04063385354142	-0.000208953396743313	-0.000208629698033059	-1.03398734878567	-0.000207596453966202	-0.000207516514298026
-203000	-1.04091187244128	-0.000210518638224521	-0.000210240619324653	-1.03398953427525	-0.00020930803090467	-0.00020930584541509
-202000	-1.04104721888756	-0.000205372795271955	-0.000205237448825685	-1.03420934527657	-0.000204490288423061	-0.000204270477421738
-201000	-1.04158875858036	-0.000204978360574999	-0.000204436820882199	-1.03448397820667	-0.000203433034752363	-0.000203158401822266
-200000	-1.04177554098563	-0.000211952350170838	-0.000211765567765568	-1.03455055868501	-0.000209722750638717	-0.000209656170160372
-199000	-1.04217028349801	-0.000209348139255702	-0.000208953396743313	-1.03448637916705	-0.000207532274448241	-0.000207596453966202
-198000	-1.04223006125527	-0.000210578415981778	-0.000210518638224521	-1.03481478745344	-0.000209636439191061	-0.00020930803090467
-197000	-1.04218542801736	-0.000205328162034044	-0.000205372795271955	-1.03476316680518	-0.000204438667774802	-0.000204490288423061
-196000	-1.04259045156524	-0.00020538338412288	-0.000204978360574999	-1.03504457167482	-0.000203714439622002	-0.000203433034752363
-195000	-1.04263499245852	-0.000211996891064118	-0.000211952350170838	-1.03503696863361	-0.0002097151475975	-0.000209722750638717
-194000	-1.0428263920953	-0.00020953953889248	-0.000209348139255702	-1.03541813648536	-0.000207913442299997	-0.000207532274448241
-193000	-1.04326896912611	-0.000211020993012591	-0.000210578415981778	-1.03539492720165	-0.000209613229907347	-0.000209636439191061
-192000	-1.04346714070243	-0.000205526333610368	-0.000205328162034044	-1.03557940099117	-0.000204623141564319	-0.000204438667774802
-191000	-1.04373056915074	-0.000205646812571182	-0.00020538338412288	-1.03566109520731	-0.00020379613383815	-0.000203714439622002
-190000	-1.04366214177979	-0.00021192846369317	-0.000211996891064118	-1.03570788315326	-0.000209761935543448	-0.0002097151475975
-189000	-1.04397568258072	-0.000209853079693416	-0.00020953953889248	-1.03583534952443	-0.00020804090867116	-0.000207913442299997
-188000	-1.04382069750977	-0.000210866007941638	-0.000211020993012591	-1.03587825899591	-0.000209656139378829	-0.000209613229907347
-187000	-1.04404869640164	-0.000205754332502231	-0.000205526333610368	-1.03583002431742	-0.000204574906885831	-0.000204623141564319
-186000	-1.04438073691015	-0.000205978853079693	-0.000205646812571182	-1.03625308584972	-0.000204219195370456	-0.00020379613383815
-185000	-1.04450093883707	-0.000212048665620094	-0.00021192846369317	-1.03652704158587	-0.000210035891279589	-0.000209761935543448
-184000	-1.04440493120325	-0.000209757072059593	-0.000209853079693416	-1.03660938221442	-0.00020812324929972	-0.00020804090867116
-183000	-1.04478649921507	-0.000211247575953458	-0.000210866007941638	-1.03655382152861	-0.000209600578693016	-0.000209656139378829
-182000	-1.04513229907348	-0.000206100132360637	-0.000205754332502231	-1.03651882291378	-0.000204539908271001	-0.000204574906885831
-181000	-1.04527752639517	-0.000206124080401392	-0.000205978853079693	-1.03668962969803	-0.000204390002154708	-0.000204219195370456
-180000	-1.04539698956506	-0.000212168128789977	-0.000212048665620094	-1.03694850247791	-0.00021029476405947	-0.000210035891279589
-179000	-1.04571016098747	-0.000210070243482008	-0.000209757072059593	-1.03693455843876	-0.000208109305260566	-0.00020812324929972
-178000	-1.04558611136762	-0.00021112352633361	-0.000211247575953458	-1.03708295625943	-0.000209748976513682	-0.000209600578693016
-177000	-1.04563628528334	-0.000206150306276357	-0.000206100132360637	-1.03715316895989	-0.000204610120971466	-0.000204539908271001
-176000	-1.04596173854157	-0.000206449533659618	-0.000206124080401392	-1.03746175393234	-0.000204698587127158	-0.000204390002154708
-175000	-1.0462250438637	-0.000212431434112106	-0.000212168128789977	-1.03768384276788	-0.000210516852895004	-0.00021029476405947
-174000	-1.04605374457475	-0.000209898944193062	-0.000210070243482008	-1.03780238249146	-0.000208227844984147	-0.000208109305260566
-173000	-1.04602687228738	-0.000211096654046234	-0.00021112352633361	-1.03772779881183	-0.000209674392834056	-0.000209748976513682
-172000	-1.04618949118109	-0.000206312925170069	-0.000206150306276357	-1.03814725890356	-0.000205029581063195	-0.000204610120971466
-171000	-1.0461875827254	-0.000206447625203927	-0.000206449533659618	-1.03815812478838	-0.000204709453011975	-0.000204698587127158
-170000	-1.04622473604827	-0.000212468587434974	-0.000212431434112106	-1.03786413026749	-0.000210222858374119	-0.000210516852895004
-169000	-1.04618087234894	-0.000209855080493737	-0.000209898944193062	-1.03780912364946	-0.000208172838366115	-0.000208227844984147
-168000	-1.0460454027765	-0.00021096118447379	-0.000211096654046234	-1.03776258195586	-0.000209627851140456	-0.000209674392834056
-167000	-1.04615538523102	-0.000206422907624588	-0.000206312925170069	-1.03820451257426	-0.000205471511681595	-0.000205029581063195
-166000	-1.04620577461754	-0.000206498014590452	-0.000206447625203927	-1.03811232185182	-0.00020461726228953	-0.000204709453011975
-165000	-1.0465662264906	-0.000212829039308031	-0.000212468587434974	-1.0381954628005	-0.000210305999322807	-0.000210222858374119
-164000	-1.04623812601964	-0.000209526980022778	-0.000209855080493737	-1.03803819989534	-0.000208015575460954	-0.000208172838366115
-163000	-1.04670111121372	-0.000211424169667868	-0.00021096118447379	-1.03818379659556	-0.000209773447840675	-0.000209627851140456
-162000	-1.047161049035	-0.000206882845445871	-0.000206422907624588	-1.0384717271524	-0.000205759442238434	-0.000205471511681595
-161000	-1.04708301782251	-0.000206419983377966	-0.000206498014590452	-1.0387020962231	-0.000204847631360236	-0.00020461726228953
-160000	-1.04719244620925	-0.00021293846769477	-0.000212829039308031	-1.03887142549327	-0.000210475328592976	-0.000210305999322807
-159000	-1.04736429956598	-0.000209698833379506	-0.000209526980022778	-1.0389809154431	-0.00020812506541078	-0.000208015575460954
-158000	-1.04761535383384	-0.000211675223935728	-0.000211424169667868	-1.03918438144489	-0.00020997691384246	-0.000209773447840675
-157000	-1.04765364607381	-0.000206921137685844	-0.000206882845445871	-1.03899562902084	-0.000205570689814386	-0.000205759442238434
-156000	-1.04779853479853	-0.000206564872102687	-0.000206419983377966	-1.03913057530705	-0.000204982577646443	-0.000204847631360236
-155000	-1.04824123495552	-0.000213381167851756	-0.00021293846769477	-1.03962424969988	-0.00021096900298581	-0.000210475328592976
-154000	-1.04839274171207	-0.000209850340136054	-0.000209698833379506	-1.03970034167513	-0.000208201157386031	-0.00020812506541078
-153000	-1.04853818450457	-0.00021182066672823	-0.000211675223935728	-1.03990725520978	-0.000210183827377105	-0.00020997691384246
-152000	-1.04890648567119	-0.000207289438852464	-0.000206921137685844	-1.04017256133223	-0.000205835995936836	-0.000205570689814386
-151000	-1.04922541324222	-0.000206883799673716	-0.000206564872102687	-1.04067125311663	-0.000205481269430849	-0.000204982577646443
-150000	-1.04948745652107	-0.000213643211130606	-0.000213381167851756	-1.0410072336627	-0.000211304983531874	-0.00021096900298581
-149000	-1.04986123680241	-0.000210224120417397	-0.000209850340136054	-1.0410937913627	-0.000208287715086034	-0.000208201157386031
-148000	-1.04992190722443	-0.000211881337150244	-0.00021182066672823	-1.04142075291655	-0.000210510788930957	-0.000210183827377105
-147000	-1.04976735309508	-0.00020713488472312	-0.000207289438852464	-1.04135491119525	-0.000205770154215533	-0.000205835995936836
-146000	-1.05019253855388	-0.000207308985132514	-0.000206883799673716	-1.0415306122449	-0.0002056569704805	-0.000205481269430849
-145000	-1.05057201342075	-0.000214022685997476	-0.000213643211130606	-1.04194902576415	-0.000211723397051128	-0.000211304983531874
-144000	-1.05093689783606	-0.000210589004832703	-0.000210224120417397	-1.04221793332718	-0.00020855662264906	-0.000208287715086034
-143000	-1.05126290516206	-0.000212207344476252	-0.000211881337150244	-1.04239298796442	-0.000210685843568197	-0.000210510788930957
-142000	-1.05164989072552	-0.000207521870286576	-0.00020713488472312	-1.04286856280974	-0.000206245729060855	-0.000205770154215533
-141000	-1.05227155477576	-0.00020793064918275	-0.000207308985132514	-1.04321990334595	-0.000206008311016714	-0.0002056569704805
-140000	-1.05229944285406	-0.000214050574075784	-0.000214022685997476	-1.04328870009542	-0.000211792193800597	-0.000211723397051128
-139000	-1.0528063840921	-0.000211095946070736	-0.000210589004832703	-1.04363597746791	-0.000208903900021546	-0.00020855662264906
-138000	-1.05311330686121	-0.000212514267245359	-0.000212207344476252	-1.04387044048389	-0.000210920306584173	-0.000210685843568197
-137000	-1.05324674485179	-0.000207655308277158	-0.000207521870286576	-1.04394179210146	-0.000206317080678425	-0.000206245729060855
-136000	-1.05342601656047	-0.000208109920891433	-0.00020793064918275	-1.044014898267	-0.000206081417182258	-0.000206008311016714
-135000	-1.05385951303598	-0.000214484070551299	-0.000214050574075784	-1.0442739249546	-0.000212051220488194	-0.000211792193800597
-134000	-1.05393883707329	-0.000211175270108043	-0.000211095946070736	-1.0443811986333	-0.00020901117370025	-0.000208903900021546
-133000	-1.05400307815434	-0.000212578508326408	-0.000212514267245359	-1.04445304275556	-0.000210992150706436	-0.000210920306584173
-132000	-1.05439640471573	-0.000208048634838551	-0.000207655308277158	-1.04482162095607	-0.000206685658878936	-0.000206317080678425
-131000	-1.05446076892295	-0.000208174285098654	-0.000208109920891433	-1.04506975097731	-0.000206329547203496	-0.000206081417182258
-130000	-1.05472592113769	-0.00021474922276603	-0.000214484070551299	-1.04504549512113	-0.000212026964632007	-0.000212051220488194
-129000	-1.05499833779666	-0.000211447686767014	-0.000211175270108043	-1.04516788253763	-0.000209133561116755	-0.00020901117370025
-128000	-1.05498408594207	-0.00021256425647182	-0.000212578508326408	-1.04517877920399	-0.000211003047372795	-0.000210992150706436
-127000	-1.05535432634592	-0.000208418875242405	-0.000208048634838551	-1.04540413088312	-0.000206911010558069	-0.000206685658878936
-126000	-1.05567919475482	-0.000208499153507557	-0.000208174285098654	-1.0457044356204	-0.000206629851940777	-0.000206329547203496
-125000	-1.05592827900391	-0.000214998307015113	-0.00021474922276603	-1.04578271308523	-0.000212105242096838	-0.000212026964632007
-124000	-1.05622596731	-0.000211745375073106	-0.000211447686767014	-1.04612722011882	-0.000209478068150337	-0.000209133561116755
-123000	-1.05638178348262	-0.000212720072644443	-0.00021256425647182	-1.0460956382553	-0.000210971465509281	-0.000211003047372795
-122000	-1.05691639732816	-0.000208953489087943	-0.000208418875242405	-1.04642767876381	-0.000207243051066581	-0.000206911010558069
-121000	-1.05727731092437	-0.000208860067103764	-0.000208499153507557	-1.04668125711823	-0.000206883430295194	-0.000206629851940777
-120000	-1.05698577892696	-0.000214706775017699	-0.000214998307015113	-1.04677095453566	-0.000212194939514267	-0.000212105242096838
-119000	-1.057320682119	-0.000212080278265152	-0.000211745375073106	-1.04705740757842	-0.000209764521193093	-0.000209478068150337
-118000	-1.05729605688429	-0.000212695447409734	-0.000212720072644443	-1.04687499615231	-0.000210789054083172	-0.000210971465509281
-117000	-1.05789725120818	-0.000209554683411826	-0.000208953489087943	-1.04721599408994	-0.000207584049004217	-0.000207243051066581
-116000	-1.05809616154154	-0.000209058977437129	-0.000208860067103764	-1.04732379105488	-0.000206991227260135	-0.000206883430295194
-115000	-1.05815316895989	-0.000214763782436051	-0.000214706775017699	-1.04720540523902	-0.000212076553698403	-0.000212194939514267
-114000	-1.05816582017422	-0.000212092929479484	-0.000212080278265152	-1.04738443069536	-0.000209943546649429	-0.000209764521193093
-113000	-1.05831621879521	-0.000212845846030719	-0.000212695447409734	-1.04754563363807	-0.000210950257025887	-0.000210789054083172
-112000	-1.05874996152307	-0.000209988426139686	-0.000209554683411826	-1.04803619909502	-0.000208074614461168	-0.000207584049004217
-111000	-1.05899215070644	-0.000209301166620494	-0.000209058977437129	-1.04819207683073	-0.000207147104995844	-0.000206991227260135
-110000	-1.05898719487795	-0.000214758826607567	-0.000214763782436051	-1.04814384215225	-0.000212028319019915	-0.000212076553698403
-109000	-1.05881503370579	-0.000211920768307324	-0.000212092929479484	-1.0480009234463	-0.000209800627943486	-0.000209943546649429
-108000	-1.05880284421461	-0.000212833656539539	-0.000212845846030719	-1.04794936436113	-0.000210898697940715	-0.000210950257025887
-107000	-1.05895025702589	-0.000210135838950966	-0.000209988426139686	-1.0481926924616	-0.00020831794256164	-0.000208074614461168
-106000	-1.05862258749654	-0.000208973497091145	-0.000209301166620494	-1.04811219872564	-0.000207066611259888	-0.000207147104995844
-105000	-1.05883063994829	-0.000214966879059316	-0.000214758826607567	-1.04808769661711	-0.00021200381691138	-0.000212028319019915
-104000	-1.05912783574968	-0.00021221796410872	-0.000211920768307324	-1.04822501308216	-0.000209937944408534	-0.000209800627943486
-103000	-1.05909009757749	-0.000212795918367346	-0.000212833656539539	-1.04841890602395	-0.000211092590882507	-0.000210898697940715
-102000	-1.05924628312864	-0.000210292024502108	-0.000210135838950966	-1.04867374642165	-0.000208572782959337	-0.00020831794256164
-101000	-1.05945944531659	-0.000209186659279096	-0.000208973497091145	-1.04878794594761	-0.000207180810785853	-0.000207066611259888
-100000	-1.05962360328747	-0.000215131037030197	-0.000214966879059316	-1.04920371225413	-0.000212419583217903	-0.00021200381691138
-99000	-1.06001351309755	-0.000212607873918798	-0.00021221796410872	-1.04941382706929	-0.000210148059223689	-0.000209937944408534
-98000	-1.06016107981654	-0.000212943485086343	-0.000212795918367346	-1.04975522516699	-0.000211433988980207	-0.000211092590882507
-97000	-1.06010222550559	-0.000210233170191153	-0.000210292024502108	-1.04975670268107	-0.00020857426047342	-0.000208572782959337
-96000	-1.0601719764829	-0.000209256410256411	-0.000209186659279096	-1.0500756302521	-0.000207499738356881	-0.000207180810785853
-95000	-1.06060014775141	-0.000215559208298704	-0.000215131037030197	-1.05048539415766	-0.000212829347123465	-0.000212419583217903
-94000	-1.06093920645181	-0.000212946932619201	-0.000212607873918798	-1.05084042847908	-0.00021050309354511	-0.000210148059223689
-93000	-1.06119703265922	-0.000213201311293749	-0.000212943485086343	-1.05105285190999	-0.000211646412411118	-0.000211433988980207
-92000	-1.06150192384646	-0.000210538061378397	-0.000210233170191153	-1.05104466401945	-0.000208566072582879	-0.00020857426047342
-91000	-1.06204038538492	-0.000209794871794872	-0.000209256410256411	-1.05111192169175	-0.000207566996029181	-0.000207499738356881
-90000	-1.06259309877797	-0.000216111921691754	-0.000215559208298704	-1.0517044356204	-0.000213421861052113	-0.000212829347123465
-89000	-1.06277280142826	-0.000213126635269492	-0.000212946932619201	-1.05209551512913	-0.000210894173053838	-0.00021050309354511
-88000	-1.0631330993936	-0.000213561609259088	-0.000213201311293749	-1.05228531412565	-0.00021183621140764	-0.000211646412411118
-87000	-1.06341822882999	-0.000210823190814787	-0.000210538061378397	-1.05267716317296	-0.000208957921630191	-0.000208566072582879
-86000	-1.063890386924	-0.000210267029888878	-0.000209794871794872	-1.0529823313941	-0.000207872164250315	-0.000207566996029181
-85000	-1.06439541970634	-0.000216616954474097	-0.000216111921691754	-1.05342709391449	-0.000213866623572506	-0.000213421861052113
-84000	-1.06469341582787	-0.000213424631391018	-0.000213126635269492	-1.05377689537353	-0.000211243974512883	-0.000210894173053838
-83000	-1.06484501492905	-0.000213713208360267	-0.000213561609259088	-1.05381029334811	-0.000211869609382214	-0.00021183621140764
-82000	-1.06533447225044	-0.000211312648136177	-0.000210823190814787	-1.05410684273709	-0.000209254471019176	-0.000208957921630191
-81000	-1.06575910364146	-0.000210691661279897	-0.000210267029888878	-1.05443635915905	-0.000208201680672269	-0.000207872164250315
-80000	-1.06578237448826	-0.000216640225320898	-0.000216616954474097	-1.05461079816542	-0.000214041062578877	-0.000213866623572506
-79000	-1.06627681841968	-0.000213919075322436	-0.000213424631391018	-1.05495850647951	-0.000211591682826978	-0.000211243974512883
-78000	-1.0663041524302	-0.000213740542370795	-0.000213713208360267	-1.05501394403915	-0.000211925046941855	-0.000211869609382214
-77000	-1.06674460553452	-0.000211753101240496	-0.000211312648136177	-1.05558309477637	-0.000209823621756395	-0.000209254471019176
-76000	-1.06693886785483	-0.000210885923600209	-0.000210691661279897	-1.05598873395512	-0.000208607319851018	-0.000208201680672269
-75000	-1.06689614307261	-0.000216597500538677	-0.000216640225320898	-1.05588961738542	-0.000213941946009172	-0.000214041062578877
-74000	-1.06739837473451	-0.000214421306984333	-0.000213919075322436	-1.05627909625389	-0.000211981161695448	-0.000211591682826978
-73000	-1.06750509434543	-0.000213847261981716	-0.000213740542370795	-1.05660147135777	-0.000212247422045742	-0.000211925046941855
-72000	-1.06807175177763	-0.0002123197586727	-0.000211753101240496	-1.05694570135747	-0.000210167851756087	-0.000209823621756395
-71000	-1.06821765629329	-0.000211031828115862	-0.000210885923600209	-1.05710185612707	-0.000208763474620617	-0.000208607319851018
-70000	-1.06847655985471	-0.000216856404100102	-0.000216597500538677	-1.05725776464432	-0.000214097854526426	-0.000213941946009172
-69000	-1.0687763720873	-0.000214721119216916	-0.000214421306984333	-1.0574335580386	-0.000212156955089728	-0.000211981161695448
-68000	-1.06911259888571	-0.000214183488780128	-0.000213847261981716	-1.05747963800905	-0.000212293502016192	-0.000212247422045742
-67000	-1.06962849755287	-0.000212835657339859	-0.0002123197586727	-1.05798383968972	-0.00021067205343676	-0.000210167851756087
-66000	-1.0699511189091	-0.000211354449472096	-0.000211031828115862	-1.05820500507895	-0.00020898464000985	-0.000208763474620617
-65000	-1.07021670206544	-0.000217121987256441	-0.000216856404100102	-1.05838372271986	-0.000214276572167329	-0.000214097854526426
-64000	-1.07048126943085	-0.000214985686582325	-0.000214721119216916	-1.05868599747591	-0.000212459229845785	-0.000212156955089728
-63000	-1.07110160987472	-0.000214803829223997	-0.000214183488780128	-1.05912589651245	-0.000212733401052729	-0.000212293502016192
-62000	-1.07156025487118	-0.000213294302336319	-0.000212835657339859	-1.05968648998061	-0.000211232646904916	-0.00021067205343676
-61000	-1.07181318681319	-0.000211607381414104	-0.000211354449472096	-1.05987909009758	-0.000209177240126821	-0.00020898464000985
-60000	-1.07216304983532	-0.000217471850278572	-0.000217121987256441	-1.06016785175609	-0.000214565333825837	-0.000214276572167329
-59000	-1.07270557453751	-0.000215528211284514	-0.000214985686582325	-1.06056628805368	-0.000212857666143381	-0.000212459229845785
-58000	-1.07330759996306	-0.000215405854649552	-0.000214803829223997	-1.06091104133961	-0.000213078154338658	-0.000212733401052729
-57000	-1.07378840767076	-0.000213775110044018	-0.000213294302336319	-1.06146603256687	-0.000211787638132177	-0.000211232646904916
-56000	-1.0742308615754	-0.000212049835318743	-0.000211607381414104	-1.06205109736202	-0.000209762304921968	-0.000209177240126821
-55000	-1.07448902637978	-0.000217730015082957	-0.000217471850278572	-1.06268630529135	-0.000215200541755164	-0.000214565333825837
-54000	-1.07527654138578	-0.000216315726290516	-0.000215528211284514	-1.06344011450734	-0.000213611475359375	-0.000212857666143381
-53000	-1.07575448640995	-0.000215883799673716	-0.000215405854649552	-1.06415461569243	-0.000213792655523748	-0.000213078154338658
-52000	-1.07648628682242	-0.00021450691045649	-0.000213775110044018	-1.06493951426725	-0.00021257253670699	-0.000211787638132177
-51000	-1.07708104780374	-0.000212644596300059	-0.000212049835318743	-1.06545522824514	-0.000210278018899867	-0.000209762304921968
-50000	-1.0777665835565	-0.00021841555083572	-0.000217730015082957	-1.06608114014837	-0.000215826453658387	-0.000215200541755164
-49000	-1.0784135500354	-0.000216962692769415	-0.000216315726290516	-1.06684575368609	-0.000214376088897097	-0.000213611475359375
-48000	-1.07893846769477	-0.000216408717333088	-0.000215883799673716	-1.06738960199464	-0.000214336503832302	-0.000213792655523748
-47000	-1.07978385200234	-0.000215352294764058	-0.00021450691045649	-1.06814008680395	-0.000213323021516299	-0.00021257253670699
-46000	-1.08072610582695	-0.000213586850124665	-0.000212644596300059	-1.06899045772155	-0.000211128389817465	-0.000210278018899867
-45000	-1.08132175947302	-0.000219011204481793	-0.00021841555083572	-1.06965743220365	-0.000216493428140487	-0.000215826453658387
-44000	-1.08187370332748	-0.00021751463662388	-0.000216962692769415	-1.07033785822021	-0.000215056514913657	-0.000214376088897097
-43000	-1.0825338750885	-0.000217068889094099	-0.000216408717333088	-1.07104841936775	-0.000215047064979838	-0.000214336503832302
-42000	-1.08316603564503	-0.00021598445532059	-0.000215352294764058	-1.07180595315049	-0.000214080555299043	-0.000213323021516299
-41000	-1.0841354387909	-0.000214556253270539	-0.000213586850124665	-1.07278649921507	-0.000212108935882044	-0.000211128389817465
-40000	-1.08516902145474	-0.000220044787145628	-0.000219011204481793	-1.07364321113061	-0.000217350140056023	-0.000216493428140487
-39000	-1.08583799673716	-0.000218183611906301	-0.00021751463662388	-1.07473829531813	-0.000216151599101179	-0.000215056514913657
-38000	-1.08707076676825	-0.000218301659125189	-0.000217068889094099	-1.07590426940007	-0.000216213039061778	-0.000215047064979838
-37000	-1.08790334595377	-0.000216817034506111	-0.00021598445532059	-1.07657647674454	-0.000214752762643519	-0.000214080555299043
-36000	-1.08913063687013	-0.000215783544186906	-0.000214556253270539	-1.07768658232524	-0.000213219041462739	-0.000212108935882044
-35000	-1.09043472773725	-0.000221348878012744	-0.000220044787145628	-1.07908957429125	-0.000218753132022041	-0.000217350140056023
-34000	-1.09150300120048	-0.000219251885369532	-0.000218183611906301	-1.08006033182504	-0.000217122356634962	-0.000216151599101179
-33000	-1.09302570258873	-0.000219824360513436	-0.000218301659125189	-1.08160147135777	-0.000217754178594514	-0.000216213039061778
-32000	-1.0945929756518	-0.000218384307569183	-0.000216817034506111	-1.08303429063933	-0.000216185581925077	-0.000214752762643519
-31000	-1.09609686951704	-0.000217287438052144	-0.000215783544186906	-1.08466235725059	-0.000214847108073999	-0.000213219041462739
-30000	-1.0979176285899	-0.000223169637085603	-0.000221348878012744	-1.08645618247299	-0.000220546957244436	-0.000218753132022041
-29000	-1.09957977036969	-0.000220914027149321	-0.000219251885369532	-1.08813713177579	-0.00021880330593776	-0.000217122356634962
-28000	-1.10163006741158	-0.000221874657555331	-0.000219824360513436	-1.09019786376089	-0.000219814910579617	-0.000217754178594514
-27000	-1.10376544463939	-0.000220519684796995	-0.000218384307569183	-1.09223698710253	-0.000218224705266722	-0.000216185581925077
-26000	-1.10606679594915	-0.000219588789361899	-0.000217287438052144	-1.0944742820205	-0.000217084402991966	-0.000214847108073999
-25000	-1.10856995105735	-0.000225672792193801	-0.000223169637085603	-1.09706627266291	-0.000223138947886847	-0.000220546957244436
-24000	-1.11127515621633	-0.000223619232308308	-0.000220914027149321	-1.09936272970727	-0.000221099762982117	-0.00021880330593776
-23000	-1.11394930279804	-0.000224548804137039	-0.000221874657555331	-1.10187459599224	-0.000222326776864592	-0.000219814910579617
-22000	-1.11698562501924	-0.000223556007018192	-0.000220519684796995	-1.10494243851387	-0.000221292547788346	-0.000218224705266722
-21000	-1.11992578569889	-0.000222528950041556	-0.000219588789361899	-1.10802822667529	-0.000220170191153384	-0.000217084402991966
-20000	-1.12365460030166	-0.000229401606796565	-0.000225672792193801	-1.11149749130421	-0.000226608212515775	-0.000223138947886847
-19000	-1.12740151445193	-0.000227366146458583	-0.000223619232308308	-1.11520088035214	-0.000224803152030043	-0.000221099762982117
-18000	-1.13133474928433	-0.000228482038969434	-0.000224548804137039	-1.11915753993905	-0.000226283436451504	-0.000222326776864592
-17000	-1.13561846276972	-0.000227839720503586	-0.000223556007018192	-1.12339754363284	-0.000225532551482132	-0.000221292547788346
-16000	-1.1403621140764	-0.000227272601348232	-0.000222528950041556	-1.12784209068243	-0.000224614738202974	-0.000220170191153384
-15000	-1.14555680733832	-0.000234596300058485	-0.000229401606796565	-1.13284012066365	-0.000231606242497	-0.000226608212515775
-14000	-1.1515050020008	-0.000233314341121064	-0.000227366146458583	-1.13853716871364	-0.000230500200080032	-0.000224803152030043
-13000	-1.15782316003324	-0.000234800197001878	-0.000228482038969434	-1.14442130698433	-0.000232167574722198	-0.000226283436451504
-12000	-1.16448197740635	-0.000234498537876688	-0.000227839720503586	-1.15086834733894	-0.000231979591836735	-0.000225532551482132
-11000	-1.17156287130237	-0.000234353495244251	-0.000227272601348232	-1.15770468187275	-0.000231451072736787	-0.000224614738202974
-10000	-1.18036417643981	-0.000243397605195924	-0.000234596300058485	-1.16596216948318	-0.000239863730107428	-0.000231606242497
-9000	-1.19015858651153	-0.000243108751192785	-0.000233314341121064	-1.17511700064641	-0.000239655031243267	-0.000230500200080032
-8000	-1.20005906978176	-0.000244700680272109	-0.000234800197001878	-1.1841284821621	-0.000241179056237881	-0.000232167574722198
-7000	-1.20937698156186	-0.000243816449656786	-0.000234498537876688	-1.1928089389602	-0.000240660048634839	-0.000231979591836735
-6000	-1.21773152337858	-0.000242708037060978	-0.000234353495244251	-1.20024415920214	-0.00023888629297873	-0.000231451072736787
-5000	-1.22505734601533	-0.000250723427832671	-0.000243397605195924	-1.20713328408286	-0.000246752854988149	-0.000239863730107428
-4000	-1.23048351648352	-0.000248534921660972	-0.000243108751192785	-1.21238670852957	-0.000244908455689968	-0.000239655031243267
-3000	-1.23463693169576	-0.000248854095484348	-0.000244700680272109	-1.21619367747099	-0.000244986025179301	-0.000241179056237881
-2000	-1.23685086342229	-0.000246030381383322	-0.000243816449656786	-1.21842124542125	-0.000242887616585095	-0.000240660048634839
-1000	-1.23769163049835	-0.000243548804137039	-0.000242708037060978	-1.21927592575492	-0.000239740973312401	-0.00023888629297873
0	-1.23762572721396	-0.000250657524548281	-0.000250723427832671	-1.21924939206452	-0.000246726321297749	-0.000246752854988149
1000	-1.23672829131653	-0.000247637485763536	-0.000248534921660972	-1.21828285160218	-0.000243941915227629	-0.000244908455689968
2000	-1.23423938806292	-0.000246365192230739	-0.000248854095484348	-1.21615603164343	-0.000242859205220549	-0.000244986025179301
3000	-1.23037405731523	-0.000242165050635639	-0.000246030381383322	-1.21249462862068	-0.000239226213562348	-0.000242887616585095
4000	-1.2250188690861	-0.000238193615907902	-0.000243548804137039	-1.20732135931296	-0.000234567704004679	-0.000239740973312401
5000	-1.21793335795857	-0.000243572013420754	-0.000250657524548281	-1.20073072305845	-0.000240135685043249	-0.000246726321297749
6000	-1.20943198817989	-0.000239136115984856	-0.000247637485763536	-1.1929374211223	-0.00023614861329147	-0.000243941915227629
7000	-1.20037344168437	-0.000237306645735217	-0.000246365192230739	-1.18469892572414	-0.000234620709822391	-0.000242859205220549
8000	-1.19084883184043	-0.000232640440791701	-0.000242165050635639	-1.17554994305414	-0.000230077230892357	-0.000239226213562348
9000	-1.18096247729861	-0.000228307261366085	-0.000238193615907902	-1.16646027641826	-0.000225478037368794	-0.000234567704004679
10000	-1.17218388894019	-0.000234793425062333	-0.000243572013420754	-1.15819152276295	-0.00023186693138794	-0.000240135685043249
11000	-1.1647914858251	-0.000231743712869763	-0.000239136115984856	-1.15086339151045	-0.000228820482038969	-0.00023614861329147
12000	-1.15832262135623	-0.000230837781266353	-0.000237306645735217	-1.14461470742143	-0.00022837202573337	-0.000234620709822391
13000	-1.15218041062579	-0.000226498230061255	-0.000232640440791701	-1.13877661833964	-0.000224239141810571	-0.000230077230892357
14000	-1.14677030812325	-0.000222897158863545	-0.000228307261366085	-1.13341662818974	-0.000220118047218888	-0.000225478037368794
15000	-1.14160590390002	-0.000229629020839105	-0.000234793425062333	-1.12841484286022	-0.000226865146058423	-0.00023186693138794
16000	-1.13671727152399	-0.000226855080493736	-0.000231743712869763	-1.12359577677225	-0.000224001415950996	-0.000228820482038969
17000	-1.13229079324037	-0.000226411302982732	-0.000230837781266353	-1.11932049742974	-0.000224096746390864	-0.00022837202573337
18000	-1.12827592575492	-0.000222483362575799	-0.000226498230061255	-1.11530018161111	-0.000220218825991935	-0.000224239141810571
19000	-1.12475297811432	-0.000219374211222951	-0.000222897158863545	-1.11204792686305	-0.000216865792470835	-0.000220118047218888
20000	-1.12123403207437	-0.00022611007479915	-0.000229629020839105	-1.1086148305476	-0.000223432049742974	-0.000226865146058423
21000	-1.11807969341583	-0.000223700741835196	-0.000226855080493736	-1.10537861298365	-0.000220765198387047	-0.000224001415950996
22000	-1.11506411795487	-0.000223395727521778	-0.000226411302982732	-1.10234530735371	-0.00022106344076092	-0.000224096746390864
23000	-1.1121752393265	-0.000219594483947425	-0.000222483362575799	-1.09962514236464	-0.000217498661002863	-0.000220218825991935
24000	-1.11007205959307	-0.000217271031489519	-0.000219374211222951	-1.09746033798135	-0.000214700988087543	-0.000216865792470835
25000	-1.10772896851048	-0.000223766983716564	-0.00022611007479915	-1.09535980546065	-0.000221331517222273	-0.000223432049742974
26000	-1.10555394465479	-0.000221525717979499	-0.000223700741835196	-1.09320164989073	-0.000218607042817127	-0.000220765198387047
27000	-1.10330215162988	-0.000221143934496875	-0.000223395727521778	-1.09085957459907	-0.000218721365469265	-0.00022106344076092
28000	-1.10121962631206	-0.000217511958629605	-0.000219594483947425	-1.08869301566781	-0.000215332102071598	-0.000217498661002863
29000	-1.09961513836304	-0.000215666543540493	-0.000217271031489519	-1.08716585095577	-0.000213173823375504	-0.000214700988087543
30000	-1.09778923877243	-0.000221941084125957	-0.000223766983716564	-1.08518736725459	-0.000219353033521102	-0.000221331517222273
31000	-1.09613051374396	-0.000219866992951027	-0.000221525717979499	-1.08331237110229	-0.000216732046664819	-0.000218607042817127
32000	-1.09452710314895	-0.000219540523901869	-0.000221143934496875	-1.08182075907286	-0.000217229753439838	-0.000218721365469265
33000	-1.0934661249115	-0.000216450980392156	-0.000217511958629605	-1.08040357681534	-0.00021391491981408	-0.000215332102071598
34000	-1.09234909348355	-0.000214549512112538	-0.000215666543540493	-1.07909068242682	-0.00021186092898698	-0.000213173823375504
35000	-1.09097408194047	-0.00022056607258288	-0.000221941084125957	-1.07754517191492	-0.000217807523009204	-0.000219353033521102
36000	-1.08956767322314	-0.000218460584233694	-0.000219866992951027	-1.07618819835627	-0.000215375073106166	-0.000216732046664819
37000	-1.08862600424785	-0.000218598854926586	-0.000219540523901869	-1.07513082155939	-0.000216172376642965	-0.000217229753439838
38000	-1.08759540739373	-0.000215420383538031	-0.000216450980392156	-1.07413679317881	-0.000212920891433497	-0.00021391491981408
39000	-1.08670560531905	-0.000213659710037861	-0.000214549512112538	-1.0732283067073	-0.000210952442515468	-0.00021186092898698
40000	-1.08525437867455	-0.000219114845938375	-0.00022056607258288	-1.0717542401576	-0.000216333456459508	-0.000217807523009204
41000	-1.08398965740142	-0.000217195862960569	-0.000218460584233694	-1.07065192230738	-0.000214272755255949	-0.000215375073106166
42000	-1.08301440576231	-0.000217623603287469	-0.000218598854926586	-1.06996518607443	-0.00021548564041001	-0.000216172376642965
43000	-1.08232409887032	-0.000214730076646044	-0.000215420383538031	-1.06940545448949	-0.000212361159848555	-0.000212920891433497
44000	-1.08171662511158	-0.000213052236279127	-0.000213659710037861	-1.06892689383446	-0.000210473881860437	-0.000210952442515468
45000	-1.08078308246375	-0.000218181303290547	-0.000219114845938375	-1.06796056884292	-0.000215367131467971	-0.000216333456459508
46000	-1.0795364299566	-0.000215949210453412	-0.000217195862960569	-1.06694794841013	-0.00021326013482316	-0.000214272755255949
47000	-1.0790723674085	-0.000217159540739372	-0.000217623603287469	-1.06645482808508	-0.000214992520084957	-0.00021548564041001
48000	-1.07833102471758	-0.000213988733955121	-0.000214730076646044	-1.06599492104534	-0.000211901252808816	-0.000212361159848555
49000	-1.07765053713793	-0.00021237174869948	-0.000213052236279127	-1.06523677163173	-0.000209715732446825	-0.000210473881860437
50000	-1.07668113399206	-0.000217211900144673	-0.000218181303290547	-1.06444879490258	-0.000214579154738819	-0.000215367131467971
51000	-1.07586579247083	-0.000215133868932188	-0.000215949210453412	-1.06373937267215	-0.00021255071259273	-0.00021326013482316
52000	-1.07501129682642	-0.000216305045094961	-0.000217159540739372	-1.06317622433589	-0.0002144293717487	-0.000214992520084957
53000	-1.07456431803491	-0.000213541755163604	-0.000213988733955121	-1.06282017422354	-0.000211545202696463	-0.000211901252808816
54000	-1.07393917567027	-0.000211746606334841	-0.00021237174869948	-1.0623588512328	-0.00020925440945609	-0.000209715732446825
55000	-1.07321140763998	-0.000216484132114384	-0.000217211900144673	-1.06168227290916	-0.000213902576415181	-0.000214579154738819
56000	-1.07277144704035	-0.000214693908332564	-0.000215133868932188	-1.06118653615292	-0.000212054975836488	-0.00021255071259273
57000	-1.07235063256072	-0.000215884230615323	-0.000216305045094961	-1.06061701603718	-0.00021385985163296	-0.0002144293717487
58000	-1.0717607658448	-0.000212951888447687	-0.000213541755163604	-1.06009277557177	-0.000211020962231047	-0.000211545202696463
59000	-1.07108391048727	-0.000211069750977313	-0.000211746606334841	-1.05934253701481	-0.000208504170899129	-0.00020925440945609
60000	-1.07015387693539	-0.000215554098562502	-0.000216484132114384	-1.0586986179087	-0.000213258657309077	-0.000213902576415181
61000	-1.06978742266137	-0.000214327454058547	-0.000214693908332564	-1.05840705512974	-0.000211763413057531	-0.000212054975836488
62000	-1.06901101979253	-0.000215107827746483	-0.000215884230615323	-1.05751743774433	-0.000212970234247545	-0.00021385985163296
63000	-1.06854504878875	-0.0002124859174439	-0.000212951888447687	-1.05714150275495	-0.000210645027241666	-0.000211020962231047
64000	-1.06788253763044	-0.000210407239819004	-0.000211069750977313	-1.05650146212331	-0.000207864130267491	-0.000208504170899129
65000	-1.06729513343799	-0.000214966694370056	-0.000215554098562502	-1.05594391602795	-0.000212701111213717	-0.000213258657309077
66000	-1.06689731277126	-0.000213929633391819	-0.000214327454058547	-1.05567556253271	-0.000211495059562286	-0.000211763413057531
67000	-1.06664878258996	-0.00021485929756518	-0.000215107827746483	-1.05538990981008	-0.000212684581524918	-0.000212970234247545
68000	-1.06631015483116	-0.000212147289685105	-0.0002124859174439	-1.05501194323883	-0.000210267060670423	-0.000210645027241666
69000	-1.06574198910333	-0.000209839074091174	-0.000210407239819004	-1.05471483978207	-0.000207567026810723	-0.000207864130267491
70000	-1.06528383661157	-0.00021450854187829	-0.000214966694370056	-1.05433751962323	-0.000212323791054883	-0.000212701111213717
71000	-1.06503921568627	-0.000213685012466525	-0.000213929633391819	-1.05419087635054	-0.000211348416289593	-0.000211495059562286
72000	-1.06477667990273	-0.000214596761781636	-0.00021485929756518	-1.05399990765537	-0.000212493612829748	-0.000212684581524918
73000	-1.06467039123342	-0.000212041001015791	-0.000212147289685105	-1.05386074429772	-0.000210127897312771	-0.000210267060670423
74000	-1.06421109982455	-0.000209379782682304	-0.000209839074091174	-1.05345972235048	-0.000207166004863484	-0.000207567026810723
75000	-1.06410841259581	-0.000214405854649553	-0.00021450854187829	-1.05332496075353	-0.000212189029457937	-0.000212323791054883
76000	-1.06408064764367	-0.00021365724751439	-0.000213685012466525	-1.0530525748761	-0.000211076030412164	-0.000211348416289593
77000	-1.06374999230461	-0.000214266106442577	-0.000214596761781636	-1.05306845815249	-0.000212509496106134	-0.000212493612829748
78000	-1.0636651275895	-0.000211956136300674	-0.000212041001015791	-1.05293745190384	-0.000209996891064118	-0.000210127897312771
79000	-1.06352328623757	-0.000209237941330377	-0.000209379782682304	-1.05262923630991	-0.000206857789269553	-0.000207166004863484
80000	-1.06365943300397	-0.000214542001415951	-0.000214405854649553	-1.05261110598085	-0.000212170899128882	-0.000212189029457937
81000	-1.06354157047434	-0.000213539384984763	-0.00021365724751439	-1.05235540369994	-0.000210820328131253	-0.000211076030412164
82000	-1.06316434266014	-0.000213888878628373	-0.000214266106442577	-1.05190032936251	-0.000212054421768707	-0.000212509496106134
83000	-1.06266124911503	-0.000211453042755564	-0.000211956136300674	-1.05155834641549	-0.000209654908117093	-0.000209996891064118
84000	-1.06239763597747	-0.000208974328192816	-0.000209237941330377	-1.051334164435	-0.000206633607289069	-0.000206857789269553
85000	-1.06259516114138	-0.000214739526579863	-0.000214542001415951	-1.05135940530058	-0.00021219613999446	-0.000212170899128882
86000	-1.06225548681011	-0.000213199710653492	-0.000213539384984763	-1.05124763751655	-0.000210708560347216	-0.000210820328131253
87000	-1.06195370455875	-0.000213587096377013	-0.000213888878628373	-1.05108658848155	-0.000211893372733709	-0.000212054421768707
88000	-1.06138572352018	-0.000210885061716995	-0.000211453042755564	-1.05070194231539	-0.000209270261950934	-0.000209654908117093
89000	-1.06113556191707	-0.000208724166589713	-0.000208974328192816	-1.05050863422292	-0.000206440299196602	-0.000206633607289069
90000	-1.06089983685782	-0.000214503801520608	-0.000214739526579863	-1.05027204728045	-0.000211959553051991	-0.00021219613999446
91000	-1.06046603256687	-0.000212765906362545	-0.000213199710653492	-1.050081232493	-0.000210517745559762	-0.000210708560347216
92000	-1.06024896112291	-0.00021337002493305	-0.000213587096377013	-1.04966244959522	-0.000211474589835935	-0.000211893372733709
93000	-1.05958577277065	-0.00021022187336473	-0.000210885061716995	-1.04912525010004	-0.000208733062455752	-0.000209270261950934
94000	-1.05900360144058	-0.000208141995259642	-0.000208724166589713	-1.04895656724228	-0.000206271616338844	-0.000206440299196602
95000	-1.05863683935112	-0.000214137039431157	-0.000214503801520608	-1.04882796195401	-0.000211830947763721	-0.000211959553051991
96000	-1.05820805245175	-0.00021233711946317	-0.000212765906362545	-1.0486651275895	-0.000210354911195248	-0.000210517745559762
97000	-1.05802339397297	-0.000213185366454274	-0.00021337002493305	-1.04856136300674	-0.000211370825253179	-0.000211474589835935
98000	-1.05737248745652	-0.000209570966848277	-0.00021022187336473	-1.0479811309139	-0.000208152830362914	-0.000208733062455752
99000	-1.05702077754179	-0.000207790285344907	-0.000208141995259642	-1.04771567088374	-0.000206006156308677	-0.000206271616338844
100000	-1.05636288361498	-0.000213479145504356	-0.000214137039431157	-1.04724218918337	-0.000211357466063348	-0.000211830947763721
101000	-1.0564284483024	-0.000212402684150583	-0.00021233711946317	-1.04693939114107	-0.000210052113152953	-0.000210354911195248
102000	-1.05589091021024	-0.000212647828362113	-0.000213185366454274	-1.04645559762366	-0.000210887031735771	-0.000211370825253179
103000	-1.05557813894789	-0.000209258195585926	-0.000209570966848277	-1.04629479484101	-0.000207992027580262	-0.000208152830362914
104000	-1.055044694801	-0.000207256841198018	-0.000207790285344907	-1.04587499615231	-0.000205586357619971	-0.000206006156308677
105000	-1.054772616739	-0.000213207067442362	-0.000213479145504356	-1.04565364607381	-0.000211136115984856	-0.000211357466063348
106000	-1.05450404777296	-0.000212134115184535	-0.000212402684150583	-1.04567497768338	-0.000210073444762521	-0.000210052113152953
107000	-1.0539609074399	-0.000212104688029058	-0.000212647828362113	-1.0453904946594	-0.000210602548711793	-0.000210887031735771
108000	-1.05386825499431	-0.000209165543140334	-0.000209258195585926	-1.04516064887493	-0.000207762181795795	-0.000207992027580262
109000	-1.05371708683473	-0.000207105673038447	-0.000207256841198018	-1.04490205312894	-0.00020532776187398	-0.000205586357619971
110000	-1.05340591621264	-0.000212895896820267	-0.000213207067442362	-1.0445671499369	-0.000210801212792809	-0.000211136115984856
111000	-1.05373358574199	-0.000212461784713887	-0.000212134115184535	-1.04502083910487	-0.000210527133930495	-0.000210073444762521
112000	-1.05342810970542	-0.00021179921199249	-0.000212104688029058	-1.04463917874842	-0.000210220888355342	-0.000210602548711793
113000	-1.05360722750639	-0.0002093446609413	-0.000209165543140334	-1.04466922153477	-0.00020779222458214	-0.000207762181795795
114000	-1.0534866254194	-0.000206985070951457	-0.000207105673038447	-1.04450297041894	-0.00020516151075815	-0.00020532776187398
115000	-1.05326235109428	-0.000212671622495152	-0.000212895896820267	-1.04433157878536	-0.000210629821159233	-0.000210801212792809
116000	-1.05322510542679	-0.000212424539046388	-0.000212461784713887	-1.04439037153323	-0.000210585926678364	-0.000210527133930495
117000	-1.05291922923015	-0.000211493335795857	-0.00021179921199249	-1.04402136239111	-0.000209851879213224	-0.000210220888355342
118000	-1.05280936990181	-0.000209234801612953	-0.0002093446609413	-1.04370415858651	-0.000207475020777542	-0.00020779222458214
119000	-1.05280512204882	-0.00020698082309847	-0.000206985070951457	-1.04382275987318	-0.000205280112044818	-0.00020516151075815
120000	-1.0526376704528	-0.000212504170899129	-0.000212671622495152	-1.04372669067627	-0.000210533751962323	-0.000210629821159233
121000	-1.05282008187891	-0.000212606950472497	-0.000212424539046388	-1.04372105765383	-0.000210580293655924	-0.000210585926678364
122000	-1.05281352541016	-0.000211486779327117	-0.000211493335795857	-1.04382494536276	-0.000209955766922154	-0.000209851879213224
123000	-1.05259402222427	-0.000209015298427063	-0.000209234801612953	-1.04383479545664	-0.000207484870871425	-0.000207475020777542
124000	-1.05233505709976	-0.000206721857973959	-0.00020698082309847	-1.04364647397421	-0.000205091790562378	-0.000205280112044818
125000	-1.05227364792071	-0.000212442761720073	-0.000212504170899129	-1.04341401175855	-0.000210301289746668	-0.000210533751962323
126000	-1.05229122418198	-0.00021262452673377	-0.000212606950472497	-1.04349179671869	-0.000210658078616061	-0.000210580293655924
127000	-1.05242010650414	-0.000211615661649275	-0.000211486779327117	-1.04358392587804	-0.00021004789608151	-0.000209955766922154
128000	-1.05225474805307	-0.000208849939975991	-0.000209015298427063	-1.04329621079201	-0.000207197155785391	-0.000207484870871425
129000	-1.05179105488349	-0.000206258164804384	-0.000206721857973959	-1.04313670083418	-0.000204932280604549	-0.000205091790562378
130000	-1.05195970695971	-0.000212611413796287	-0.000212442761720073	-1.04307636900914	-0.00021024095792163	-0.000210301289746668
131000	-1.0521917690153	-0.000212856588789361	-0.00021262452673377	-1.04309037461138	-0.000210672084218303	-0.000210658078616061
132000	-1.05201905377536	-0.000211442946409333	-0.000211615661649275	-1.04326653738418	-0.000210224058854311	-0.00021004789608151
133000	-1.05173986517684	-0.000208570751377474	-0.000208849939975991	-1.04303638378428	-0.000206967002185489	-0.000207197155785391
134000	-1.05155022008804	-0.000206068519715579	-0.000206258164804384	-1.04264225690276	-0.000204538153723028	-0.000204932280604549
135000	-1.05145969156894	-0.000212520885277188	-0.000212611413796287	-1.04256819650937	-0.000210166897528243	-0.00021024095792163
136000	-1.05131994336196	-0.000212716840582387	-0.000212856588789361	-1.04258928186659	-0.000210693169575523	-0.000210672084218303
137000	-1.05123988056761	-0.000211362883614984	-0.000211442946409333	-1.04278557576877	-0.000210420352756488	-0.000210224058854311
138000	-1.05077446363161	-0.000208105334441469	-0.000208570751377474	-1.04222027272447	-0.000206401699141195	-0.000206967002185489
139000	-1.05068852156247	-0.000205982577646444	-0.000206068519715579	-1.04208594206914	-0.000204403823067689	-0.000204538153723028
140000	-1.05040302274756	-0.000212235386462277	-0.000212520885277188	-1.04178652999661	-0.000209867485455721	-0.000210166897528243
141000	-1.05030870809862	-0.00021262252593345	-0.000212716840582387	-1.04143075691815	-0.00021033739649706	-0.000210693169575523
142000	-1.05030292116847	-0.000211357096684827	-0.000211362883614984	-1.0412992581648	-0.00021028885400314	-0.000210420352756488
143000	-1.0499983685782	-0.000207800781851202	-0.000208105334441469	-1.04089475790316	-0.000205997198879552	-0.000206401699141195
144000	-1.05019934127497	-0.000206183550343213	-0.000205982577646444	-1.04089798996522	-0.000204407055129743	-0.000204403823067689
145000	-1.04983119401607	-0.000211867239203375	-0.000212235386462277	-1.0407200418629	-0.000209689537353404	-0.000209867485455721
146000	-1.04949293563579	-0.000212284267553175	-0.00021262252593345	-1.0403535260258	-0.000209970880659957	-0.00021033739649706
147000	-1.04957305999323	-0.000211437221042263	-0.000211357096684827	-1.04021894911811	-0.000210154277095454	-0.00021028885400314
148000	-1.04941724382061	-0.000207644965678579	-0.000207800781851202	-1.03996574014221	-0.000205743989903654	-0.000205997198879552
149000	-1.04944393141872	-0.00020621023794133	-0.000206183550343213	-1.04029950441715	-0.000204740819404686	-0.000204407055129743
150000	-1.04924896112291	-0.000211672268907564	-0.000211867239203375	-1.04019715578539	-0.000209587188721643	-0.000209689537353404
151000	-1.04900627943485	-0.000212041585865116	-0.000212284267553175	-1.03996789485025	-0.000209741619724813	-0.000209970880659957
152000	-1.04917089912888	-0.000211601840736294	-0.000211437221042263	-1.03991535075569	-0.000210101733000892	-0.000210154277095454
153000	-1.04907599963062	-0.000207550066180318	-0.000207644965678579	-1.03996912611198	-0.00020579776525995	-0.000205743989903654
154000	-1.04902708775818	-0.000206161326068889	-0.00020621023794133	-1.03998959583834	-0.000204761289131037	-0.000204740819404686
155000	-1.04876861513836	-0.000211413796287746	-0.000211672268907564	-1.03982063594669	-0.000209418228829994	-0.000209587188721643
156000	-1.04851829962754	-0.000211791270354296	-0.000212041585865116	-1.03975507125927	-0.000209676055037399	-0.000209741619724813
157000	-1.0483546649429	-0.000211438206051651	-0.000211601840736294	-1.03970511281436	-0.000210051774555976	-0.000210101733000892
158000	-1.04785575768769	-0.000207051158925109	-0.000207550066180318	-1.03964942900237	-0.000205742081447963	-0.00020579776525995
159000	-1.04785252562563	-0.000206158094006833	-0.000206161326068889	-1.03983147104996	-0.000204943331178625	-0.000204761289131037
160000	-1.04757232123619	-0.000211133591898298	-0.000211413796287746	-1.03961966324992	-0.00020920642102995	-0.000209418228829994
161000	-1.04707012035583	-0.000211289069473944	-0.000211791270354296	-1.03904546433958	-0.000209101856127067	-0.000209676055037399
162000	-1.04671145381229	-0.00021107953950811	-0.000211438206051651	-1.03878446763321	-0.000209790777849601	-0.000210051774555976
163000	-1.04658170960692	-0.000206921414719733	-0.000207051158925109	-1.03876676824576	-0.000205724382060516	-0.000205742081447963
164000	-1.04631489518884	-0.000205891279588758	-0.000206158094006833	-1.03844159202142	-0.000204618154954289	-0.000204943331178625
165000	-1.04611142918706	-0.000210930125896513	-0.000211133591898298	-1.03826641425801	-0.000209031243266537	-0.00020920642102995
166000	-1.04596592483147	-0.000211143565118355	-0.000211289069473944	-1.03837645827562	-0.000209211900144674	-0.000209101856127067
167000	-1.04566509680795	-0.000210778711484594	-0.00021107953950811	-1.03824579062394	-0.000209660110197925	-0.000209790777849601
168000	-1.0454875488657	-0.00020674386677748	-0.000206921414719733	-1.03829119340044	-0.000205769784837011	-0.000205724382060516
169000	-1.04502059285253	-0.000205424323575585	-0.000205891279588758	-1.03781186320682	-0.000204138824760673	-0.000204618154954289
170000	-1.04507932403731	-0.000210988857081294	-0.000210930125896513	-1.03788607750793	-0.000209105457567642	-0.000209031243266537
171000	-1.04485982085142	-0.000210924061932465	-0.000211143565118355	-1.03762074060393	-0.000208946563240681	-0.000209211900144674
172000	-1.04449262782036	-0.000210411518453535	-0.000210778711484594	-1.03731009326808	-0.000209349462862068	-0.000209660110197925
173000	-1.04452657986271	-0.000206777818819835	-0.00020674386677748	-1.03716797488226	-0.000205627666451196	-0.000205769784837011
174000	-1.04419755594546	-0.000205095299658325	-0.000205424323575585	-1.03694502416351	-0.000203915874041925	-0.000204138824760673
175000	-1.04410530365993	-0.000210896604795764	-0.000210988857081294	-1.03678797672915	-0.000208948410133283	-0.000209105457567642
176000	-1.04388475390156	-0.0002107035121741	-0.000210924061932465	-1.03662711238341	-0.000208785698894943	-0.000208946563240681
177000	-1.04365413857851	-0.000210180903130482	-0.000210411518453535	-1.03646637116385	-0.000209188721642503	-0.000209349462862068
178000	-1.04358186351464	-0.000206705543755963	-0.000206777818819835	-1.03632671530151	-0.000205488010588851	-0.000205627666451196
179000	-1.04323735648105	-0.000204750792624742	-0.000205095299658325	-1.03628048142334	-0.000203869640163757	-0.000203915874041925
180000	-1.04323960353372	-0.000210898851848431	-0.000210896604795764	-1.03611540000616	-0.000208783328716102	-0.000208948410133283
181000	-1.04321300828024	-0.000210676916920615	-0.0002107035121741	-1.03593702096223	-0.000208607319851017	-0.000208785698894943
182000	-1.04306556468741	-0.000210033459537661	-0.000210180903130482	-1.03567374642165	-0.000208925447101917	-0.000209188721642503
183000	-1.0430691045649	-0.000206709083633453	-0.000206705543755963	-1.03550891125681	-0.000205323175424016	-0.000205488010588851
184000	-1.04292006033182	-0.000204601748391664	-0.000204750792624742	-1.03552073136947	-0.000203881460276418	-0.000203869640163757
185000	-1.0427186259119	-0.00021069741742851	-0.000210898851848431	-1.03547514390372	-0.000208737741250347	-0.000208783328716102
186000	-1.04264687413427	-0.000210605165142981	-0.000210676916920615	-1.03525151599101	-0.000208383691938315	-0.000208607319851017
187000	-1.04249899959984	-0.000209885585003231	-0.000210033459537661	-1.03511527687998	-0.000208789207990888	-0.000208925447101917
188000	-1.04253926185859	-0.000206749345892203	-0.000206709083633453	-1.03519469326192	-0.000205402591805953	-0.000205323175424016
189000	-1.0424193677471	-0.000204481854280174	-0.000204601748391664	-1.03490346907994	-0.000203590236094438	-0.000203881460276418
190000	-1.04237414965986	-0.000210652199341275	-0.00021069741742851	-1.03478068150337	-0.000208614953673777	-0.000208737741250347
191000	-1.04242672453597	-0.000210657740019085	-0.000210605165142981	-1.03469301566781	-0.000208296026102749	-0.000208383691938315
192000	-1.0421472896851	-0.000209606150152368	-0.000209885585003231	-1.0342392341552	-0.000208335426478284	-0.000208789207990888
193000	-1.04191442730939	-0.000206516483516483	-0.000206749345892203	-1.03408566503524	-0.000205249022685997	-0.000205402591805953
194000	-1.04181657278296	-0.000204383999753748	-0.000204481854280174	-1.03394034536892	-0.000203444916428109	-0.000203590236094438
195000	-1.04150872656755	-0.000210344353125865	-0.000210652199341275	-1.03383507249053	-0.000208509680795395	-0.000208614953673777
196000	-1.04116280358297	-0.000210311817034505	-0.000210657740019085	-1.03363597746791	-0.000208096931080125	-0.000208296026102749
197000	-1.04086763936344	-0.000209310985932835	-0.000209606150152368	-1.03329054698803	-0.000207989995998399	-0.000208335426478284
198000	-1.04071739465017	-0.000206366238803213	-0.000206516483516483	-1.03332185181765	-0.000205280327515621	-0.000205249022685997
199000	-1.04062600424785	-0.000204292609351433	-0.000204383999753748	-1.03339649706036	-0.000203519561670822	-0.000203444916428109
200000	-1.04073592513929	-0.000210454274017299	-0.000210344353125865	-1.03359774679102	-0.000208710930526057	-0.000208509680795395
201000	-1.04055951611414	-0.000210135408009357	-0.000210311817034505	-1.03342158401822	-0.000207920768307323	-0.000208096931080125
202000	-1.04043891402715	-0.000209190383845847	-0.000209310985932835	-1.03325185458799	-0.000207820266568166	-0.000207989995998399
203000	-1.03998033059378	-0.00020590765536984	-0.000206366238803213	-1.032985101733	-0.000205013574660633	-0.000205280327515621
204000	-1.0399196909533	-0.000204231969710961	-0.000204292609351433	-1.03282928556038	-0.000203363745498199	-0.000203519561670822
205000	-1.0397598423985	-0.000210294425462492	-0.000210454274017299	-1.03274045002616	-0.000208622094991843	-0.000208710930526057
206000	-1.03951740696279	-0.000209892972573644	-0.000210135408009357	-1.03239714347277	-0.000207577461753932	-0.000207920768307323
207000	-1.03908544956444	-0.000208758426447503	-0.000209190383845847	-1.03198762581956	-0.000207410748914951	-0.000207820266568166
208000	-1.03885046326223	-0.000205672669067627	-0.00020590765536984	-1.03197094222304	-0.000204996891064118	-0.000205013574660633
209000	-1.0388361806261	-0.00020421768707483	-0.000204231969710961	-1.0318947886847	-0.00020328759195986	-0.000203363745498199
210000	-1.03889669714039	-0.000210354941976791	-0.000210294425462492	-1.03206017791732	-0.000208787484224459	-0.000208622094991843
211000	-1.03860888970973	-0.000209605165142979	-0.000209892972573644	-1.03180413703943	-0.000207321420876043	-0.000207577461753932
212000	-1.03838901714532	-0.000208538553883092	-0.000208758426447503	-1.0316918767507	-0.00020729848862622	-0.000207410748914951
213000	-1.03831594176132	-0.000205599593683627	-0.000205672669067627	-1.03144587065595	-0.000204750884969372	-0.000204996891064118
214000	-1.03803422907625	-0.000203935974389756	-0.00020421768707483	-1.03125363991751	-0.000203095361221412	-0.00020328759195986
215000	-1.03789586603872	-0.000210216578939268	-0.000210354941976791	-1.03117114538123	-0.000208704989688183	-0.000208787484224459
216000	-1.03787502693385	-0.000209584326038108	-0.000209605165142979	-1.03111749315111	-0.000207267768645919	-0.000207321420876043
217000	-1.03748973435528	-0.000208153261304522	-0.000208538553883092	-1.03092815587774	-0.000207109151352849	-0.00020729848862622
218000	-1.03722227352479	-0.000205332132853141	-0.000205599593683627	-1.03054492566257	-0.000204367654754209	-0.000204750884969372
219000	-1.03690737833595	-0.000203621079200912	-0.000203935974389756	-1.03019413919414	-0.000202744574752978	-0.000203095361221412
220000	-1.03689371133069	-0.000210202911934004	-0.000210216578939268	-1.03021971865669	-0.000208730569150738	-0.000208704989688183
221000	-1.036342321544	-0.000209032936251423	-0.000209584326038108	-1.03004149352049	-0.000207089543509712	-0.000207267768645919
222000	-1.03589940591621	-0.000207710345676733	-0.000208153261304522	-1.02965700126204	-0.000206724659094407	-0.000207109151352849
223000	-1.03568787515006	-0.000205120602086989	-0.000205332132853141	-1.02927666451196	-0.000203987318004125	-0.000204367654754209
224000	-1.03528860775079	-0.000203221811801644	-0.000203621079200912	-1.02916825191615	-0.00020263616215717	-0.000202744574752978
225000	-1.03497540554683	-0.000209889709730045	-0.000210202911934004	-1.02889540431557	-0.000208457721550159	-0.000208730569150738
226000	-1.03455092806353	-0.000208608458768123	-0.000209032936251423	-1.02880983162496	-0.000207003970819097	-0.000207089543509712
227000	-1.03469079939668	-0.000207850217009881	-0.000207710345676733	-1.02878105088189	-0.00020669587835134	-0.000206724659094407
228000	-1.03432320620556	-0.000204753008895867	-0.000205120602086989	-1.02841462738942	-0.00020362089451165	-0.000203987318004125
229000	-1.03437525779543	-0.00020327386339151	-0.000203221811801644	-1.02823529411765	-0.000202456828885401	-0.00020263616215717
230000	-1.03418644380829	-0.000209700895742913	-0.000209889709730045	-1.0278429217841	-0.000208065349216609	-0.000208457721550159
231000	-1.03428873087697	-0.000208710745836795	-0.000208608458768123	-1.02788450764921	-0.000207045556684212	-0.000207003970819097
232000	-1.03424268168806	-0.000207804167820975	-0.000207850217009881	-1.02774574445163	-0.000206557115153754	-0.00020669587835134
233000	-1.03398460922831	-0.000204494936436113	-0.000204753008895867	-1.02768550497122	-0.000203560655031243	-0.00020362089451165
234000	-1.03362187952104	-0.000202911133684243	-0.00020327386339151	-1.02757897004956	-0.000202350293963739	-0.000202456828885401
235000	-1.03319607843137	-0.000209275094653247	-0.000209700895742913	-1.02729368670545	-0.000207780065872503	-0.000208065349216609
236000	-1.03346156924308	-0.000208976236648506	-0.000208710745836795	-1.02757490688583	-0.000207326776864592	-0.000207045556684212
237000	-1.0331703450611	-0.000207512943638993	-0.000207804167820975	-1.02748936497676	-0.000206471573244682	-0.000206557115153754
238000	-1.03305300581771	-0.000204377597192724	-0.000204494936436113	-1.0276376704528	-0.00020370896050728	-0.000203560655031243
239000	-1.03272345861421	-0.000202581586480746	-0.000202911133684243	-1.02735857419891	-0.000202071197709853	-0.000202350293963739
240000	-1.03234709268323	-0.000208898728722259	-0.000209275094653247	-1.02705851571398	-0.000207480007387571	-0.000207780065872503
241000	-1.03246831040108	-0.000209097454366362	-0.000208976236648506	-1.02710976698372	-0.000207378028134331	-0.000207326776864592
242000	-1.03234970911441	-0.000207394342352326	-0.000207512943638993	-1.02698427063133	-0.000206346076892296	-0.000206471573244682
243000	-1.03213365346138	-0.000204161541539693	-0.000204377597192724	-1.02714491950626	-0.000203869609382214	-0.00020370896050728
244000	-1.03175731831194	-0.000202205251331302	-0.000202581586480746	-1.02684904731123	-0.000201775325514821	-0.000202071197709853
245000	-1.0317609813156	-0.000208902391725921	-0.000208898728722259	-1.02673709483794	-0.000207368054914274	-0.000207480007387571
246000	-1.03135992858682	-0.000208696401637578	-0.000209097454366362	-1.02655465263028	-0.000207195585926678	-0.000207378028134331
247000	-1.03105931603411	-0.000207093729799612	-0.000207394342352326	-1.02623030750762	-0.000206021731769631	-0.000206346076892296
248000	-1.03110314895189	-0.000204205374457475	-0.000204161541539693	-1.0260174531351	-0.000203656755009696	-0.000203869609382214
249000	-1.03105599162742	-0.000202158094006834	-0.000202205251331302	-1.02568618216517	-0.000201444054544895	-0.000201775325514821
250000	-1.03100369378521	-0.000208850093883707	-0.000208902391725921	-1.02541034875489	-0.000207092221503986	-0.000207368054914274
