Distance from Center (cmd=annotatePeaks.pl /expanse/lustre/projects/csd940/ctea/homer/homer_scripts/reference_peaks/H3K27ac.bed mm10 -size 500000 -hist 1000 -bedGraph /expanse/lustre/projects/csd940/ctea/homer/bwt2_bam/tags/ctrl_M1/tagdirs/tagdirs.DLR.bedGraph /expanse/lustre/projects/csd940/ctea/homer/bwt2_bam/tags/mut_M1/tagdirs/tagdirs.DLR.bedGraph)	/expanse/lustre/projects/csd940/ctea/homer/bwt2_bam/tags/ctrl_M1/tagdirs/tagdirs.DLR.bedGraph Coverage	/expanse/lustre/projects/csd940/ctea/homer/bwt2_bam/tags/ctrl_M1/tagdirs/tagdirs.DLR.bedGraph + Tags	/expanse/lustre/projects/csd940/ctea/homer/bwt2_bam/tags/ctrl_M1/tagdirs/tagdirs.DLR.bedGraph - Tags	/expanse/lustre/projects/csd940/ctea/homer/bwt2_bam/tags/mut_M1/tagdirs/tagdirs.DLR.bedGraph Coverage	/expanse/lustre/projects/csd940/ctea/homer/bwt2_bam/tags/mut_M1/tagdirs/tagdirs.DLR.bedGraph + Tags	/expanse/lustre/projects/csd940/ctea/homer/bwt2_bam/tags/mut_M1/tagdirs/tagdirs.DLR.bedGraph - Tags
-250000	-1.20805993471397	-0.000241369668753679	-0.000240972173168513	-1.16701969283459	-0.000232603307111896	-0.000232081232942687
-249000	-1.2085060737411	-0.000243784342055975	-0.000243338203028843	-1.16723636752823	-0.000235819767752983	-0.000235603093059346
-248000	-1.20864098036068	-0.000241535398940439	-0.000241400492320864	-1.16777604751967	-0.000234240113447851	-0.000233700433456414
-247000	-1.20942880077059	-0.000241407716594424	-0.000240619896184513	-1.16852608765452	-0.000232985283887194	-0.000232235243752341
-246000	-1.21014807085139	-0.000242050944506877	-0.000241331674426072	-1.16890522823353	-0.000233256756033606	-0.000232877615454595
-245000	-1.21018911542784	-0.000241410713330122	-0.000241369668753679	-1.16899898325039	-0.000232697062128753	-0.000232603307111896
-244000	-1.21081329266335	-0.000244408519291486	-0.000243784342055975	-1.16939610424359	-0.000236216888746188	-0.000235819767752983
-243000	-1.2113242896131	-0.000242046395890191	-0.000241535398940439	-1.16989714774977	-0.000234741156954031	-0.000234240113447851
-242000	-1.21219484133355	-0.000242278268314871	-0.000241407716594424	-1.17080890458608	-0.000233897040723498	-0.000232985283887194
-241000	-1.21275517739605	-0.00024261128056938	-0.000242050944506877	-1.17112704018837	-0.000233574891635896	-0.000233256756033606
-240000	-1.2132614651897	-0.000241917001123776	-0.000241410713330122	-1.17144394498849	-0.000233013966928881	-0.000232697062128753
-239000	-1.21365954941938	-0.000244806603521164	-0.000244408519291486	-1.17196361106652	-0.000236736554824209	-0.000236216888746188
-238000	-1.21446476159897	-0.000242851608069782	-0.000242046395890191	-1.17270032643014	-0.000235477872317654	-0.000234741156954031
-237000	-1.21568892813186	-0.000243502434847755	-0.000242278268314871	-1.17367608497886	-0.000234872799272221	-0.000233897040723498
-236000	-1.21642548295607	-0.000243347835393589	-0.00024261128056938	-1.17443388451865	-0.000234332691175684	-0.000233574891635896
-235000	-1.21729357307219	-0.0002427850912399	-0.000241917001123776	-1.17556135281212	-0.000234141435222346	-0.000233013966928881
-234000	-1.2178570664098	-0.000245370096858779	-0.000244806603521164	-1.1763415743565	-0.000237516776368598	-0.000236736554824209
-233000	-1.21895221276823	-0.000243946754428213	-0.000242851608069782	-1.17716171670145	-0.000236298014662599	-0.000235477872317654
-232000	-1.21970942366351	-0.00024425964574303	-0.000243502434847755	-1.1779944346337	-0.000235705517204474	-0.000234872799272221
-231000	-1.22056579440253	-0.000244204206132606	-0.000243347835393589	-1.17903125167229	-0.000235369508214267	-0.000234332691175684
-230000	-1.22141033873816	-0.000243629635575534	-0.0002427850912399	-1.17992534917322	-0.000235035532723283	-0.000234141435222346
-229000	-1.22195017926901	-0.000245909937389629	-0.000245370096858779	-1.18050206025579	-0.000238093487451168	-0.000237516776368598
-228000	-1.22292641943597	-0.000244922994595173	-0.000243946754428213	-1.181247177182	-0.000237043131588804	-0.000236298014662599
-227000	-1.22327891047252	-0.000244612136779579	-0.00024425964574303	-1.18162910044416	-0.000236087440466634	-0.000235705517204474
-226000	-1.22421688874619	-0.000245142184406271	-0.000244204206132606	-1.18250473591267	-0.000236245143682774	-0.000235369508214267
-225000	-1.22496227323808	-0.000244375020067427	-0.000243629635575534	-1.18325049499652	-0.000235781291807139	-0.000235035532723283
-224000	-1.22567854658319	-0.000246626210734735	-0.000245909937389629	-1.18364194359715	-0.0002384849360518	-0.000238093487451168
-223000	-1.22631503184032	-0.000245559479852304	-0.000244922994595173	-1.18404987424413	-0.000237451062235779	-0.000237043131588804
-222000	-1.22718387114036	-0.000245480976079628	-0.000244612136779579	-1.1847609568149	-0.000236798523037407	-0.000236087440466634
-221000	-1.22802477658265	-0.000245983089848558	-0.000245142184406271	-1.18556681115214	-0.000237050998020013	-0.000236245143682774
-220000	-1.22866110130037	-0.000245011344785145	-0.000244375020067427	-1.18596821319634	-0.00023618269385134	-0.000235781291807139
-219000	-1.22944683469792	-0.000247411944132284	-0.000246626210734735	-1.18652972654787	-0.000239046449403329	-0.0002384849360518
-218000	-1.2301644993846	-0.000246277144538984	-0.000245559479852304	-1.18690865307433	-0.000237829988762241	-0.000237451062235779
-217000	-1.23099673569861	-0.000246313212393642	-0.000245480976079628	-1.18778364638519	-0.000237673516348263	-0.000236798523037407
-216000	-1.23156606196821	-0.000246552416118157	-0.000245983089848558	-1.18831583453738	-0.000237583186172206	-0.000237050998020013
-215000	-1.23213966928881	-0.000245584952105742	-0.000245011344785145	-1.18864092684754	-0.000236507786161502	-0.00023618269385134
-214000	-1.23286471878846	-0.000248136993631937	-0.000247411944132284	-1.18949579921871	-0.000239901321774495	-0.000239046449403329
-213000	-1.23343773746455	-0.000246850163215069	-0.000246277144538984	-1.18993637287954	-0.000238270562423076	-0.000237829988762241
-212000	-1.23420928988067	-0.000247084764809761	-0.000246313212393642	-1.19062209022315	-0.000238359233691871	-0.000237673516348263
-211000	-1.23441558302563	-0.000246758709263123	-0.000246552416118157	-1.19103537218387	-0.000237996468132927	-0.000237583186172206
-210000	-1.23514855246963	-0.000246317921549741	-0.000245584952105742	-1.19165162947504	-0.000237124043452668	-0.000236507786161502
-209000	-1.23600647508963	-0.000248994916251939	-0.000248136993631937	-1.19267292770375	-0.000240922620003211	-0.000239901321774495
-208000	-1.23695606571413	-0.000247799753839569	-0.000246850163215069	-1.1936015946915	-0.000239199229410821	-0.000238270562423076
-207000	-1.23731203510462	-0.000247440734200246	-0.000247084764809761	-1.1939827152566	-0.000238740354256969	-0.000238359233691871
-206000	-1.23793284101247	-0.000247379515170974	-0.000246758709263123	-1.19430668379087	-0.000238320436667202	-0.000237996468132927
-205000	-1.23861320704233	-0.000246998287579601	-0.000246317921549741	-1.1949647348424	-0.000237782094504201	-0.000237124043452668
-204000	-1.23949810028362	-0.000249879809493231	-0.000248994916251939	-1.19547305613528	-0.000241430941296088	-0.000240922620003211
-203000	-1.24023449456842	-0.000248536148124365	-0.000247799753839569	-1.19601739176968	-0.000239743565045218	-0.000239199229410821
-202000	-1.24071718306844	-0.000247923422700273	-0.000247440734200246	-1.19638823781238	-0.000239111200299674	-0.000238740354256969
-201000	-1.24145957082464	-0.000248121902927168	-0.000247379515170974	-1.19699159843742	-0.000238923797292234	-0.000238320436667202
-200000	-1.2421963397014	-0.000247735056456361	-0.000246998287579601	-1.19768095467437	-0.000238471450741156	-0.000237782094504201
-199000	-1.24309327339862	-0.000250776743190453	-0.000249879809493231	-1.19819671429336	-0.000241946700915074	-0.000241430941296088
-198000	-1.24397581206186	-0.000249418686787606	-0.000248536148124365	-1.19946588537486	-0.000241012736126719	-0.000239743565045218
-197000	-1.24458463102692	-0.00024853224166533	-0.000247923422700273	-1.19996029325199	-0.000239605608176807	-0.000239111200299674
-196000	-1.24566784395569	-0.000249205115855943	-0.000248121902927168	-1.20071509605608	-0.000239678600096323	-0.000238923797292234
-195000	-1.24628490394392	-0.000248352116444588	-0.000247735056456361	-1.20138508053727	-0.000239141435222347	-0.000238471450741156
-194000	-1.2471546529673	-0.000251646492213839	-0.000250776743190453	-1.20190265960293	-0.000242464279980735	-0.000241946700915074
-193000	-1.24823722373843	-0.000250501257558731	-0.000249418686787606	-1.20283566115481	-0.0002419457376786	-0.000241012736126719
-192000	-1.24912821747739	-0.000249423235404291	-0.00024853224166533	-1.2037515385027	-0.000240521485524696	-0.000239605608176807
-191000	-1.25009332691176	-0.00025017022529031	-0.000249205115855943	-1.20450061540108	-0.000240427676994702	-0.000239678600096323
-190000	-1.25065660619682	-0.000248915395729652	-0.000248352116444588	-1.20482281800182	-0.000239463637823085	-0.000239141435222347
-189000	-1.25072708299888	-0.000251716969015894	-0.000251646492213839	-1.2049737250495	-0.000242615187028416	-0.000242464279980735
-188000	-1.2515960293252	-0.000251370203885053	-0.000250501257558731	-1.20598453470327	-0.00024295654733237	-0.0002419457376786
-187000	-1.25247107614919	-0.000250298282228287	-0.000249423235404291	-1.20665350243485	-0.000241190453256274	-0.000240521485524696
-186000	-1.25309022314978	-0.000250789372290898	-0.00025017022529031	-1.20742649970568	-0.000241200674265532	-0.000240427676994702
-185000	-1.25385225022743	-0.000249677422807299	-0.000248915395729652	-1.20784780863702	-0.000239884946754428	-0.000239463637823085
-184000	-1.25434863809065	-0.000252213356879113	-0.000251716969015894	-1.20837592979076	-0.000243143308182158	-0.000242615187028416
-183000	-1.25501262910044	-0.000252034194894847	-0.000251370203885053	-1.20868218547653	-0.000243262803018141	-0.00024295654733237
-182000	-1.25543677422807	-0.000250722427355916	-0.000250298282228287	-1.20893059346069	-0.000241438861240435	-0.000241190453256274
-181000	-1.25578749933109	-0.000251140097393911	-0.000250789372290898	-1.20927826831487	-0.000241548349119709	-0.000241200674265532
-180000	-1.25698913683309	-0.000250879060309306	-0.000249677422807299	-1.20990544228608	-0.000240512120725638	-0.000239884946754428
-179000	-1.25737833788195	-0.000252602557927971	-0.000252213356879113	-1.21014801733826	-0.000243385883234334	-0.000243143308182158
-178000	-1.25837154171349	-0.000253027398726387	-0.000252034194894847	-1.21066554289078	-0.000243780328570664	-0.000243262803018141
-177000	-1.25938406378766	-0.000251734949430085	-0.000250722427355916	-1.21120158398887	-0.000241974902338524	-0.000241438861240435
-176000	-1.26003151923797	-0.000251787552844225	-0.000251140097393911	-1.21165591052603	-0.000242002675656873	-0.000241548349119709
-175000	-1.26047096912292	-0.000251318510194253	-0.000250879060309306	-1.212372130358	-0.000241228340557607	-0.000240512120725638
-174000	-1.26118312195644	-0.000253314710761493	-0.000252602557927971	-1.21335468507519	-0.000244368437951517	-0.000243385883234334
-173000	-1.26159998929737	-0.000253444266067319	-0.000253027398726387	-1.21357622946433	-0.000244001872959812	-0.000243780328570664
-172000	-1.26248268850003	-0.000252617648632739	-0.000251734949430085	-1.21376743190453	-0.000242166104778723	-0.000241974902338524
-171000	-1.26277123133729	-0.000252076095681489	-0.000251787552844225	-1.21403002087012	-0.000242265264622465	-0.000242002675656873
-170000	-1.26348611334083	-0.000252033392197785	-0.000251318510194253	-1.21490688714079	-0.000242105206828276	-0.000241228340557607
-169000	-1.26486172205276	-0.000254690319473431	-0.000253314710761493	-1.21586760849789	-0.00024532915930861	-0.000244368437951517
-168000	-1.26518360357468	-0.000253766147589233	-0.000253444266067319	-1.21592369026596	-0.000244057954727885	-0.000244001872959812
-167000	-1.26579413496013	-0.000253228180018194	-0.000252617648632739	-1.21664793706855	-0.000242890351581313	-0.000242166104778723
-166000	-1.26647573179215	-0.000252757692513512	-0.000252076095681489	-1.217113661904	-0.000242730989457913	-0.000242265264622465
-165000	-1.26725723765184	-0.000252814898057474	-0.000252033392197785	-1.21775919088136	-0.00024275073580564	-0.000242105206828276
-164000	-1.26838936158827	-0.000255822443409857	-0.000254690319473431	-1.21860143415208	-0.000246171402579333	-0.00024532915930861
-163000	-1.26855139936854	-0.000253928185369508	-0.000253766147589233	-1.21907850377268	-0.000244535024348477	-0.000244057954727885
-162000	-1.26940862631776	-0.000254085406967409	-0.000253228180018194	-1.21977449563868	-0.000243586343447317	-0.000242890351581313
-161000	-1.27014587681276	-0.000253494943008508	-0.000252757692513512	-1.22050195322952	-0.000243458447048751	-0.000242730989457913
-160000	-1.2710623963183	-0.000253731417563012	-0.000252814898057474	-1.22114924814042	-0.000243398030716541	-0.00024275073580564
-159000	-1.27216701450206	-0.000256927061593622	-0.000255822443409857	-1.22159340718146	-0.000246615561620378	-0.000246171402579333
-158000	-1.27304457644352	-0.000254805747310965	-0.000253928185369508	-1.2224789425804	-0.000245420559747418	-0.000244535024348477
-157000	-1.27380927917804	-0.000254850109701932	-0.000254085406967409	-1.2236188794349	-0.000244726280301815	-0.000243586343447317
-156000	-1.27530416867341	-0.00025498983250388	-0.000253494943008508	-1.22462642478729	-0.000244465992401135	-0.000243458447048751
-155000	-1.27621474822069	-0.000254641997110291	-0.000253731417563012	-1.22548611334083	-0.00024425771927008	-0.000243398030716541
-154000	-1.27679723872211	-0.00025750955209504	-0.000256927061593622	-1.22593155669717	-0.000247061004976723	-0.000246615561620378
-153000	-1.27793712206347	-0.000255945630652325	-0.000254805747310965	-1.22667405147964	-0.000246163054529887	-0.000245420559747418
-152000	-1.27887718734949	-0.00025579017498796	-0.000254850109701932	-1.22755717878739	-0.000245609407609568	-0.000244726280301815
-151000	-1.27999475571253	-0.000256107400866913	-0.00025498983250388	-1.22844282121261	-0.00024535163482635	-0.000244465992401135
-150000	-1.28063953550597	-0.00025528677690373	-0.000254641997110291	-1.22903895756408	-0.000244853855621555	-0.00024425771927008
-149000	-1.28107845025954	-0.000257948466848611	-0.00025750955209504	-1.22969738320758	-0.000247719430620217	-0.000247061004976723
-148000	-1.28242023866859	-0.000257287419061379	-0.000255945630652325	-1.23062877936533	-0.000247094450687644	-0.000246163054529887
-147000	-1.28341601113073	-0.0002567859474501	-0.00025579017498796	-1.23135254454969	-0.000246333172793921	-0.000245609407609568
-146000	-1.28452384010275	-0.000257215229838925	-0.000256107400866913	-1.23217455985444	-0.000246173650131107	-0.00024535163482635
-145000	-1.28516669342324	-0.00025592963022422	-0.00025528677690373	-1.23268009846417	-0.000245359394231283	-0.000244853855621555
-144000	-1.28575255525231	-0.00025853432867769	-0.000257948466848611	-1.23329100444159	-0.000248330336597635	-0.000247719430620217
-143000	-1.28677545887515	-0.000258310322684219	-0.000257287419061379	-1.23398726387328	-0.000247790710119334	-0.000247094450687644
-142000	-1.28766821854765	-0.000257678707122599	-0.0002567859474501	-1.23471723658158	-0.000247063145502221	-0.000246333172793921
-141000	-1.28850018729598	-0.000258047198587253	-0.000257215229838925	-1.23533039011077	-0.000246786803660298	-0.000246173650131107
-140000	-1.28926365922834	-0.000256693102156579	-0.00025592963022422	-1.23602397388559	-0.0002460529780061	-0.000245359394231283
-139000	-1.29014111414352	-0.000259411783592871	-0.00025853432867769	-1.23677283673142	-0.000249079199443463	-0.000248330336597635
-138000	-1.29080002140526	-0.000258969229945952	-0.000258310322684219	-1.23749494300851	-0.000248512816396425	-0.000247790710119334
-137000	-1.29196441376358	-0.000258843099480923	-0.000257678707122599	-1.238319580457	-0.000247887782950715	-0.000247063145502221
-136000	-1.29307855728581	-0.000259161342109487	-0.000258047198587253	-1.23930689784342	-0.000247774121046717	-0.000246786803660298
-135000	-1.29407063734147	-0.000257685182212233	-0.000256693102156579	-1.23995654733237	-0.00024670262749505	-0.0002460529780061
-134000	-1.29503815486702	-0.000260379301118424	-0.000259411783592871	-1.24092834590892	-0.000250050998020014	-0.000249079199443463
-133000	-1.29571611280569	-0.000259647187884626	-0.000258969229945952	-1.24140702092364	-0.000248991491411142	-0.000248512816396425
-132000	-1.29684465136191	-0.000259971638037138	-0.000258843099480923	-1.24252683683844	-0.000249007598865521	-0.000247887782950715
-131000	-1.29752287686627	-0.000259839567613848	-0.000259161342109487	-1.24315080002141	-0.000248398084229679	-0.000247774121046717
-130000	-1.29873960507305	-0.000258901910419007	-0.000257685182212233	-1.24388863916091	-0.00024744046663456	-0.00024670262749505
-129000	-1.30001070262749	-0.000261650398672875	-0.000260379301118424	-1.24496617969712	-0.000251128538556216	-0.000250050998020014
-128000	-1.30086156151335	-0.000260498046770482	-0.000259647187884626	-1.24581152672981	-0.000249836838443838	-0.000248991491411142
-127000	-1.30206657034302	-0.000261176646866806	-0.000259971638037138	-1.24659212286616	-0.000249788195001873	-0.000249007598865521
-126000	-1.30305624230749	-0.000260829239578316	-0.000259839567613848	-1.24751083641034	-0.000249316797773853	-0.000248398084229679
-125000	-1.3042751645529	-0.000260120832664419	-0.000258901910419007	-1.24826965269974	-0.000248199282923958	-0.00024744046663456
-124000	-1.30574260180874	-0.00026311783592872	-0.000261650398672875	-1.24944512227752	-0.000252304008133996	-0.000251128538556216
-123000	-1.30642291432547	-0.000261178359287205	-0.000260498046770482	-1.24998009311286	-0.000250371809279178	-0.000249836838443838
-122000	-1.30724840798416	-0.000262002140525499	-0.000261176646866806	-1.25072595922299	-0.000250534061112003	-0.000249788195001873
-121000	-1.30804045593193	-0.000261621287526088	-0.000260829239578316	-1.25153802108418	-0.00025012885963504	-0.000249316797773853
-120000	-1.30868132926633	-0.000260761705998822	-0.000260120832664419	-1.25233435008295	-0.000248995611922726	-0.000248199282923958
-119000	-1.31020993203832	-0.000264646438700701	-0.00026311783592872	-1.2532251832825	-0.000253194841333548	-0.000252304008133996
-118000	-1.31092979076363	-0.000261898218012522	-0.000261178359287205	-1.25382634986889	-0.000250972975865574	-0.000250371809279178
-117000	-1.31203248247445	-0.000263104832236314	-0.000262002140525499	-1.25482988173597	-0.000251537592979076	-0.000250534061112003
-116000	-1.31320399208006	-0.000262792797131696	-0.000261621287526088	-1.25601535827046	-0.00025131433616953	-0.00025012885963504
-115000	-1.31383988869267	-0.000261397602611441	-0.000260761705998822	-1.25701166586397	-0.000249991919516241	-0.000248995611922726
-114000	-1.31491528870338	-0.000265721838711403	-0.000264646438700701	-1.257842350297	-0.000254025525766576	-0.000253194841333548
-113000	-1.3156472949109	-0.000262630224220046	-0.000261898218012522	-1.25878749933109	-0.000251918124899663	-0.000250972975865574
-112000	-1.31684358109916	-0.000264301118424572	-0.000263104832236314	-1.26017584416974	-0.000252925937817734	-0.000251537592979076
-111000	-1.31811328731204	-0.000264062503344572	-0.000262792797131696	-1.26119880130572	-0.000252337293305506	-0.00025131433616953
-110000	-1.31923192593782	-0.000262516241237225	-0.000261397602611441	-1.26230930593461	-0.000251102424145127	-0.000249991919516241
-109000	-1.32002723818697	-0.000266517150960561	-0.000265721838711403	-1.26283063091989	-0.00025454685075186	-0.000254025525766576
-108000	-1.32116155616204	-0.000263764542195109	-0.000262630224220046	-1.26374506341307	-0.00025283255739284	-0.000251918124899663
-107000	-1.32239053887729	-0.00026553010113983	-0.000264301118424572	-1.26502691710815	-0.000254207791512816	-0.000252925937817734
-106000	-1.32369181784128	-0.000265363782308556	-0.000264062503344572	-1.26581174078236	-0.000253122116979718	-0.000252337293305506
-105000	-1.32505902499064	-0.000263883448386579	-0.000262516241237225	-1.26661192272703	-0.000251902606089795	-0.000251102424145127
-104000	-1.3259741531546	-0.000267432279124525	-0.000266517150960561	-1.2677735324022	-0.000255708460427035	-0.00025454685075186
-103000	-1.32720270776476	-0.000264993096805265	-0.000263764542195109	-1.26887536790282	-0.000253934392893455	-0.00025283255739284
-102000	-1.32827350564564	-0.000266600899020709	-0.00026553010113983	-1.26948959169476	-0.000254822015304757	-0.000254207791512816
-101000	-1.32904050944507	-0.000266130786107989	-0.000265363782308556	-1.27022769839996	-0.000253860223684914	-0.000253122116979718
-100000	-1.33015802429496	-0.000265000963236474	-0.000263883448386579	-1.27128543907529	-0.000252960346765131	-0.000251902606089795
-99000	-1.33147733718628	-0.00026875159201584	-0.000267432279124525	-1.27239321453417	-0.00025681623588591	-0.000255708460427035
-98000	-1.33232461069192	-0.000265840370310912	-0.000264993096805265	-1.273137796329	-0.000254678974688286	-0.000253934392893455
-97000	-1.33331144646011	-0.000267587734788891	-0.000266600899020709	-1.2735197731043	-0.000255203992080056	-0.000254822015304757
-96000	-1.33416417830577	-0.000266983517953658	-0.000266130786107989	-1.27404350618077	-0.000254383956761385	-0.000253860223684914
-95000	-1.33463819767753	-0.000265474982608231	-0.000265000963236474	-1.27453903783379	-0.000253455878418152	-0.000252960346765131
-94000	-1.33568973082892	-0.000269803125167228	-0.00026875159201584	-1.27568550329106	-0.00025796270134318	-0.00025681623588591
-93000	-1.3368100818751	-0.000266960721357093	-0.000265840370310912	-1.27661240434527	-0.000255605875742495	-0.000254678974688286
-92000	-1.33789393696152	-0.000268671589875314	-0.000267587734788891	-1.27755857012897	-0.000256150157863755	-0.000255203992080056
-91000	-1.33875020067427	-0.0002678397816664	-0.000266983517953658	-1.27870904907155	-0.000255534435703965	-0.000254383956761385
-90000	-1.33985230374057	-0.000266577085674534	-0.000265474982608231	-1.27950430780757	-0.000254251137154172	-0.000253455878418152
-89000	-1.34115203082357	-0.000271102852250227	-0.000269803125167228	-1.28033895221277	-0.000258797345748382	-0.00025796270134318
-88000	-1.34253299084925	-0.000268341681382779	-0.000266960721357093	-1.28145159736715	-0.00025671852089688	-0.000255605875742495
-87000	-1.34382913255204	-0.000269967731578102	-0.000268671589875314	-1.28252089688018	-0.000257219457376786	-0.000256150157863755
-86000	-1.34487055172045	-0.000268881200834805	-0.0002678397816664	-1.28310178198748	-0.000256115320811259	-0.000255534435703965
-85000	-1.3459810028362	-0.000267687536790281	-0.000266577085674534	-1.28393123561834	-0.000255080590785038	-0.000254251137154172
-84000	-1.34709525338471	-0.000272217102798738	-0.000271102852250227	-1.28495708246374	-0.000259823192593781	-0.000258797345748382
-83000	-1.34837111360839	-0.000269617541606464	-0.000268341681382779	-1.28586964199711	-0.000257631080430246	-0.00025671852089688
-82000	-1.34968566383047	-0.000271282281800182	-0.000269967731578102	-1.28693070048697	-0.000258280515866645	-0.000257219457376786
-81000	-1.35049670894205	-0.000269692245946379	-0.000268881200834805	-1.28785053780703	-0.000257035158131322	-0.000256115320811259
-80000	-1.35166425857548	-0.000268855086423717	-0.000267687536790281	-1.28867710172847	-0.00025590715470648	-0.000255080590785038
-79000	-1.35255701824798	-0.000273109862471237	-0.000272217102798738	-1.28925980628244	-0.000260405897147749	-0.000259823192593781
-78000	-1.35327655589447	-0.000270337079252956	-0.000269617541606464	-1.28983673141756	-0.000258208005565367	-0.000257631080430246
-77000	-1.3547673783914	-0.000272773104297104	-0.000271282281800182	-1.29088681971424	-0.000259330604163321	-0.000258280515866645
-76000	-1.3561266655964	-0.000271051533151389	-0.000269692245946379	-1.29184754107133	-0.000257995879488414	-0.000257035158131322
-75000	-1.35714191684058	-0.000269870337667897	-0.000268855086423717	-1.29303965323487	-0.000257099266870017	-0.00025590715470648
-74000	-1.35808192861347	-0.000274049874244127	-0.000273109862471237	-1.29363643174399	-0.000261002675656874	-0.000260405897147749
-73000	-1.35898854818858	-0.000271243698828062	-0.000270337079252956	-1.29424947824691	-0.000258821052068283	-0.000258208005565367
-72000	-1.35962337453845	-0.000273407930646974	-0.000272773104297104	-1.29459180178734	-0.000259672927703751	-0.000259330604163321
-71000	-1.36036335420346	-0.000271791512816395	-0.000271051533151389	-1.29522266816503	-0.00025862674586611	-0.000257995879488414
-70000	-1.36129924546476	-0.000270806228929203	-0.000269870337667897	-1.29599245464762	-0.000257869053352599	-0.000257099266870017
-69000	-1.36275164552898	-0.000275502274308343	-0.000274049874244127	-1.2971166586397	-0.000262126879648954	-0.000261002675656874
-68000	-1.36321935035051	-0.000271711403649596	-0.000271243698828062	-1.29742430566704	-0.000259128699095629	-0.000258821052068283
-67000	-1.36444533633007	-0.000274633916626532	-0.000273407930646974	-1.29834820998555	-0.000260596832022263	-0.000259672927703751
-66000	-1.3653875421416	-0.000272733718627923	-0.000271791512816395	-1.29876593353668	-0.000259044469417242	-0.00025862674586611
-65000	-1.36621651415422	-0.00027163520094183	-0.000270806228929203	-1.29901658907262	-0.000258119708888532	-0.000257869053352599
-64000	-1.36750602022797	-0.000276791780382084	-0.000275502274308343	-1.30006881789479	-0.000263179108471129	-0.000262126879648954
-63000	-1.36884181516562	-0.000273047198587253	-0.000271711403649596	-1.30094937657195	-0.000260009257772783	-0.000259128699095629
-62000	-1.36987793653342	-0.000275670037994328	-0.000274633916626532	-1.30195413924118	-0.000261601594691497	-0.000260596832022263
-61000	-1.37090485364157	-0.000273760635736073	-0.000272733718627923	-1.30244571092203	-0.00025953604109809	-0.000259044469417242
-60000	-1.3718846256756	-0.000272614972975865	-0.00027163520094183	-1.30290009097233	-0.000258574088938834	-0.000258119708888532
-59000	-1.37298116337561	-0.000277888318082089	-0.000276791780382084	-1.30359399582598	-0.000263873013324771	-0.000263179108471129
-58000	-1.37395745705571	-0.000274023492267352	-0.000273047198587253	-1.30428297747097	-0.000260698239417777	-0.000260009257772783
-57000	-1.37492262000321	-0.000276635200941832	-0.000275670037994328	-1.30531240969658	-0.000262631026917108	-0.000261601594691497
-56000	-1.3757226949216	-0.000274560710654466	-0.000273760635736073	-1.30577342537593	-0.00025999705677744	-0.00025953604109809
-55000	-1.37679242253973	-0.000273684700593995	-0.000272614972975865	-1.30661229731899	-0.000259412960881897	-0.000258574088938834
-54000	-1.3783407181463	-0.00027943661368866	-0.000277888318082089	-1.30803521164446	-0.000265295927650238	-0.000263873013324771
-53000	-1.37951645528977	-0.00027519922941082	-0.000274023492267352	-1.3089647348424	-0.000261627762615722	-0.000260698239417777
-52000	-1.38062492641944	-0.000277743672071493	-0.000276635200941832	-1.30996623321025	-0.000263632525284957	-0.000262631026917108
-51000	-1.38129603467651	-0.000275231818911542	-0.000274560710654466	-1.31048397281533	-0.000260514796382511	-0.00025999705677744
-50000	-1.38256269064055	-0.000274951356558034	-0.000273684700593995	-1.31180724567881	-0.000260736233745383	-0.000259412960881897
-49000	-1.38363166907476	-0.000280505592122866	-0.00027943661368866	-1.31255985444427	-0.00026604853641569	-0.000265295927650238
-48000	-1.3847936533419	-0.000276361213677958	-0.00027519922941082	-1.31342831915235	-0.000262496227323807	-0.000261627762615722
-47000	-1.38618542302135	-0.00027913544175095	-0.000277743672071493	-1.31423096270134	-0.00026443516883395	-0.000263632525284957
-46000	-1.38714700058864	-0.000276193396478836	-0.000275231818911542	-1.31507946700915	-0.000261363300690319	-0.000260514796382511
-45000	-1.38837089955584	-0.000276175255525231	-0.000274951356558034	-1.31608835018997	-0.000261745116926205	-0.000260736233745383
-44000	-1.3893070048697	-0.00028144169743672	-0.000280505592122866	-1.31695253384706	-0.000266912720072778	-0.00026604853641569
-43000	-1.3905357735324	-0.000277589982340665	-0.000276361213677958	-1.31816177021459	-0.000263705463691337	-0.000262496227323807
-42000	-1.3914103922513	-0.000280010060469846	-0.00027913544175095	-1.31854310483224	-0.000264816503451598	-0.00026443516883395
-41000	-1.39256820249371	-0.00027735120672125	-0.000276193396478836	-1.31935607641676	-0.000262176272274843	-0.000261363300690319
-40000	-1.39345288168245	-0.000277059934713972	-0.000276175255525231	-1.31979905816878	-0.000262188098678225	-0.000261745116926205
-39000	-1.39410804302456	-0.00028209685877883	-0.00028144169743672	-1.32024958527318	-0.000267363247177182	-0.000266912720072778
-38000	-1.39525814737518	-0.000278740086691283	-0.000277589982340665	-1.32072076844865	-0.000264176646866806	-0.000263705463691337
-37000	-1.39620581152673	-0.000280957724621394	-0.000280010060469846	-1.32105661689945	-0.000265152351902392	-0.000264816503451598
-36000	-1.39750623428052	-0.000278651629475036	-0.00027735120672125	-1.32195820623963	-0.000263077861615026	-0.000262176272274843
-35000	-1.39831198159148	-0.000277865682024936	-0.000277059934713972	-1.32236902659603	-0.000262598919034623	-0.000262188098678225
-34000	-1.39917209825012	-0.00028295697543747	-0.00028209685877883	-1.3226981323915	-0.000267692352972655	-0.000267363247177182
-33000	-1.3997532509231	-0.000279321239364264	-0.000278740086691283	-1.3232963022422	-0.000264774816717504	-0.000264176646866806
-32000	-1.40049274896987	-0.000281697222668165	-0.000280957724621394	-1.32339508749398	-0.000265251137154171	-0.000265152351902392
-31000	-1.40134435703965	-0.000279503237544819	-0.000278651629475036	-1.32405774067534	-0.000263740514796382	-0.000263077861615026
-30000	-1.4018006635629	-0.000278321988548188	-0.000277865682024936	-1.32441071333012	-0.00026295189168941	-0.000262598919034623
-29000	-1.40270519612565	-0.000283861508000214	-0.00028295697543747	-1.32483496548403	-0.000268116605126559	-0.000267692352972655
-28000	-1.40348857494515	-0.000280104618183764	-0.000279321239364264	-1.32476416760315	-0.000264704018836624	-0.000264774816717504
-27000	-1.40439080644298	-0.000282599454165998	-0.000281697222668165	-1.32530379408145	-0.000265790763632471	-0.000265251137154171
-26000	-1.40550644833307	-0.000280618879434902	-0.000279503237544819	-1.32578862310697	-0.000264225343821908	-0.000263740514796382
-25000	-1.40627056242307	-0.000279086102638197	-0.000278321988548188	-1.32606598169851	-0.000263229250280945	-0.00026295189168941
-24000	-1.40732487825761	-0.000284915823834752	-0.000283861508000214	-1.32607786161503	-0.000268128485043078	-0.000268116605126559
-23000	-1.4077639535506	-0.000280543693476748	-0.000280104618183764	-1.32623213999037	-0.000264858297211966	-0.000264704018836624
-22000	-1.40864349547814	-0.000283478996093541	-0.000282599454165998	-1.32670471450741	-0.000266263338149516	-0.000265790763632471
-21000	-1.40992010488575	-0.00028189548884251	-0.000280618879434902	-1.32711371541713	-0.000264634344731631	-0.000264225343821908
-20000	-1.41096484186868	-0.000280130839621127	-0.000279086102638197	-1.32748258147375	-0.00026359811633756	-0.000263229250280945
-19000	-1.41195360410981	-0.000285904586075882	-0.000284915823834752	-1.32774035425697	-0.000268386257826297	-0.000268128485043078
-18000	-1.41318660031038	-0.000281776689677315	-0.000280543693476748	-1.32772253438219	-0.000264840477337186	-0.000264858297211966
-17000	-1.4145671857441	-0.000284859581527265	-0.000283478996093541	-1.32819853374003	-0.000266739337507358	-0.000266263338149516
-16000	-1.41617632578798	-0.000283504628886392	-0.00028189548884251	-1.32848177877669	-0.000264917589768289	-0.000264634344731631
-15000	-1.41786247123669	-0.000281816985069835	-0.000280130839621127	-1.3289961470541	-0.000264112484614973	-0.00026359811633756
-14000	-1.41976850216728	-0.000287810617006476	-0.000285904586075882	-1.32928121153743	-0.000268671322309626	-0.000268386257826297
-13000	-1.42143206507198	-0.000283440252582009	-0.000281776689677315	-1.32981944667416	-0.000265378712473912	-0.000264840477337186
-12000	-1.42330844972441	-0.000286735966179697	-0.000284859581527265	-1.33050366564992	-0.000267423556483117	-0.000266739337507358
-11000	-1.42530711189597	-0.000285503291057955	-0.000283504628886392	-1.33115861293948	-0.000265572537057849	-0.000264917589768289
-10000	-1.42621630010167	-0.000282726173275539	-0.000281816985069835	-1.33073147107615	-0.000263685342751645	-0.000264112484614973
-9000	-1.42776550543158	-0.000289359822336383	-0.000287810617006476	-1.33071557767432	-0.000268655428907798	-0.000268671322309626
-8000	-1.42964028468989	-0.000285315031840317	-0.000283440252582009	-1.33092106812222	-0.000265584202921818	-0.000265378712473912
-7000	-1.43173842778402	-0.000288834109273828	-0.000286735966179697	-1.33134986889281	-0.000267852357253706	-0.000267423556483117
-6000	-1.43354235564831	-0.000287307218922245	-0.000285503291057955	-1.33215524161182	-0.000266377909776851	-0.000265572537057849
-5000	-1.43496114946219	-0.00028414496708942	-0.000282726173275539	-1.33239765612458	-0.000263927757264409	-0.000263685342751645
-4000	-1.43648873548456	-0.000290887408358751	-0.000289359822336383	-1.33344710226361	-0.000269704875046825	-0.000268655428907798
-3000	-1.43771370471451	-0.000286540001070264	-0.000285315031840317	-1.33437437790978	-0.000266511478567988	-0.000265584202921818
-2000	-1.43828212126077	-0.000289402525820089	-0.000288834109273828	-1.33484909295232	-0.000268327072296248	-0.000267852357253706
-1000	-1.43836394284797	-0.000287389040509445	-0.000287307218922245	-1.33489484668486	-0.000266423663509392	-0.000266377909776851
0	-1.43811949483598	-0.000283900519077434	-0.00028414496708942	-1.33479445603896	-0.000263827366618505	-0.000263927757264409
1000	-1.43777074971906	-0.000290538663241826	-0.000290887408358751	-1.33497276181303	-0.000269883180820892	-0.000269704875046825
2000	-1.43689227805426	-0.000285661529405468	-0.000286540001070264	-1.33451452881682	-0.000266053245571788	-0.000266511478567988
3000	-1.43567779739926	-0.000288188045165088	-0.000289402525820089	-1.33409653770001	-0.00026790908117943	-0.000268327072296248
4000	-1.43388264568952	-0.0002855938887997	-0.000287389040509445	-1.33337025739819	-0.000265697383207578	-0.000266423663509392
5000	-1.43199325734468	-0.000282011130732595	-0.000283900519077434	-1.33262979611495	-0.000263086905335259	-0.000263827366618505
6000	-1.43059308610264	-0.000289138491999787	-0.000290538663241826	-1.33248295606571	-0.000269736340771659	-0.000269883180820892
7000	-1.42916267993792	-0.000284231123240757	-0.000285661529405468	-1.33247840744903	-0.000266048696955103	-0.000266053245571788
8000	-1.42723513672607	-0.00028626050195323	-0.000288188045165088	-1.33238909402258	-0.000267819767752983	-0.00026790908117943
9000	-1.4252501739177	-0.000283608925991331	-0.0002855938887997	-1.33203424840798	-0.00026534253759298	-0.000265697383207578
10000	-1.42393027238187	-0.000280691229196768	-0.000282011130732595	-1.33215673997966	-0.000263209396906941	-0.000263086905335259
11000	-1.42260346765131	-0.000287811687269225	-0.000289138491999787	-1.33206919248676	-0.000269648793278749	-0.000269736340771659
12000	-1.42064863273934	-0.000282276288328784	-0.000284231123240757	-1.3315133515278	-0.000265492855996147	-0.000266048696955103
13000	-1.41883983517954	-0.000284451704393429	-0.00028626050195323	-1.33126970621288	-0.000267576122438058	-0.000267819767752983
14000	-1.41672103601434	-0.000281490126826136	-0.000283608925991331	-1.33047562476588	-0.000264548456145984	-0.00026534253759298
15000	-1.41573992615187	-0.000279710119334296	-0.000280691229196768	-1.33025654198106	-0.000262990314122117	-0.000263209396906941
16000	-1.41438101353882	-0.000286452774656179	-0.000287811687269225	-1.32988473270188	-0.000269276983999572	-0.000269648793278749
17000	-1.41302857601541	-0.000280923850805373	-0.000282276288328784	-1.32953159950768	-0.000265139722801947	-0.000265492855996147
18000	-1.41200802697062	-0.000283431155348639	-0.000284451704393429	-1.32904532562744	-0.000267089848557821	-0.000267576122438058
19000	-1.4109767217852	-0.000280458821640712	-0.000281490126826136	-1.32865039867287	-0.000264153529191416	-0.000264548456145984
20000	-1.41049397977203	-0.000279227377321132	-0.000279710119334296	-1.32855717878739	-0.000262897094236635	-0.000262990314122117
21000	-1.40909648418687	-0.000285055279071011	-0.000286452774656179	-1.32837571573821	-0.000269095520950393	-0.000269276983999572
22000	-1.40828078343233	-0.000280108150050836	-0.000280923850805373	-1.32791031198159	-0.000264674319045326	-0.000265139722801947
23000	-1.40775651522449	-0.000282906887140793	-0.000283431155348639	-1.32786664526141	-0.000267046181837642	-0.000267089848557821
24000	-1.40685942098785	-0.000279561727404078	-0.000280458821640712	-1.32751083641034	-0.000263797720340344	-0.000264153529191416
25000	-1.40614448547118	-0.000278512441804463	-0.000279227377321132	-1.32740819821266	-0.000262794456038957	-0.000262897094236635
26000	-1.40530759351421	-0.000284218387114036	-0.000285055279071011	-1.32725547171831	-0.000268942794456039	-0.000269095520950393
27000	-1.40468625247498	-0.000279486809011613	-0.000280108150050836	-1.32683282495853	-0.000264251672285546	-0.000264674319045326
28000	-1.40396072135709	-0.000282181356022903	-0.000282906887140793	-1.32631026917108	-0.000266523626050195	-0.000267046181837642
29000	-1.40308278482367	-0.000278683790870659	-0.000279561727404078	-1.32566029860331	-0.000263147749772569	-0.000263797720340344
30000	-1.40259715310109	-0.000278026810081875	-0.000278512441804463	-1.32552416118157	-0.00026265831861722	-0.000262794456038957
31000	-1.4020361213678	-0.000283657355380745	-0.000284218387114036	-1.32498046770482	-0.000268399100979289	-0.000268942794456039
32000	-1.40135115320811	-0.000278801840851929	-0.000279486809011613	-1.32443094129609	-0.000263702145876812	-0.000264251672285546
33000	-1.40040873334404	-0.000281238936158827	-0.000282181356022903	-1.32395360410981	-0.000266046288863915	-0.000266523626050195
34000	-1.40008043024563	-0.000278355487772249	-0.000278683790870659	-1.32356199496977	-0.000262756140632525	-0.000263147749772569
35000	-1.39927719805212	-0.000277223577888371	-0.000278026810081875	-1.32331717236582	-0.000262413496013271	-0.00026265831861722
36000	-1.39871027987371	-0.000283090437202333	-0.000283657355380745	-1.32311050462889	-0.00026819243324236	-0.000268399100979289
37000	-1.39769989832504	-0.000277791459303259	-0.000278801840851929	-1.32245186493284	-0.000263043506180767	-0.000263702145876812
38000	-1.39654957992187	-0.000280088617755659	-0.000281238936158827	-1.32184331353347	-0.000265437737464547	-0.000266046288863915
39000	-1.39583710600953	-0.000277643013859903	-0.000278355487772249	-1.32160571520308	-0.000262518542302134	-0.000262756140632525
40000	-1.39466126183978	-0.000276047733718628	-0.000277223577888371	-1.32097174506341	-0.000261779525873602	-0.000262413496013271
41000	-1.39356215550918	-0.00028199133087173	-0.000283090437202333	-1.32040236528068	-0.000267623053459624	-0.00026819243324236
42000	-1.39203109113287	-0.000276260394926954	-0.000277791459303259	-1.31970653395409	-0.000262347674854177	-0.000263043506180767
43000	-1.39154053620164	-0.000279598062824424	-0.000280088617755659	-1.3192601808744	-0.000264991384384867	-0.000265437737464547
44000	-1.39080638946861	-0.000276908867126879	-0.000277643013859903	-1.31883041686734	-0.000262088778295071	-0.000262518542302134
45000	-1.38994504200781	-0.000275186386257826	-0.000276047733718628	-1.318328142559	-0.000261277251565259	-0.000261779525873602
46000	-1.38836699309681	-0.000280413281960721	-0.00028199133087173	-1.3173971209932	-0.00026669203189383	-0.000267623053459624
47000	-1.38730978755284	-0.000275203189382994	-0.000276260394926954	-1.31686225718414	-0.000261812811045111	-0.000262347674854177
48000	-1.3861516562316	-0.000278439931503184	-0.000279598062824424	-1.3162251832825	-0.000264354310483223	-0.000264991384384867
49000	-1.38495237330765	-0.000275709584202922	-0.000276908867126879	-1.31579354631562	-0.000261657141328196	-0.000262088778295071
50000	-1.38395028629529	-0.000274184299245466	-0.000275186386257826	-1.31530727243538	-0.000260790977685022	-0.000261277251565259
51000	-1.38260266495425	-0.000279065660619682	-0.000280413281960721	-1.31405752662279	-0.000265442286081233	-0.00026669203189383
52000	-1.38133376143843	-0.000273934285867181	-0.000275203189382994	-1.3137231230267	-0.000261478407449029	-0.000261812811045111
53000	-1.38012639803072	-0.000277232568095468	-0.000278439931503184	-1.31269492160325	-0.000263326109059774	-0.000264354310483223
54000	-1.37911644458715	-0.000274699630759352	-0.000275709584202922	-1.31201080965377	-0.000260973029378712	-0.000261657141328196
55000	-1.37818932948039	-0.000273257184138706	-0.000274184299245466	-1.31158291860652	-0.000260363086637769	-0.000260790977685022
56000	-1.37672306951357	-0.000277599400652861	-0.000279065660619682	-1.31019666078022	-0.000264056028254936	-0.000265442286081233
57000	-1.3756791352277	-0.000272890351581314	-0.000273934285867181	-1.3092356183443	-0.00026051736501311	-0.000261478407449029
58000	-1.37403788730133	-0.000275591320169102	-0.000277232568095468	-1.30817017177717	-0.000262260662492642	-0.000263326109059774
59000	-1.37294948359822	-0.000273611227056242	-0.000274699630759352	-1.30780703162626	-0.000260609889227805	-0.000260973029378712
60000	-1.37175779953979	-0.00027206550008027	-0.000273257184138706	-1.3066925670252	-0.000259248622036709	-0.000260363086637769
61000	-1.37062690640552	-0.000276468507518595	-0.000277599400652861	-1.30592144271419	-0.000263284903943918	-0.000264056028254936
62000	-1.36996676834163	-0.000272230213517419	-0.000272890351581314	-1.30547193235939	-0.000260067854658318	-0.00026051736501311
63000	-1.36869631294483	-0.000274320864772302	-0.000275591320169102	-1.30443805854337	-0.00026122678867662	-0.000262260662492642
64000	-1.36828640231177	-0.000273201316423182	-0.000273611227056242	-1.30377048215337	-0.000259942312837802	-0.000260609889227805
65000	-1.36723353133194	-0.000271012629100444	-0.00027206550008027	-1.30277743886124	-0.000258255578744582	-0.000259248622036709
66000	-1.36585909990903	-0.000275094076095682	-0.000276468507518595	-1.3018690533526	-0.000262376518435275	-0.000263284903943918
67000	-1.36518654679724	-0.000271557660405629	-0.000272230213517419	-1.30095842029218	-0.000259157221597903	-0.000260067854658318
68000	-1.36420420613261	-0.000273338524107668	-0.000274320864772302	-1.30018922245411	-0.000260457590838551	-0.00026122678867662
69000	-1.36302852250227	-0.000272025632792851	-0.000273201316423182	-1.2990982501204	-0.000258851340504094	-0.000259942312837802
70000	-1.36178931877776	-0.000269773425375931	-0.000271012629100444	-1.29809412960882	-0.000257251458232996	-0.000258255578744582
71000	-1.36062385615669	-0.000273928613474609	-0.000275094076095682	-1.29738267244609	-0.000261665061272542	-0.000262376518435275
72000	-1.35922582544015	-0.000270159629689089	-0.000271557660405629	-1.29673093594477	-0.000258505485096591	-0.000259157221597903
73000	-1.35811029057634	-0.000272222989243859	-0.000273338524107668	-1.29577802750575	-0.000259504682399529	-0.000260457590838551
74000	-1.35703167977739	-0.0002709470219939	-0.000272025632792851	-1.29469995183818	-0.000257773264836517	-0.000258851340504094
75000	-1.35571247391235	-0.00026845421951089	-0.000269773425375931	-1.29390645903569	-0.000256457965430514	-0.000257251458232996
76000	-1.3548617755659	-0.000273077915128164	-0.000273928613474609	-1.29303489056563	-0.000260793492802483	-0.000261665061272542
77000	-1.35372858136673	-0.000269026435489913	-0.000270159629689089	-1.29184395569112	-0.00025731455022208	-0.000258505485096591
78000	-1.35295777813453	-0.000271452186011666	-0.000272222989243859	-1.29082881147322	-0.000258489538181624	-0.000259504682399529
79000	-1.35149943811206	-0.000269488681971424	-0.0002709470219939	-1.28985776208059	-0.000256802215443893	-0.000257773264836517
80000	-1.35024294964414	-0.000267197731042972	-0.00026845421951089	-1.28867046609943	-0.00025527066944935	-0.000256457965430514
81000	-1.34951468935624	-0.000272349654840264	-0.000273077915128164	-1.28789629153957	-0.000260019318242629	-0.000260793492802483
82000	-1.3488350725103	-0.000268346818643977	-0.000269026435489913	-1.28721260769519	-0.000256630866377696	-0.00025731455022208
83000	-1.34773778562637	-0.000270354899127736	-0.000271452186011666	-1.28649039439182	-0.000257767324878258	-0.000258489538181624
84000	-1.34668571734361	-0.000268436613688661	-0.000269488681971424	-1.285680419543	-0.000255992240595067	-0.000256802215443893
85000	-1.34576170599882	-0.000266273719698187	-0.000267197731042972	-1.28491025846845	-0.000254500508374807	-0.00025527066944935
86000	-1.34446048054797	-0.000271048429389415	-0.000272349654840264	-1.28368277412105	-0.000258791833895222	-0.000260019318242629
87000	-1.34399288275272	-0.000267879220848718	-0.000268346818643977	-1.28314191684058	-0.000256090009097234	-0.000256630866377696
88000	-1.3429831433617	-0.000269345159736714	-0.000270354899127736	-1.28220415261947	-0.000256829560657141	-0.000257767324878258
89000	-1.3423712741478	-0.000267824744474769	-0.000268436613688661	-1.28156986140097	-0.000255357949376572	-0.000255992240595067
90000	-1.34123642104137	-0.000265138866591748	-0.000266273719698187	-1.2804319580457	-0.000253362605019532	-0.000254500508374807
91000	-1.33968074062182	-0.000269492748969873	-0.000271048429389415	-1.27907400866913	-0.000257433884518649	-0.000258791833895222
92000	-1.33885711992294	-0.000267055600149837	-0.000267879220848718	-1.27849274896987	-0.000255508749397977	-0.000256090009097234
93000	-1.33737448493605	-0.000267862524749826	-0.000269345159736714	-1.27738063894686	-0.00025571745063413	-0.000256829560657141
94000	-1.33643516883395	-0.000266885428372665	-0.000267824744474769	-1.27660293251993	-0.000254580242949644	-0.000255357949376572
95000	-1.33504018836624	-0.000263743886124043	-0.000265138866591748	-1.27556986140097	-0.000252329533900572	-0.000253362605019532
96000	-1.33413372933055	-0.000268586289934178	-0.000269492748969873	-1.27489827152566	-0.000256762294643335	-0.000257433884518649
97000	-1.33311371541713	-0.000266035586236421	-0.000267055600149837	-1.27397661475892	-0.00025458709263124	-0.000255508749397977
98000	-1.33174426071601	-0.000266493070048697	-0.000267862524749826	-1.27297918338952	-0.00025472001926473	-0.00025571745063413
99000	-1.33050618076738	-0.000265647348424038	-0.000266885428372665	-1.27168277412105	-0.000253283833681168	-0.000254580242949644
100000	-1.32921608604913	-0.00026245379140579	-0.000263743886124043	-1.27056258361428	-0.000251209343393803	-0.000252329533900572
101000	-1.32824209343394	-0.000267612297318992	-0.000268586289934178	-1.2695306362712	-0.000255730347300262	-0.000256762294643335
102000	-1.32675469577781	-0.000264548188580297	-0.000266035586236421	-1.26842601808744	-0.000253482474447477	-0.00025458709263124
103000	-1.3254956386793	-0.00026523401295018	-0.000266493070048697	-1.26720324289613	-0.000253497244073419	-0.00025472001926473
104000	-1.32430684433028	-0.000264458554075025	-0.000265647348424038	-1.26615545566437	-0.000252236046449403	-0.000253283833681168
105000	-1.32302932519934	-0.000261176272274844	-0.00026245379140579	-1.26539679991438	-0.000250450687643817	-0.000251209343393803
106000	-1.32207293840638	-0.000266655910526034	-0.000267612297318992	-1.2645112110023	-0.000254844758388184	-0.000255730347300262
107000	-1.32069336972227	-0.000263168619896185	-0.000264548188580297	-1.26329903141221	-0.000252270294857388	-0.000253482474447477
108000	-1.31966383047038	-0.000264204473698293	-0.00026523401295018	-1.26231476427463	-0.000252512976935838	-0.000253497244073419
109000	-1.31830042275379	-0.000263095146358431	-0.000264458554075025	-1.26119901535827	-0.000251120297533045	-0.000252236046449403
110000	-1.3173776957243	-0.000260253545245358	-0.000261176272274844	-1.26013833146037	-0.00024939000374592	-0.000250450687643817
111000	-1.31609873173864	-0.000265376946540376	-0.000266655910526034	-1.25910365494729	-0.0002538100818751	-0.000254844758388184
112000	-1.31512035104618	-0.000262190239203724	-0.000263168619896185	-1.2581847808637	-0.000251351420773799	-0.000252270294857388
113000	-1.31410654465671	-0.000263190667308824	-0.000264204473698293	-1.25761390271312	-0.000251942098785252	-0.000252512976935838
114000	-1.31271547064804	-0.000261704072349762	-0.000263095146358431	-1.2567923690266	-0.000250298763846524	-0.000251120297533045
115000	-1.31173965858618	-0.000259277733183497	-0.000260253545245358	-1.25608974153155	-0.000248687376250869	-0.00024939000374592
116000	-1.31035666506127	-0.000263993953015465	-0.000265376946540376	-1.25534762134104	-0.000253067961684594	-0.0002538100818751
117000	-1.30926729812169	-0.00026110087226414	-0.000262190239203724	-1.25420463423771	-0.000250208433670466	-0.000251351420773799
118000	-1.30820939690694	-0.000262132766094076	-0.000263190667308824	-1.25334077165944	-0.000251078236206989	-0.000251942098785252
119000	-1.30693573072189	-0.000260430406164714	-0.000261704072349762	-1.25240621822657	-0.000249364210413656	-0.000250298763846524
120000	-1.30630962701343	-0.000258651629475036	-0.000259277733183497	-1.25171231337293	-0.000247993471397228	-0.000248687376250869
121000	-1.30513501364585	-0.000262819339647884	-0.000263993953015465	-1.2509728688393	-0.000252328517150961	-0.000253067961684594
122000	-1.30394557713919	-0.000259911435757478	-0.00026110087226414	-1.24976234815647	-0.000248997912987638	-0.000250208433670466
123000	-1.3031873494943	-0.00026137453844919	-0.000262132766094076	-1.2488566383047	-0.000250172526355221	-0.000251078236206989
124000	-1.30186022368491	-0.000259103280355327	-0.000260430406164714	-1.24756574088939	-0.000248073312998341	-0.000249364210413656
125000	-1.30123524375234	-0.000258026649542462	-0.000258651629475036	-1.2468553539894	-0.000247283084497244	-0.000247993471397228
126000	-1.30038063894686	-0.000261964734842404	-0.000262819339647884	-1.24613330122545	-0.000251606464387007	-0.000252328517150961
127000	-1.2990779686413	-0.000258608765451919	-0.000259911435757478	-1.24499090276663	-0.000247855514528817	-0.000248997912987638
128000	-1.29853513137475	-0.00026083170118264	-0.00026137453844919	-1.24441049927757	-0.000249592122866164	-0.000250172526355221
129000	-1.29763857226949	-0.000258206721250067	-0.000259103280355327	-1.24382693851341	-0.000247489752234173	-0.000248073312998341
130000	-1.29664617113501	-0.000257034248407984	-0.000258026649542462	-1.24310328035533	-0.000246559426339167	-0.000247283084497244
131000	-1.29593251993364	-0.000261251083641034	-0.000261964734842404	-1.24243870070102	-0.000250941884732701	-0.000251606464387007
132000	-1.29483817627227	-0.00025751442179055	-0.000258608765451919	-1.24172333707925	-0.000247140150907048	-0.000247855514528817
133000	-1.29344110879221	-0.000259434633702574	-0.00026083170118264	-1.24058950072243	-0.000248458286509338	-0.000249592122866164
134000	-1.29241360303955	-0.000257179215497405	-0.000258206721250067	-1.23977540536202	-0.000246675656873762	-0.000247489752234173
135000	-1.29149226735163	-0.000256112912720072	-0.000257034248407984	-1.23887750842832	-0.000245661529405469	-0.000246559426339167
136000	-1.29017991116819	-0.000259938727457591	-0.000261251083641034	-1.23773173864184	-0.00024979611494622	-0.000250941884732701
137000	-1.28911398298282	-0.000256448493605181	-0.00025751442179055	-1.23683234334029	-0.000246240755605501	-0.000247140150907048
138000	-1.28754016160968	-0.000257860812329427	-0.000259434633702574	-1.23595654733237	-0.000247582490501418	-0.000248458286509338
139000	-1.28670846042703	-0.000256347514314764	-0.000257179215497405	-1.23543072724354	-0.000246149836784931	-0.000246675656873762
140000	-1.28566875367903	-0.000255073205972066	-0.000256112912720072	-1.23448611334083	-0.000244716915502756	-0.000245661529405469
141000	-1.2843695617274	-0.000258639535505966	-0.000259938727457591	-1.23338904050944	-0.000248699042114839	-0.00024979611494622
142000	-1.28318847327019	-0.000255267405147964	-0.000256448493605181	-1.23261609675175	-0.000245467811847809	-0.000246240755605501
143000	-1.2823996896238	-0.000257072028683041	-0.000257860812329427	-1.2319664472628	-0.000246932841012469	-0.000247582490501418
144000	-1.28166998448119	-0.000255617809172152	-0.000256347514314764	-1.23129774709691	-0.00024548113661904	-0.000246149836784931
145000	-1.2810237063199	-0.000254426927810777	-0.000255073205972066	-1.23059372826029	-0.000244012896666131	-0.000244716915502756
146000	-1.27975876277626	-0.000257374591962327	-0.000258639535505966	-1.22910237063199	-0.000247207684486542	-0.000248699042114839
147000	-1.27925012040456	-0.000254758762776262	-0.000255267405147964	-1.2282540268636	-0.000244619468079413	-0.000245467811847809
148000	-1.27826119762402	-0.000256083105902499	-0.000257072028683041	-1.22735388237812	-0.000246032696526997	-0.000246932841012469
149000	-1.27729656980789	-0.000254653181356023	-0.000255617809172152	-1.22636972226682	-0.000244496976507733	-0.00024548113661904
150000	-1.27668962380264	-0.000253819981805533	-0.000254426927810777	-1.22599149141114	-0.000243634665810456	-0.000244012896666131
151000	-1.27577925830791	-0.000256464226467597	-0.000257374591962327	-1.22525509712634	-0.000246471290201744	-0.000247207684486542
152000	-1.27457558730668	-0.000253555091775031	-0.000254758762776262	-1.22439974313694	-0.000243764114090009	-0.000244619468079413
153000	-1.27403494407877	-0.000255542462674585	-0.000256083105902499	-1.22359281853695	-0.000245225771927008	-0.000246032696526997
154000	-1.27322908974153	-0.000253847327018784	-0.000254653181356023	-1.22276871621983	-0.000243672874190614	-0.000244496976507733
155000	-1.27220276127789	-0.000252793653341895	-0.000253819981805533	-1.22195590517472	-0.000242821854765345	-0.000243634665810456
156000	-1.27113415743565	-0.000255395622625355	-0.000256464226467597	-1.22125755873067	-0.000245772943757692	-0.000246471290201744
157000	-1.27018585112645	-0.000252606785465833	-0.000253555091775031	-1.22049515706106	-0.000243001712420399	-0.000243764114090009
158000	-1.26895253384706	-0.000254309145395194	-0.000255542462674585	-1.21955632257719	-0.000244286937443143	-0.000245225771927008
159000	-1.26787997003264	-0.000252774763204366	-0.000253847327018784	-1.21835136726066	-0.000242467918874083	-0.000243672874190614
160000	-1.26692829239578	-0.000251841975705036	-0.000252793653341895	-1.21770364424466	-0.000242174131749344	-0.000242821854765345
161000	-1.26590554931236	-0.000254372879541928	-0.000255395622625355	-1.21714084657783	-0.000245210146090865	-0.000245772943757692
162000	-1.26479295767111	-0.000251494193824583	-0.000252606785465833	-1.21614823139081	-0.00024200909723337	-0.000243001712420399
163000	-1.26405966714828	-0.000253575854872371	-0.000254309145395194	-1.21562374913041	-0.000243762455182748	-0.000244286937443143
164000	-1.26272258789533	-0.00025143768395141	-0.000252774763204366	-1.21487750842832	-0.000241721678171991	-0.000242467918874083
165000	-1.26177850912399	-0.000250897896933697	-0.000251841975705036	-1.21393032589501	-0.000241226949216033	-0.000242174131749344
166000	-1.26100074918392	-0.000253595119601862	-0.000254372879541928	-1.21338031786804	-0.000244660138063895	-0.000245210146090865
167000	-1.26012832450367	-0.000250621769144324	-0.000251494193824583	-1.21244185797613	-0.000241070637341467	-0.00024200909723337
168000	-1.25902263605715	-0.000252470166425857	-0.000253575854872371	-1.2116934232354	-0.000243014020442018	-0.000243762455182748
169000	-1.25788055867716	-0.000250295606571413	-0.00025143768395141	-1.21056563386311	-0.0002405938887997	-0.000241721678171991
170000	-1.25708369454701	-0.000250101032803553	-0.000250897896933697	-1.20969026596029	-0.000240351581313212	-0.000241226949216033
171000	-1.25638096002569	-0.000252892385080538	-0.000253595119601862	-1.20890549579922	-0.000243875367902819	-0.000244660138063895
172000	-1.25535018997164	-0.000249590999090276	-0.000250621769144324	-1.20783261090598	-0.000239997752448226	-0.000241070637341467
173000	-1.25447198587253	-0.000251591962326751	-0.000252470166425857	-1.20660464494033	-0.000241786054476374	-0.000243014020442018
174000	-1.25388221758442	-0.000249705838283298	-0.000250295606571413	-1.20593712206347	-0.000239926365922835	-0.0002405938887997
175000	-1.25329041579708	-0.000249509231016215	-0.000250101032803553	-1.20551864932841	-0.000239933108578155	-0.000240351581313212
176000	-1.25229619521593	-0.000251898164499384	-0.000252892385080538	-1.20457665756943	-0.000242933376143844	-0.000243875367902819
177000	-1.25087151495692	-0.000248166318831273	-0.000249590999090276	-1.20379472360464	-0.000239215818483437	-0.000239997752448226
178000	-1.25017199122385	-0.000250892438593674	-0.000251591962326751	-1.20290603093059	-0.000240897361802323	-0.000241786054476374
179000	-1.24918900840156	-0.000248722855461016	-0.000249705838283298	-1.20181238294001	-0.000238832717932252	-0.000239926365922835
180000	-1.24820768448654	-0.000248527907101193	-0.000249509231016215	-1.20118328249585	-0.000239304008133996	-0.000239933108578155
181000	-1.24728420827313	-0.000250974688285974	-0.000251898164499384	-1.20032022261465	-0.000242070316262642	-0.000242933376143844
182000	-1.24635918017873	-0.000247241290736876	-0.000248166318831273	-1.19960806978113	-0.000238503665649917	-0.000239215818483437
183000	-1.24538930807513	-0.000249922566490074	-0.000250892438593674	-1.19840862631776	-0.000239697918338952	-0.000240897361802323
184000	-1.24462460534061	-0.000247958152726494	-0.000248722855461016	-1.19777176646867	-0.000238195858083159	-0.000238832717932252
185000	-1.24380467704822	-0.000247707978808797	-0.000248527907101193	-1.19731144646011	-0.000238843688125435	-0.000239304008133996
186000	-1.24292476052871	-0.000250094771766469	-0.000250974688285974	-1.19652699737786	-0.000241285867180392	-0.000242070316262642
187000	-1.24214202386686	-0.000246458554075026	-0.000247241290736876	-1.19590603093059	-0.000237882699202655	-0.000238503665649917
188000	-1.24099004655643	-0.000248770589179644	-0.000249922566490074	-1.19532305881094	-0.000239114946219297	-0.000239697918338952
189000	-1.23993835286563	-0.000246906459035694	-0.000247958152726494	-1.19455744635308	-0.000237430245625301	-0.000238195858083159
190000	-1.23901220099534	-0.000246781826938513	-0.000247707978808797	-1.1936680044951	-0.000237954246267458	-0.000238843688125435
191000	-1.23815513458554	-0.000249237705356665	-0.000250094771766469	-1.19305196125649	-0.000240669823941777	-0.000241285867180392
192000	-1.23759410285225	-0.000245897522341735	-0.000246458554075026	-1.19261796971156	-0.00023744870765773	-0.000237882699202655
193000	-1.23623765184353	-0.00024741413817092	-0.000248770589179644	-1.19150591320169	-0.000238002889709423	-0.000239114946219297
194000	-1.2351950553861	-0.000245863862578264	-0.000246906459035694	-1.19071910954139	-0.000236643441965002	-0.000237430245625301
195000	-1.234433242361	-0.000246020013913416	-0.000246781826938513	-1.1899681596832	-0.000237203296409268	-0.000237954246267458
196000	-1.23352410766843	-0.000248328570664098	-0.000249237705356665	-1.18924990635201	-0.000239951570610585	-0.000240669823941777
197000	-1.23281302509766	-0.000245186439770964	-0.000245897522341735	-1.18860758816289	-0.000236806389468615	-0.00023744870765773
198000	-1.23208835018997	-0.000246689463263231	-0.00024741413817092	-1.18840156258361	-0.000237796864130144	-0.000238002889709423
199000	-1.23112040455932	-0.000244895916947611	-0.000245863862578264	-1.18768122224006	-0.000235923101621448	-0.000236643441965002
200000	-1.23058120618612	-0.000245480815540215	-0.000246020013913416	-1.18733932680473	-0.000236861400973939	-0.000237203296409268
201000	-1.23001653555948	-0.000247763900037459	-0.000248328570664098	-1.1864934981538	-0.00023910574195965	-0.000239951570610585
202000	-1.22954631562048	-0.000244716219831969	-0.000245186439770964	-1.18618328249585	-0.00023649617381067	-0.000236806389468615
203000	-1.22880018194467	-0.000245943329587413	-0.000246689463263231	-1.18563541499438	-0.000237248996628672	-0.000237796864130144
204000	-1.22820698881575	-0.000244302723818698	-0.000244895916947611	-1.18503772676192	-0.000235325413388987	-0.000235923101621448
205000	-1.22783271793225	-0.000245106544656713	-0.000245480815540215	-1.18456921924332	-0.000236392893455343	-0.000236861400973939
206000	-1.22717418526248	-0.000247105367367689	-0.000247763900037459	-1.18374570557072	-0.000238282228287044	-0.00023910574195965
207000	-1.22649558516616	-0.000244037619735645	-0.000244716219831969	-1.18298988601702	-0.00023574035425697	-0.00023649617381067
208000	-1.22583790870659	-0.000245285653127843	-0.000245943329587413	-1.18253111788944	-0.000236790228501097	-0.000237248996628672
209000	-1.22514384331353	-0.000243608658425645	-0.000244302723818698	-1.18206170064751	-0.000234855996147054	-0.000235325413388987
210000	-1.22459169476106	-0.000244554396104243	-0.000245106544656713	-1.18152833520629	-0.000235859528014128	-0.000236392893455343
211000	-1.22422106277091	-0.000246734735377536	-0.000247105367367689	-1.18089853909135	-0.000237652432172098	-0.000238282228287044
212000	-1.22345550382619	-0.000243272060790924	-0.000244037619735645	-1.18052100390646	-0.000235362819072082	-0.00023574035425697
213000	-1.22293738962915	-0.000244767538930808	-0.000245285653127843	-1.18027489698721	-0.000236544121581849	-0.000236790228501097
214000	-1.22250313051854	-0.000243174399315032	-0.000243608658425645	-1.17997527693049	-0.000234556376090331	-0.000234855996147054
215000	-1.22143950339808	-0.000243490768983786	-0.000244554396104243	-1.1790322684219	-0.000234916519505539	-0.000235859528014128
216000	-1.22037132766094	-0.000245666559640391	-0.000246734735377536	-1.17805699149141	-0.000236677155241611	-0.000237652432172098
217000	-1.21993396478836	-0.000242834697918339	-0.000243272060790924	-1.17753325841494	-0.000234839085995612	-0.000235362819072082
218000	-1.21946246053406	-0.000244296034676513	-0.000244767538930808	-1.17705442286081	-0.00023606528602772	-0.000236544121581849
219000	-1.21856606196821	-0.000242278000749184	-0.000243174399315032	-1.17661780917215	-0.000234119762401669	-0.000234556376090331
220000	-1.21755766040563	-0.000242482367421202	-0.000243490768983786	-1.17590661957511	-0.000234205329908493	-0.000234916519505539
221000	-1.2162666024509	-0.000244375501685664	-0.000245666559640391	-1.174838069246	-0.000235608604912506	-0.000236677155241611
222000	-1.21552255578745	-0.000242090651254882	-0.000242834697918339	-1.17416428533205	-0.00023416530208166	-0.000234839085995612
223000	-1.21474945149034	-0.000243522930379408	-0.000244296034676513	-1.17336570878151	-0.000235266709477176	-0.00023606528602772
224000	-1.21416829881736	-0.000241696848076203	-0.000242278000749184	-1.17265537539466	-0.000233409429014823	-0.000234119762401669
225000	-1.21302777331835	-0.000241341841922192	-0.000242482367421202	-1.17173484240381	-0.000233284796917643	-0.000234205329908493
226000	-1.21161224380585	-0.000242959972173168	-0.000244375501685664	-1.17075774602665	-0.000234631508535345	-0.000235608604912506
227000	-1.2100623963183	-0.000240540803767325	-0.000242090651254882	-1.16940616471344	-0.000232813720768449	-0.00023416530208166
228000	-1.20969845347033	-0.000243158987531439	-0.000243522930379408	-1.16881120565099	-0.000234671750414726	-0.000235266709477176
229000	-1.20920179804142	-0.000241200192647294	-0.000241696848076203	-1.16791015144218	-0.000232508374806015	-0.000233409429014823
230000	-1.20807379461658	-0.000240213838497351	-0.000241341841922192	-1.1667126879649	-0.00023208733344036	-0.000233284796917643
231000	-1.20718215871997	-0.000242068336276556	-0.000242959972173168	-1.16613977631509	-0.000234058596885536	-0.000234631508535345
232000	-1.2063738427784	-0.000239732487825761	-0.000240540803767325	-1.16562910044416	-0.000232303044897522	-0.000232813720768449
233000	-1.20556509873174	-0.000242350243484776	-0.000243158987531439	-1.16465002408091	-0.00023369267405148	-0.000234671750414726
234000	-1.20499967892118	-0.000240634772836731	-0.000241200192647294	-1.16415406432279	-0.000232012415047894	-0.000232508374806015
235000	-1.20435682560068	-0.000239570985176861	-0.000240213838497351	-1.16355172044737	-0.000231484989564938	-0.00023208733344036
236000	-1.20386616364317	-0.000241577674319045	-0.000242068336276556	-1.16323246106919	-0.000233739337507358	-0.000234058596885536
237000	-1.20295943704179	-0.00023882576122438	-0.000239732487825761	-1.16260255792797	-0.000231673141756301	-0.000232303044897522
238000	-1.20188735484561	-0.000241278161288596	-0.000242350243484776	-1.16181687804356	-0.000232906994167068	-0.00023369267405148
239000	-1.20105843634612	-0.00023980585433724	-0.000240634772836731	-1.1616550008027	-0.000231850537807032	-0.000232012415047894
240000	-1.20050334457109	-0.000239015893401831	-0.000239570985176861	-1.16115454594103	-0.00023098453470327	-0.000231484989564938
241000	-1.20007684486541	-0.000241151174613368	-0.000241577674319045	-1.16085176860919	-0.000233436560175523	-0.000233739337507358
242000	-1.19935773532402	-0.000238106651682987	-0.00023882576122438	-1.16041948948467	-0.000231240862631776	-0.000231673141756301
243000	-1.19820163750201	-0.000240122063466581	-0.000241278161288596	-1.15960378873013	-0.000232091293412533	-0.000232906994167068
244000	-1.19773195269439	-0.00023933616952962	-0.00023980585433724	-1.15901937175577	-0.000231266120832664	-0.000231850537807032
245000	-1.19721544389148	-0.000238499384598919	-0.000239015893401831	-1.15865740889388	-0.000230622571841386	-0.00023098453470327
246000	-1.19690635200942	-0.00024084208273131	-0.000241151174613368	-1.15832503879702	-0.000233104190078664	-0.000233436560175523
247000	-1.19648600631455	-0.00023768630598812	-0.000238106651682987	-1.15759196232675	-0.000230507786161503	-0.000231240862631776
248000	-1.19559249745813	-0.000239228554610157	-0.000240122063466581	-1.15686289934179	-0.000231362230427569	-0.000232091293412533
249000	-1.19484909295232	-0.000238592765023813	-0.00023933616952962	-1.15594183121956	-0.000230345052710441	-0.000231266120832664
250000	-1.1942149087601	-0.0002378652004067	-0.000238499384598919	-1.15519831968748	-0.000229879060309306	-0.000230622571841386
