Distance from Center (cmd=annotatePeaks.pl tss mm10 -size 500000 -hist 1000 -bedGraph /expanse/lustre/projects/csd940/ctea/homer/bwt2_bam/tags/ctrl_M3/tagdirs/tagdirs.DLR.bedGraph /expanse/lustre/projects/csd940/ctea/homer/bwt2_bam/tags/mut_M3/tagdirs/tagdirs.DLR.bedGraph)	/expanse/lustre/projects/csd940/ctea/homer/bwt2_bam/tags/ctrl_M3/tagdirs/tagdirs.DLR.bedGraph Coverage	/expanse/lustre/projects/csd940/ctea/homer/bwt2_bam/tags/ctrl_M3/tagdirs/tagdirs.DLR.bedGraph + Tags	/expanse/lustre/projects/csd940/ctea/homer/bwt2_bam/tags/ctrl_M3/tagdirs/tagdirs.DLR.bedGraph - Tags	/expanse/lustre/projects/csd940/ctea/homer/bwt2_bam/tags/mut_M3/tagdirs/tagdirs.DLR.bedGraph Coverage	/expanse/lustre/projects/csd940/ctea/homer/bwt2_bam/tags/mut_M3/tagdirs/tagdirs.DLR.bedGraph + Tags	/expanse/lustre/projects/csd940/ctea/homer/bwt2_bam/tags/mut_M3/tagdirs/tagdirs.DLR.bedGraph - Tags
-250000	-0.863497572405641	-0.000170549902896227	-0.000170611310478763	-0.898309064426243	-0.000177233133496581	-0.000177449717132483
-249000	-0.863463628303639	-0.000174137655154945	-0.000174171599256944	-0.898629422443638	-0.000180485307776744	-0.000180164949759351
-248000	-0.863358101832306	-0.000167314679557543	-0.000167420206028878	-0.898883897661066	-0.000175029848855865	-0.000174775373638437
-247000	-0.863692729882631	-0.000175858988431986	-0.000175524360381659	-0.899339652115174	-0.000182833023727097	-0.000182377269272988
-246000	-0.863718715697036	-0.000175857489656337	-0.000175831503841932	-0.899332685974838	-0.000183751372118551	-0.000183758338258887
-245000	-0.863464282698641	-0.00017029546989783	-0.000170549902896227	-0.89933868107743	-0.000177239128599172	-0.000177233133496581
-244000	-0.863539263700076	-0.000174212636156379	-0.000174137655154945	-0.899310837625602	-0.000180457464324918	-0.000180485307776744
-243000	-0.863651481888035	-0.000167426897745503	-0.000167314679557543	-0.899185721523263	-0.000174904732753525	-0.000175029848855865
-242000	-0.863830596132737	-0.000176038102676687	-0.000175858988431986	-0.899341573081145	-0.000182988875284979	-0.000182833023727097
-241000	-0.86379844633961	-0.000175825339863211	-0.000175857489656337	-0.899258781558727	-0.000183668580596131	-0.000183751372118551
-240000	-0.863649117622224	-0.000170146141180444	-0.00017029546989783	-0.899473845309466	-0.000177454192349912	-0.000177239128599172
-239000	-0.86375821160179	-0.000174321730135945	-0.000174212636156379	-0.899429747530187	-0.00018041336654564	-0.000180457464324918
-238000	-0.863681478510513	-0.000167350164654226	-0.000167426897745503	-0.899181077429705	-0.000174656062653044	-0.000174904732753525
-237000	-0.863571645697881	-0.000175928269864056	-0.000176038102676687	-0.899252195389682	-0.000183059993244956	-0.000182988875284979
-236000	-0.863916765177742	-0.000176170459343072	-0.000175825339863211	-0.89953879929072	-0.00018395518449717	-0.000183668580596131
-235000	-0.864378810267669	-0.00017060818627037	-0.000170146141180444	-0.899838005572912	-0.000177753398632103	-0.000177454192349912
-234000	-0.864652854006586	-0.000174595773874862	-0.000174321730135945	-0.900274064848434	-0.000180849425821161	-0.00018041336654564
-233000	-0.865044984378958	-0.000167742295026598	-0.000167350164654226	-0.900266275436967	-0.000174648273241577	-0.000174656062653044
-232000	-0.865204656759267	-0.000176087942244363	-0.000175928269864056	-0.900686988094233	-0.00018348070590222	-0.000183059993244956
-231000	-0.86522221987672	-0.000176188022460526	-0.000176170459343072	-0.900780988769737	-0.000184049185172676	-0.00018395518449717
-230000	-0.865365659039095	-0.000170751625432746	-0.00017060818627037	-0.901151186354809	-0.000178123596217174	-0.000177753398632103
-229000	-0.8657768935236	-0.000175007008359368	-0.000174595773874862	-0.901535231782488	-0.00018123347124884	-0.000180849425821161
-228000	-0.86606938697965	-0.000168034788482648	-0.000167742295026598	-0.901974288609305	-0.000175087330068396	-0.000174648273241577
-227000	-0.865794731064764	-0.000175813286329478	-0.000176087942244363	-0.901828569619184	-0.0001833349869121	-0.00018348070590222
-226000	-0.866285295111036	-0.000176678586506798	-0.000176188022460526	-0.901942835430212	-0.000184163450983704	-0.000184049185172676
-225000	-0.866924871231951	-0.000171391201553661	-0.000170751625432746	-0.902442877649244	-0.000178623638436207	-0.000178123596217174
-224000	-0.866979544878831	-0.000175061682006249	-0.000175007008359368	-0.902628282529764	-0.000181418876129359	-0.00018123347124884
-223000	-0.866346597145993	-0.00016740184074981	-0.000168034788482648	-0.902196276281348	-0.000174655323819979	-0.000175087330068396
-222000	-0.865910221227729	-0.000175376910411214	-0.000175813286329478	-0.901521806130203	-0.000182660516760955	-0.0001833349869121
-221000	-0.866311492020603	-0.000177079857299669	-0.000176678586506798	-0.901779679979735	-0.000184421324833235	-0.000184163450983704
-220000	-0.866752047623068	-0.000171831757156126	-0.000171391201553661	-0.902248965633708	-0.00017909292409018	-0.000178623638436207
-219000	-0.866778202313603	-0.000175087836696783	-0.000175061682006249	-0.90230621464156	-0.000181476125137212	-0.000181418876129359
-218000	-0.867048868529933	-0.000167672506966141	-0.00016740184074981	-0.902406400405303	-0.00017475550958372	-0.000174655323819979
-217000	-0.8673300261758	-0.000175658068057081	-0.000175376910411214	-0.90254249345605	-0.000182796609811702	-0.000182660516760955
-216000	-0.866895191252216	-0.000176645022376087	-0.000177079857299669	-0.902046926454446	-0.00018392575783163	-0.000184421324833235
-215000	-0.866661867769991	-0.0001715984336739	-0.000171831757156126	-0.901534640716035	-0.000178580638351769	-0.00017909292409018
-214000	-0.866692392130372	-0.000175118361057165	-0.000175087836696783	-0.901604259900363	-0.00018154574432154	-0.000181476125137212
-213000	-0.866612007092797	-0.000167592121928566	-0.000167672506966141	-0.901795617664443	-0.000174946867347801	-0.00017475550958372
-212000	-0.866538313771848	-0.000175584374736131	-0.000175658068057081	-0.901485582200456	-0.000182486574347716	-0.000182796609811702
-211000	-0.866261715781474	-0.000176368424385715	-0.000176645022376087	-0.90140625263869	-0.000183846428269864	-0.00018392575783163
-210000	-0.866011356919699	-0.000171348074812126	-0.0001715984336739	-0.901334184750486	-0.000178508570463566	-0.000178580638351769
-209000	-0.866074284387402	-0.000175181288524867	-0.000175118361057165	-0.901167588448873	-0.000181379148019927	-0.00018154574432154
-208000	-0.866183251709871	-0.000167701089251034	-0.000167592121928566	-0.901054736975428	-0.000174834015874356	-0.000174946867347801
-207000	-0.866407540319176	-0.000175808663345436	-0.000175584374736131	-0.901366904500549	-0.000182798741872836	-0.000182486574347716
-206000	-0.866511715781474	-0.00017647259984801	-0.000176368424385715	-0.901182365110192	-0.000183661888879507	-0.000183846428269864
-205000	-0.866148399898674	-0.000170984758929325	-0.000171348074812126	-0.900816241661741	-0.000178142447015114	-0.000178508570463566
-204000	-0.866286012834586	-0.000175318901460779	-0.000175181288524867	-0.900642848095922	-0.000181205754454108	-0.000181379148019927
-203000	-0.866206408849109	-0.000167621485265558	-0.000167701089251034	-0.900190576711982	-0.000174381744490417	-0.000174834015874356
-202000	-0.866285020687326	-0.000175887275183653	-0.000175808663345436	-0.900497340200963	-0.000183105505361816	-0.000182798741872836
-201000	-0.866297855273157	-0.000176485434433842	-0.00017647259984801	-0.900320400236427	-0.000183484948914972	-0.000183661888879507
-200000	-0.866293422274761	-0.00017098032593093	-0.000170984758929325	-0.900222515409947	-0.000178044562188634	-0.000178142447015114
-199000	-0.866227856117538	-0.000175253335303555	-0.000175318901460779	-0.900007261673562	-0.000180990500717723	-0.000181205754454108
-198000	-0.86604502659799	-0.00016743865574601	-0.000167621485265558	-0.899840834248079	-0.000174215317064933	-0.000174381744490417
-197000	-0.86613199780461	-0.000175974246390273	-0.000175887275183653	-0.900050810605421	-0.000183315481719159	-0.000183105505361816
-196000	-0.866105442033269	-0.000176458878662502	-0.000176485434433842	-0.900332833741451	-0.000183766972051002	-0.000183484948914972
-195000	-0.866385037574939	-0.0001712599214726	-0.00017098032593093	-0.900431562948577	-0.000178143291395761	-0.000178044562188634
-194000	-0.866569408089167	-0.000175437705817782	-0.000175253335303555	-0.900550768386389	-0.000181109706155535	-0.000180990500717723
-193000	-0.866106011990205	-0.000166975259647049	-0.00016743865574601	-0.900156949252723	-0.000173821497931267	-0.000174215317064933
-192000	-0.866491408426919	-0.000176359642826986	-0.000175974246390273	-0.900149898674322	-0.000183308431140758	-0.000183315481719159
-191000	-0.866521742801655	-0.000176489213037237	-0.000176458878662502	-0.900136473022038	-0.000183753546398716	-0.000183766972051002
-190000	-0.866993857130795	-0.00017173203580174	-0.0001712599214726	-0.900346259393735	-0.000178353077767458	-0.000178143291395761
-189000	-0.866794414422021	-0.00017523826310901	-0.000175437705817782	-0.900264755551803	-0.000181028202313603	-0.000181109706155535
-188000	-0.866447120661994	-0.000166627965887022	-0.000166975259647049	-0.900112577049734	-0.000173669319429199	-0.000173821497931267
-187000	-0.866551359452841	-0.000176463881617833	-0.000176359642826986	-0.899824727687241	-0.000183020581778265	-0.000183308431140758
-186000	-0.866271341720848	-0.000176209195305243	-0.000176489213037237	-0.899615215739255	-0.000183544034450731	-0.000183753546398716
-185000	-0.866028561175378	-0.00017148925525627	-0.00017173203580174	-0.899676686650342	-0.000178414548678544	-0.000178353077767458
-184000	-0.86585592755214	-0.000175065629485773	-0.00017523826310901	-0.899494954825635	-0.000180846470488896	-0.000181028202313603
-183000	-0.866034682935067	-0.000166806721269949	-0.000166627965887022	-0.899513784514059	-0.000173688149117623	-0.000173669319429199
-182000	-0.865761441357764	-0.000176190640040531	-0.000176463881617833	-0.899136536350587	-0.000182643333614793	-0.000183020581778265
-181000	-0.865532234231191	-0.00017597998817867	-0.000176209195305243	-0.898076923076923	-0.000182484421177066	-0.000183544034450731
-180000	-0.865422063666301	-0.000171379084691378	-0.00017148925525627	-0.897764417799544	-0.000178102043401166	-0.000178414548678544
-179000	-0.8656048298573	-0.000175248395676771	-0.000175065629485773	-0.897955923330237	-0.000181037976019589	-0.000180846470488896
-178000	-0.866072764502238	-0.000167274655914887	-0.000166806721269949	-0.897742590559824	-0.000173474816347208	-0.000173688149117623
-177000	-0.865662078865152	-0.000175779954403445	-0.000176190640040531	-0.897256163978722	-0.000182156907033691	-0.000182643333614793
-176000	-0.865205564468462	-0.00017552347378198	-0.00017597998817867	-0.896847082664865	-0.00018207533986321	-0.000182484421177066
-175000	-0.865339652115173	-0.00017151317233809	-0.000171379084691378	-0.896839842100819	-0.000178094802837119	-0.000178102043401166
-174000	-0.865339293253399	-0.000175248036814997	-0.000175248395676771	-0.896745018154184	-0.000180943152072956	-0.000181037976019589
-173000	-0.865647851051254	-0.000167583213712742	-0.000167274655914887	-0.897123279574432	-0.000173853077767458	-0.000173474816347208
-172000	-0.865755087393397	-0.000175887190745588	-0.000175779954403445	-0.897128388077345	-0.000182162015536605	-0.000182156907033691
-171000	-0.865374039517014	-0.000175142425905598	-0.00017552347378198	-0.896990585155788	-0.000181937536941654	-0.00018207533986321
-170000	-0.865788123786203	-0.000171927256607279	-0.00017151317233809	-0.897337076754201	-0.000178441294435532	-0.000178094802837119
-169000	-0.866000105547581	-0.000175460018576374	-0.000175248036814997	-0.897829435109347	-0.000181435510428101	-0.000180943152072956
-168000	-0.866684666047454	-0.000168267774212615	-0.000167583213712742	-0.898365342396352	-0.000174388985054463	-0.000173853077767458
-167000	-0.86701173689099	-0.000176214261589123	-0.000175887190745588	-0.898567951532551	-0.000182364624672803	-0.000182162015536605
-166000	-0.866913071012412	-0.00017504376002702	-0.000175142425905598	-0.898505488474204	-0.000181875073883307	-0.000181937536941654
-165000	-0.867289369247657	-0.000172303554842522	-0.000171927256607279	-0.898875327197501	-0.000178811133158828	-0.000178441294435532
-164000	-0.867761082495989	-0.000175931731824706	-0.000175460018576374	-0.899082052689352	-0.000181642235919953	-0.000181435510428101
-163000	-0.867923646880014	-0.00016843033859664	-0.000168267774212615	-0.899573165583045	-0.000174880097948154	-0.000174388985054463
-162000	-0.868320400236427	-0.000176611014945538	-0.000176214261589123	-0.900047580849447	-0.000182839039939205	-0.000182364624672803
-161000	-0.868565460609643	-0.000175288820400236	-0.00017504376002702	-0.900363843620704	-0.000182191336654564	-0.000181875073883307
-160000	-0.868894790171409	-0.00017263288440429	-0.000172303554842522	-0.900842565228405	-0.000179289854766529	-0.000178811133158828
-159000	-0.868995208139829	-0.000176032149793127	-0.000175931731824706	-0.900974584142531	-0.000181774254834079	-0.000181642235919953
-158000	-0.869410432322891	-0.000168845562779701	-0.00016843033859664	-0.901214303808157	-0.000175119817613779	-0.000174880097948154
-157000	-0.86974206282192	-0.000176942645444565	-0.000176611014945538	-0.901747783500802	-0.00018337251963185	-0.000182839039939205
-156000	-0.870038630414591	-0.000175585387992907	-0.000175288820400236	-0.901790403613949	-0.000182233956767712	-0.000182191336654564
-155000	-0.870460862957021	-0.000173055116946719	-0.00017263288440429	-0.902095267246475	-0.000179594718399054	-0.000179289854766529
-154000	-0.870375749387824	-0.00017594703622393	-0.000176032149793127	-0.90195425567846	-0.000181633243266064	-0.000181774254834079
-153000	-0.87065255847336	-0.000169122371865237	-0.000168845562779701	-0.902349636916322	-0.000175515198851642	-0.000175119817613779
-152000	-0.870952693574263	-0.00017724278054547	-0.000176942645444565	-0.902698957189901	-0.00018372183990543	-0.00018337251963185
-151000	-0.870767520898421	-0.000175400215317065	-0.000175585387992907	-0.902821413493203	-0.000182356413071013	-0.000182233956767712
-150000	-0.870573988854175	-0.000172861584902474	-0.000173055116946719	-0.902504137465169	-0.000179277442371021	-0.000179594718399054
-149000	-0.870466288102677	-0.000175839335472432	-0.00017594703622393	-0.902405007177235	-0.00018153411297813	-0.000181633243266064
-148000	-0.871048636325255	-0.000169704720087816	-0.000169122371865237	-0.902842058600017	-0.000175952250274424	-0.000175515198851642
-147000	-0.871090010976948	-0.000177284155197163	-0.00017724278054547	-0.902835092459681	-0.000183714873765093	-0.00018372183990543
-146000	-0.871230178164316	-0.000175540382504433	-0.000175400215317065	-0.902843114075825	-0.000182364434687157	-0.000182356413071013
-145000	-0.871059402178502	-0.000172690808916659	-0.000172861584902474	-0.902763404542768	-0.000179197732837964	-0.000179277442371021
-144000	-0.870865511272482	-0.000175645444566411	-0.000175839335472432	-0.902735666638521	-0.000181506375073884	-0.00018153411297813
-143000	-0.87027959554167	-0.000169118804357004	-0.000169704720087816	-0.902347103774382	-0.000175563687410285	-0.000175952250274424
-142000	-0.870073123364013	-0.000177077683019505	-0.000177284155197163	-0.902478932702863	-0.000183846702693573	-0.000183714873765093
-141000	-0.870135016465423	-0.000175602275605845	-0.000175540382504433	-0.902504390779363	-0.000182389892763658	-0.000182364434687157
-140000	-0.870147724394157	-0.000172703516845393	-0.000172690808916659	-0.902492379464663	-0.000179185721523262	-0.000179197732837964
-139000	-0.870246073629992	-0.000175743793802246	-0.000175645444566411	-0.902331588279997	-0.000181345583889218	-0.000181506375073884
-138000	-0.870588068901461	-0.000169460799628472	-0.000169118804357004	-0.902615321286836	-0.000175847420417124	-0.000175563687410285
-137000	-0.870820674660137	-0.000177310288778181	-0.000177077683019505	-0.902812083087056	-0.000184043464493793	-0.000183846702693573
-136000	-0.870901608545132	-0.000175683209490838	-0.000175602275605845	-0.902744870387571	-0.000182322680064173	-0.000182389892763658
-135000	-0.871115342396352	-0.000172917250696613	-0.000172703516845393	-0.90261403360635	-0.000179054884742042	-0.000179185721523262
-134000	-0.871281664274255	-0.000175910115680149	-0.000175743793802246	-0.903013868952124	-0.000181745419234992	-0.000181345583889218
-133000	-0.871252005404036	-0.000169431140758254	-0.000169460799628472	-0.903298129696867	-0.000176131681161868	-0.000175847420417124
-132000	-0.871520349573588	-0.000177578632947732	-0.000177310288778181	-0.903609558388922	-0.000184354893185848	-0.000184043464493793
-131000	-0.871820125812716	-0.000175982985729967	-0.000175683209490838	-0.903839778772271	-0.000182552900447521	-0.000182322680064173
-130000	-0.871797960820738	-0.000172895085704635	-0.000172917250696613	-0.903911783331926	-0.000179126889301698	-0.000179054884742042
-129000	-0.871889998311239	-0.00017600215317065	-0.000175910115680149	-0.904067170480453	-0.000181900806383518	-0.000181745419234992
-128000	-0.872480262602381	-0.000170021405049397	-0.000169431140758254	-0.904184307185679	-0.000176248817867095	-0.000176131681161868
-127000	-0.872660748965634	-0.000177759119310985	-0.000177578632947732	-0.904140990458499	-0.000184311576458667	-0.000184354893185848
-126000	-0.872575825382082	-0.000175898062146416	-0.000175982985729967	-0.904335725745166	-0.000182747635734189	-0.000182552900447521
-125000	-0.872675356750823	-0.000172994617073377	-0.000172895085704635	-0.904242632778857	-0.000179033796335388	-0.000179126889301698
-124000	-0.872664991978384	-0.00017599178839821	-0.00017600215317065	-0.904423414675336	-0.000182081588279996	-0.000181900806383518
-123000	-0.872518217512455	-0.000169874630583467	-0.000170021405049397	-0.904480642573672	-0.000176306045765432	-0.000176248817867095
-122000	-0.872497762391286	-0.000177738664189817	-0.000177759119310985	-0.904186713670523	-0.000184017647555518	-0.000184311576458667
-121000	-0.872700793717808	-0.000176101093472936	-0.000175898062146416	-0.904320210250781	-0.000182881132314448	-0.000182747635734189
-120000	-0.872554546989783	-0.000172848370345352	-0.000172994617073377	-0.904234442286583	-0.000178948028371189	-0.000179033796335388
-119000	-0.872576268681922	-0.000176013510090348	-0.00017599178839821	-0.903628725829604	-0.000181475871823018	-0.000182081588279996
-118000	-0.87260069239213	-0.000169899054293675	-0.000169874630583467	-0.903293781136536	-0.000175971101072364	-0.000176306045765432
-117000	-0.872557713417208	-0.000177695685214896	-0.000177738664189817	-0.903498353457739	-0.000184222219876721	-0.000184017647555518
-116000	-0.872673963522756	-0.000176217343578486	-0.000176101093472936	-0.9035432111796	-0.000182925990036309	-0.000182881132314448
-115000	-0.872875137211855	-0.00017304954403445	-0.000172848370345352	-0.903549501815418	-0.000178954319007008	-0.000178948028371189
-114000	-0.87274558811112	-0.000175883960989614	-0.000176013510090348	-0.903106476399561	-0.000181032846407161	-0.000181475871823018
-113000	-0.873023389343916	-0.000170176855526471	-0.000169899054293675	-0.903963670522672	-0.000176828295195474	-0.000175971101072364
-112000	-0.873610466098117	-0.000178282761969095	-0.000177695685214896	-0.904293443384278	-0.000184551992738326	-0.000184222219876721
-111000	-0.873854259900363	-0.000176461137380732	-0.000176217343578486	-0.904360740521827	-0.000182993287173857	-0.000182925990036309
-110000	-0.874368086633454	-0.000173563370767543	-0.00017304954403445	-0.904733049058516	-0.000179326627543697	-0.000178954319007008
-109000	-0.874000527737904	-0.000175516402094064	-0.000175883960989614	-0.904522756058431	-0.000180822553407076	-0.000181032846407161
-108000	-0.874104323228912	-0.000170280651017478	-0.000170176855526471	-0.904088068901461	-0.000176393608038504	-0.000176828295195474
-107000	-0.874133918770582	-0.000178312357510766	-0.000178282761969095	-0.904159186861437	-0.000184623110698303	-0.000184551992738326
-106000	-0.874248881195643	-0.00017657609980579	-0.000176461137380732	-0.904211981761378	-0.000183046082073799	-0.000182993287173857
-105000	-0.874770434011652	-0.00017408492358355	-0.000173563370767543	-0.904618931014101	-0.000179733576796421	-0.000179326627543697
-104000	-0.87455792451237	-0.000175303892594782	-0.000175516402094064	-0.904687916912944	-0.000180891539305919	-0.000180822553407076
-103000	-0.875055454698978	-0.000170778181204086	-0.000170280651017478	-0.90534672380309	-0.00017705241492865	-0.000176393608038504
-102000	-0.875348285907287	-0.000178605188719075	-0.000178312357510766	-0.905346132736638	-0.000184622519631849	-0.000184623110698303
-101000	-0.875224689690112	-0.000176452503588618	-0.00017657609980579	-0.905321962340623	-0.000183021911677784	-0.000183046082073799
-100000	-0.875308241155113	-0.000174168475048552	-0.00017408492358355	-0.90545794984379	-0.000179869564299586	-0.000179733576796421
-99000	-0.875425778941147	-0.000175421430380816	-0.000175303892594782	-0.90526245461454	-0.000180696044076669	-0.000180891539305919
-98000	-0.875821877902558	-0.000171174280165498	-0.000170778181204086	-0.90511502575361	-0.000176904986067719	-0.00017705241492865
-97000	-0.875675546736469	-0.000178458857552986	-0.000178605188719075	-0.904902220721101	-0.000184409714599341	-0.000184622519631849
-96000	-0.875476716203665	-0.000176253673055814	-0.000176452503588618	-0.904688339103268	-0.00018280803005995	-0.000183021911677784
-95000	-0.87603356413071	-0.000174725322975597	-0.000174168475048552	-0.905257177235498	-0.000180438402431815	-0.000179869564299586
-94000	-0.876964346027189	-0.000176352212277294	-0.000175421430380816	-0.905886219707844	-0.000181325086549017	-0.000180696044076669
-93000	-0.877228024993667	-0.000171437959131976	-0.000171174280165498	-0.906150130879	-0.000177168897238876	-0.000176904986067719
-92000	-0.877573756649498	-0.000178804589208816	-0.000178458857552986	-0.906703643502491	-0.000184963227222832	-0.000184409714599341
-91000	-0.877416427425483	-0.000176096343831799	-0.000176253673055814	-0.906633581018323	-0.000182737967575782	-0.00018280803005995
-90000	-0.87716032677531	-0.000174469222325425	-0.000174725322975597	-0.906490817360466	-0.00018029563877396	-0.000180438402431815
-89000	-0.877648695431901	-0.000176840580933886	-0.000176352212277294	-0.906695917419573	-0.000181530186608124	-0.000181325086549017
-88000	-0.877153867263362	-0.000170943130963439	-0.000171437959131976	-0.906279785527316	-0.000176752765346618	-0.000177168897238876
-87000	-0.877537342734105	-0.000179188064679557	-0.000178804589208816	-0.906795575445411	-0.000185479017140927	-0.000184963227222832
-86000	-0.878038398209913	-0.000176597399307607	-0.000176096343831799	-0.907228510512539	-0.000183170902642913	-0.000182737967575782
-85000	-0.878030967660221	-0.000174461791775734	-0.000174469222325425	-0.907170754876298	-0.000180237883137717	-0.00018029563877396
-84000	-0.878211665118635	-0.000177021278392299	-0.000176840580933886	-0.907408870218695	-0.00018176830195052	-0.000181530186608124
-83000	-0.878269209659715	-0.000171000675504517	-0.000170943130963439	-0.907674174617918	-0.000177018069745842	-0.000176752765346618
-82000	-0.877928206535506	-0.000178847061555349	-0.000179188064679557	-0.907472768724141	-0.000185277611247152	-0.000185479017140927
-81000	-0.878152326268682	-0.000176821519040785	-0.000176597399307607	-0.907276281347631	-0.000182974415266402	-0.000183170902642913
-80000	-0.877953559064426	-0.000174263024571477	-0.000174461791775734	-0.907167609558389	-0.000180129211348477	-0.000180237883137717
-79000	-0.877897091108672	-0.000176964810436545	-0.000177021278392299	-0.90738216668074	-0.00018198285907287	-0.00018176830195052
-78000	-0.877290108080723	-0.000170393692476568	-0.000171000675504517	-0.906804293675589	-0.000176440196740691	-0.000177018069745842
-77000	-0.87791231106983	-0.000179469264544457	-0.000178847061555349	-0.906781136536351	-0.000185254454107911	-0.000185277611247152
-76000	-0.877513510090349	-0.000176422718061302	-0.000176821519040785	-0.906388204002364	-0.000182581482732416	-0.000182974415266402
-75000	-0.877168369500971	-0.000173917883982099	-0.000174263024571477	-0.90579205015621	-0.000179533057502322	-0.000180129211348477
-74000	-0.87712125306088	-0.000176917693996454	-0.000176964810436545	-0.905800008443806	-0.000181990817360466	-0.00018198285907287
-73000	-0.877227370598666	-0.000170499810014355	-0.000170393692476568	-0.90620073038926	-0.000176840918686144	-0.000176440196740691
-72000	-0.876980959216415	-0.000179222853162206	-0.000179469264544457	-0.906007325002111	-0.000185061048720763	-0.000185254454107911
-71000	-0.876953495735878	-0.000176395254580765	-0.000176422718061302	-0.905914527569028	-0.000182488685299334	-0.000182581482732416
-70000	-0.877107025246981	-0.000174071413493204	-0.000173917883982099	-0.906024529257789	-0.000179643059191083	-0.000179533057502322
-69000	-0.87693893016972	-0.000176749598919193	-0.000176917693996454	-0.906170121590813	-0.00018213640969349	-0.000181990817360466
-68000	-0.876968673478004	-0.000170529553322638	-0.000170499810014355	-0.906345647217766	-0.000177016444313096	-0.000176840918686144
-67000	-0.877459638605083	-0.000179713818289285	-0.000179222853162206	-0.906506776154691	-0.000185222177657688	-0.000185061048720763
-66000	-0.8769199738242	-0.000175855589799881	-0.000176395254580765	-0.90661926876636	-0.000182601177911002	-0.000182488685299334
-65000	-0.876975111880436	-0.000174126551549438	-0.000174071413493204	-0.906785316220552	-0.000179809106645276	-0.000179643059191083
-64000	-0.877013953390188	-0.000176788440428946	-0.000176749598919193	-0.906566093895128	-0.000181917187368065	-0.00018213640969349
-63000	-0.877185214894875	-0.000170700814827324	-0.000170529553322638	-0.906757514987756	-0.000177207865405725	-0.000177016444313096
-62000	-0.877470932196234	-0.000179999535590644	-0.000179713818289285	-0.907578696276281	-0.000186043358946212	-0.000185222177657688
-61000	-0.877733027948999	-0.000176117685552648	-0.000175855589799881	-0.907755467364688	-0.000182777948999407	-0.000182601177911002
-60000	-0.878560879844634	-0.000174954403445073	-0.000174126551549438	-0.908308600016888	-0.000180362239297476	-0.000179809106645276
-59000	-0.879181774043739	-0.000177409334628051	-0.000176788440428946	-0.908722515409947	-0.000182331102761125	-0.000181917187368065
-58000	-0.879638647302204	-0.00017115768808579	-0.000170700814827324	-0.908956662163303	-0.000177442012159082	-0.000177207865405725
-57000	-0.879963501646542	-0.000180324389934982	-0.000179999535590644	-0.909215084860255	-0.000186301781643163	-0.000186043358946212
-56000	-0.880387422950266	-0.00017654160685637	-0.000176117685552648	-0.909458730895888	-0.000183021595035042	-0.000182777948999407
-55000	-0.881161382251119	-0.000175728362745927	-0.000174954403445073	-0.910151904078359	-0.000181055412479947	-0.000180362239297476
-54000	-0.881908659123533	-0.000178156611500465	-0.000177409334628051	-0.910556341298657	-0.000182735539981424	-0.000182331102761125
-53000	-0.882657371443047	-0.000171906400405303	-0.00017115768808579	-0.911059993244955	-0.000177945664105379	-0.000177442012159082
-52000	-0.882946297390864	-0.000180613315882801	-0.000180324389934982	-0.911151017478679	-0.000186392805876889	-0.000186301781643163
-51000	-0.883552752680909	-0.000177148062146416	-0.00017654160685637	-0.911896310056573	-0.000183766887612935	-0.000183021595035042
-50000	-0.884362112640378	-0.000176537722705396	-0.000175728362745927	-0.912791902389597	-0.000181951004812969	-0.000181055412479947
-49000	-0.884214557122351	-0.000178009055982438	-0.000178156611500465	-0.912714937093642	-0.000182658574685468	-0.000182735539981424
-48000	-0.884858460694081	-0.000172550303977033	-0.000171906400405303	-0.912867643333615	-0.000178098370345351	-0.000177945664105379
-47000	-0.885195664105379	-0.000180950519294098	-0.000180613315882801	-0.913175040108081	-0.000186700202651355	-0.000186392805876889
-46000	-0.885921535928397	-0.000177873933969434	-0.000177148062146416	-0.913399835345774	-0.000183991682850628	-0.000183766887612935
-45000	-0.886699717132483	-0.000177315903909483	-0.000176537722705396	-0.914274170396015	-0.000182825339863212	-0.000181951004812969
-44000	-0.886782656421515	-0.000178091995271468	-0.000178009055982438	-0.914511356919699	-0.000182895761209152	-0.000182658574685468
-43000	-0.8875785907287	-0.000173346238284218	-0.000172550303977033	-0.915271151735202	-0.000178858165160855	-0.000178098370345351
-42000	-0.887637296293169	-0.000181009224858565	-0.000180950519294098	-0.915534239635228	-0.000186963290551381	-0.000186700202651355
-41000	-0.887660938951279	-0.000177897576627544	-0.000177873933969434	-0.915981001435447	-0.000184438444650849	-0.000183991682850628
-40000	-0.888319576965296	-0.000177974541923499	-0.000177315903909483	-0.916497129105801	-0.000183341467533565	-0.000182825339863212
-39000	-0.888080659461285	-0.000177853077767458	-0.000178091995271468	-0.916584691378874	-0.000182983323482225	-0.000182895761209152
-38000	-0.889032276450224	-0.000174297855273157	-0.000173346238284218	-0.917845161698894	-0.000180118635480876	-0.000178858165160855
-37000	-0.889767816431647	-0.00018174476483999	-0.000181009224858565	-0.918270159587942	-0.000187388288440429	-0.000186963290551381
-36000	-0.889894579076248	-0.000178024339272145	-0.000177897576627544	-0.918474964113822	-0.000184643249176728	-0.000184438444650849
-35000	-0.890017373131808	-0.000178097335979059	-0.000177974541923499	-0.91867168369501	-0.000183538187114751	-0.000183341467533565
-34000	-0.890140568268175	-0.000177976272903825	-0.000177853077767458	-0.918721312167525	-0.00018303295195474	-0.000182983323482225
-33000	-0.89113073123364	-0.000175288018238621	-0.000174297855273157	-0.919451047032002	-0.000180848370345352	-0.000180118635480876
-32000	-0.892138288440429	-0.000182752322046779	-0.00018174476483999	-0.920307185679304	-0.000188244427087731	-0.000187388288440429
-31000	-0.892536878324749	-0.000178422929156463	-0.000178024339272145	-0.920850502406485	-0.000185186565903908	-0.000184643249176728
-30000	-0.892760343662923	-0.000178320801317233	-0.000178097335979059	-0.920730727011737	-0.000183418411720002	-0.000183538187114751
-29000	-0.893253103098877	-0.000178469032339779	-0.000177976272903825	-0.921500907709195	-0.0001838031326522	-0.00018303295195474
-28000	-0.893942181035211	-0.000175977096174956	-0.000175288018238621	-0.922301633876552	-0.000181649096512707	-0.000180848370345352
-27000	-0.894706218863464	-0.000183516359875031	-0.000182752322046779	-0.922960609642827	-0.000188903402854007	-0.000188244427087731
-26000	-0.895064679557545	-0.000178781389850544	-0.000178422929156463	-0.922820653550621	-0.000185046609811704	-0.000185186565903908
-25000	-0.894882272228321	-0.00017813839398801	-0.000178320801317233	-0.923028835599088	-0.000183626593768471	-0.000183418411720002
-24000	-0.895618931014101	-0.00017920569112556	-0.000178469032339779	-0.923944840834248	-0.000184719137887359	-0.0001838031326522
-23000	-0.896432069576965	-0.000176790234737819	-0.000175977096174956	-0.924396246728025	-0.000182100502406485	-0.000181649096512707
-22000	-0.896819851389006	-0.000183904141687072	-0.000183516359875031	-0.924616756733936	-0.000189123912859918	-0.000188903402854007
-21000	-0.89760808072279	-0.000179569619184328	-0.000178781389850544	-0.925879929072026	-0.000186309782149794	-0.000185046609811704
-20000	-0.89777678797602	-0.00017830710124124	-0.00017813839398801	-0.925736869880942	-0.000183483534577388	-0.000183626593768471
-19000	-0.89841573081145	-0.000179844633960991	-0.00017920569112556	-0.926256438402432	-0.000185238706408848	-0.000184719137887359
-18000	-0.899067086042388	-0.000177441589968758	-0.000176790234737819	-0.927216773621549	-0.000183060837625602	-0.000182100502406485
-17000	-0.899931795153255	-0.00018476885079794	-0.000183904141687072	-0.928708625348307	-0.000190615764586677	-0.000189123912859918
-16000	-0.900995651439669	-0.000180633475470742	-0.000179569619184328	-0.928865764586676	-0.000186466921388162	-0.000186309782149794
-15000	-0.901911234484506	-0.000179222684286076	-0.00017830710124124	-0.929650341974162	-0.000184268111964873	-0.000183483534577388
-14000	-0.903360170564891	-0.000181293570041375	-0.000179844633960991	-0.930740542936756	-0.000186328907371443	-0.000185238706408848
-13000	-0.903716689183484	-0.000177798108587351	-0.000177441589968758	-0.930419488305328	-0.000182739782994173	-0.000183060837625602
-12000	-0.904531136536351	-0.000185583298150806	-0.00018476885079794	-0.930495567001604	-0.000190691843282953	-0.000190615764586677
-11000	-0.905164780883222	-0.000181267119817612	-0.000180633475470742	-0.930627311492021	-0.000186598665878579	-0.000186466921388162
-10000	-0.904451912522165	-0.00017850981592502	-0.000179222684286076	-0.929636156379296	-0.000183276956852149	-0.000184268111964873
-9000	-0.904385755298489	-0.000181227412817699	-0.000181293570041375	-0.929144009119311	-0.000185836760111457	-0.000186328907371443
-8000	-0.90359374736131	-0.000177006100650174	-0.000177798108587351	-0.9285035252892	-0.000182099299164063	-0.000182739782994173
-7000	-0.902766444313096	-0.000184755995102593	-0.000185583298150806	-0.927804589208815	-0.000189992907202567	-0.000190691843282953
-6000	-0.902749092290805	-0.000181249767795323	-0.000181267119817612	-0.928254812969687	-0.00018704888963945	-0.000186598665878579
-5000	-0.903218652368488	-0.000178979376002702	-0.00017850981592502	-0.928837076754201	-0.000183859220636662	-0.000183276956852149
-4000	-0.903665076416449	-0.000181673836865659	-0.000181227412817699	-0.9296317233809	-0.000186631406738157	-0.000185836760111457
-3000	-0.903763678966478	-0.000177104703200204	-0.000177006100650174	-0.92948412564384	-0.000181951701427003	-0.000182099299164063
-2000	-0.904206556615722	-0.000185198872751837	-0.000184755995102593	-0.929916596301613	-0.000190425377860339	-0.000189992907202567
-1000	-0.904871337498945	-0.000181914548678543	-0.000181249767795323	-0.93065057417884	-0.000187782867516676	-0.00018704888963945
0	-0.90465112302626	-0.000178759161530017	-0.000178979376002702	-0.930487482056911	-0.000183696128514735	-0.000183859220636662
1000	-0.90496219285654	-0.000181984906695939	-0.000181673836865659	-0.930635839736553	-0.0001867797644178	-0.000186631406738157
2000	-0.905113822511188	-0.000177256332854851	-0.000177104703200204	-0.93091302879338	-0.000182228890483831	-0.000181951701427003
3000	-0.904652600692392	-0.00018473765093304	-0.000185198872751837	-0.930577640800473	-0.000190089989867433	-0.000190425377860339
4000	-0.904502892003715	-0.000181764839989867	-0.000181914548678543	-0.930458372034113	-0.000187663598750317	-0.000187782867516676
5000	-0.904910474541924	-0.000179166744068227	-0.000178759161530017	-0.93045778096766	-0.000183695537448281	-0.000183696128514735
6000	-0.905278687832475	-0.000182353119986491	-0.000181984906695939	-0.930771975006333	-0.000187093958456472	-0.0001867797644178
7000	-0.906163788735962	-0.000178141433758338	-0.000177256332854851	-0.931422760280334	-0.000182879675757832	-0.000182228890483831
8000	-0.907055138056236	-0.000185629000253315	-0.00018473765093304	-0.93195398125475	-0.000190621210841848	-0.000190089989867433
9000	-0.907352212277295	-0.000182061914210927	-0.000181764839989867	-0.932146310056574	-0.000187855927552142	-0.000187663598750317
10000	-0.907878514734442	-0.000179693046525375	-0.000179166744068227	-0.932855125390526	-0.000184404352782235	-0.000183695537448281
11000	-0.908245271468378	-0.000182719876720426	-0.000182353119986491	-0.932769885164232	-0.000187008718230178	-0.000187093958456472
12000	-0.908055855779786	-0.000177952018069745	-0.000178141433758338	-0.932772418306172	-0.000182882208899772	-0.000182879675757832
13000	-0.907946656252639	-0.000185519800726167	-0.000185629000253315	-0.93235582200456	-0.000190204614540234	-0.000190621210841848
14000	-0.907423900194208	-0.000181539158152496	-0.000182061914210927	-0.931889681668496	-0.000187389787216078	-0.000187855927552142
15000	-0.907270286245039	-0.000179539432576205	-0.000179693046525375	-0.931827999662248	-0.000184342670775986	-0.000184404352782235
16000	-0.906863569196994	-0.000182313159672381	-0.000182719876720426	-0.93183950434856	-0.000187020222916491	-0.000187008718230178
17000	-0.906643966900279	-0.000177732415773031	-0.000177952018069745	-0.931533775225872	-0.000182576479777084	-0.000182882208899772
18000	-0.90632181457401	-0.0001851976483999	-0.000185519800726167	-0.931696445157477	-0.000190367284471841	-0.000190204614540234
19000	-0.906396225618509	-0.000181613569196993	-0.000181539158152496	-0.932208836443469	-0.000187902178502068	-0.000187389787216078
20000	-0.905934729376003	-0.000179077936333699	-0.000179539432576205	-0.93197437304737	-0.000184108207379886	-0.000184342670775986
21000	-0.906368128852487	-0.000182746559148865	-0.000182313159672381	-0.93276967406907	-0.000187815523938192	-0.000187020222916491
22000	-0.905888731740269	-0.000177253018660812	-0.000177732415773031	-0.932484632272228	-0.000182291437980241	-0.000182576479777084
23000	-0.905568753694165	-0.000184877670353796	-0.0001851976483999	-0.932310394325762	-0.000190193046525373	-0.000190367284471841
24000	-0.905643586928988	-0.000181688402431818	-0.000181613569196993	-0.932042683441695	-0.000187634467618001	-0.000187902178502068
25000	-0.905276112471502	-0.000178710461876213	-0.000179077936333699	-0.93153003884151	-0.000183595562779701	-0.000184108207379886
26000	-0.905057417883982	-0.000182527864561343	-0.000182746559148865	-0.931687579160686	-0.000187973064257367	-0.000187815523938192
27000	-0.904169403867263	-0.000176365004644094	-0.000177253018660812	-0.931053217090264	-0.00018165707590982	-0.000182291437980241
28000	-0.903909102423372	-0.000184617368909905	-0.000184877670353796	-0.930997065777252	-0.000190136895212362	-0.000190193046525373
29000	-0.903834121421937	-0.000181613421430382	-0.000181688402431818	-0.930842311914211	-0.000187479713754961	-0.000187634467618001
30000	-0.903658595794984	-0.000178534936249261	-0.000178710461876213	-0.930997255762898	-0.000183750506628388	-0.000183595562779701
31000	-0.90374575698725	-0.000182615025753609	-0.000182527864561343	-0.930928945368572	-0.000187904753863042	-0.000187973064257367
32000	-0.903128641391539	-0.000175747889048383	-0.000176365004644094	-0.930298847420417	-0.000181026977961664	-0.00018165707590982
33000	-0.903349024740353	-0.000184837752258719	-0.000184617368909905	-0.930120218694587	-0.000189958266486532	-0.000190136895212362
34000	-0.903296525373638	-0.000181560922063667	-0.000181613421430382	-0.929905830448366	-0.00018726532550874	-0.000187479713754961
35000	-0.902901249683357	-0.00017813966055898	-0.000178534936249261	-0.929858946212953	-0.000183703622392974	-0.000183750506628388
36000	-0.90268584818036	-0.000182399624250612	-0.000182615025753609	-0.92963541754623	-0.000187681225196318	-0.000187904753863042
37000	-0.902940133412142	-0.000176002174280166	-0.000175747889048383	-0.929713417208478	-0.000181104977623913	-0.000181026977961664
38000	-0.902882631090095	-0.000184780249936671	-0.000184837752258719	-0.929979755973993	-0.000190224605252047	-0.000189958266486532
39000	-0.902494173773537	-0.000181172464747108	-0.000181560922063667	-0.929972853162206	-0.000187258422696952	-0.00018726532550874
40000	-0.902056847927046	-0.000177702334712488	-0.00017813966055898	-0.929751562104197	-0.000183482331334965	-0.000183703622392974
41000	-0.902192223254243	-0.00018253499957781	-0.000182399624250612	-0.929534746263616	-0.000187464409355737	-0.000187681225196318
42000	-0.901955353373301	-0.000175765304399223	-0.000176002174280166	-0.92946400827493	-0.000181034239635227	-0.000181104977623913
43000	-0.902174322384531	-0.000184999218947902	-0.000184780249936671	-0.930000189985645	-0.000190760786962764	-0.000190224605252047
44000	-0.901936629232458	-0.000180934771595035	-0.000181172464747108	-0.929902009625939	-0.000187160242337247	-0.000187258422696952
45000	-0.901893671367052	-0.000177659376847083	-0.000177702334712488	-0.929845984970024	-0.00018342630667905	-0.000183482331334965
46000	-0.902092691885502	-0.000182734020096259	-0.00018253499957781	-0.92974603141096	-0.000187364455796673	-0.000187464409355737
47000	-0.901925462298404	-0.000175598074812124	-0.000175765304399223	-0.929863632525542	-0.00018115184074981	-0.000181034239635227
48000	-0.901964514903318	-0.000185038271552817	-0.000184999218947902	-0.929889069492527	-0.000190786223929747	-0.000190760786962764
49000	-0.901699358270708	-0.000180669614962424	-0.000180934771595035	-0.929815819471418	-0.000187086992316136	-0.000187160242337247
50000	-0.901912458836443	-0.000177872477412817	-0.000177659376847083	-0.930223634214304	-0.000183834121421937	-0.00018342630667905
51000	-0.901385058684455	-0.00018220661994427	-0.000182734020096259	-0.930158553575952	-0.000187299375158321	-0.000187364455796673
52000	-0.901048615215739	-0.00017526163134341	-0.000175598074812124	-0.929632398885418	-0.000180625686059276	-0.00018115184074981
53000	-0.901178713163894	-0.000185168369500972	-0.000185038271552817	-0.929473528666723	-0.000190627353711052	-0.000190786223929747
54000	-0.901197901714093	-0.000180688803512624	-0.000180669614962424	-0.929727053955923	-0.000187340517605336	-0.000187086992316136
55000	-0.90127490922908	-0.000177949484927804	-0.000177872477412817	-0.929874905007177	-0.000183981972473189	-0.000183834121421937
56000	-0.900611838216668	-0.000181543548931859	-0.00018220661994427	-0.929409883475471	-0.000186834353626615	-0.000187299375158321
57000	-0.900425082327113	-0.000175074875453854	-0.00017526163134341	-0.929655387148527	-0.000180871189732332	-0.000180625686059276
58000	-0.899444144220214	-0.000184187431394072	-0.000185168369500972	-0.928927552140505	-0.000189899518703031	-0.000190627353711052
59000	-0.899315523938191	-0.0001805601832306	-0.000180688803512624	-0.928565925018999	-0.000186978890483831	-0.000187340517605336
60000	-0.899370239804104	-0.000178004200793717	-0.000177949484927804	-0.928466119226547	-0.000183882166680739	-0.000183981972473189
61000	-0.899386240817361	-0.000181559549945116	-0.000181543548931859	-0.928768111964874	-0.000187136346364941	-0.000186834353626615
62000	-0.899110128345858	-0.000174798762982352	-0.000175074875453854	-0.92855097948155	-0.000180654057249008	-0.000180871189732332
63000	-0.898537490500718	-0.000183614793548931	-0.000184187431394072	-0.928435046018745	-0.000189783585240226	-0.000189899518703031
64000	-0.898498775648062	-0.000180521468377945	-0.0001805601832306	-0.927938909060204	-0.000186482753525288	-0.000186978890483831
65000	-0.897985729967069	-0.000177491155112724	-0.000178004200793717	-0.927446191843283	-0.000183389449463818	-0.000183882166680739
66000	-0.898152854006586	-0.000181726673984632	-0.000181559549945116	-0.927280925441189	-0.000186971079962847	-0.000187136346364941
67000	-0.897861437135861	-0.000174507346111627	-0.000174798762982352	-0.927571899012075	-0.000180945030819894	-0.000180654057249008
68000	-0.897101494553745	-0.000182854850966816	-0.000183614793548931	-0.926848454783416	-0.000189060141011569	-0.000189783585240226
69000	-0.897109410622309	-0.000180529384446509	-0.000180521468377945	-0.926906062653044	-0.000186540361394917	-0.000186482753525288
70000	-0.89706839483239	-0.000177450139322807	-0.000177491155112724	-0.926450857046357	-0.000182934243857131	-0.000183389449463818
71000	-0.896943722029891	-0.000181602001182134	-0.000181726673984632	-0.926846491598413	-0.000187366714514903	-0.000186971079962847
72000	-0.897176855526471	-0.000174740479608208	-0.000174507346111627	-0.926727053955923	-0.000180825593177404	-0.000180945030819894
73000	-0.896924132398885	-0.000182602127839231	-0.000182854850966816	-0.926265789918095	-0.000188598876973739	-0.000189060141011569
74000	-0.896336675673394	-0.000179941927721016	-0.000180529384446509	-0.926084058093388	-0.000186358629570212	-0.000186540361394917
75000	-0.896471079962847	-0.000177584543612262	-0.000177450139322807	-0.926048847420417	-0.000182899033184159	-0.000182934243857131
76000	-0.896417820653551	-0.000181548741872837	-0.000181602001182134	-0.925508443806468	-0.000186826310900954	-0.000187366714514903
77000	-0.895948176137803	-0.00017427083509246	-0.000174740479608208	-0.924937199189395	-0.000180254348560332	-0.000180825593177404
78000	-0.895761209153086	-0.000182415160854513	-0.000182602127839231	-0.924907160347885	-0.000188568838132231	-0.000188598876973739
79000	-0.895543506712826	-0.000179724225280757	-0.000179941927721016	-0.924950857046356	-0.000186402326268683	-0.000186358629570212
80000	-0.895515198851642	-0.000177556235751077	-0.000177584543612262	-0.924801465000422	-0.000182749641138226	-0.000182899033184159
81000	-0.895355146500042	-0.000181388689521237	-0.000181548741872837	-0.925246643586929	-0.00018727148948746	-0.000186826310900954
82000	-0.895803934813814	-0.000174719623406232	-0.00017427083509246	-0.925315460609643	-0.000180323165583044	-0.000180254348560332
83000	-0.895999472262096	-0.000182610698302794	-0.000182415160854513	-0.925433673900194	-0.000188687051422781	-0.000188568838132231
84000	-0.895996939120155	-0.000179721692138816	-0.000179724225280757	-0.925288144895719	-0.000186256797264207	-0.000186402326268683
85000	-0.895139723887528	-0.00017669902051845	-0.000177556235751077	-0.924559507726083	-0.000182021003968589	-0.000182749641138226
86000	-0.894511040276957	-0.000180760005910664	-0.000181388689521237	-0.92407958287596	-0.00018679156463734	-0.00018727148948746
87000	-0.894803554842523	-0.000175012137971798	-0.000174719623406232	-0.924624672802499	-0.000180868255509584	-0.000180323165583044
88000	-0.894755256269526	-0.000182562399729798	-0.000182610698302794	-0.925100713501647	-0.000189163092121929	-0.000188687051422781
89000	-0.894328907371443	-0.000179295343240733	-0.000179721692138816	-0.924901502997551	-0.000186057586760113	-0.000186256797264207
90000	-0.893866060119902	-0.000176236173266909	-0.00017669902051845	-0.924438930169721	-0.000181558431140759	-0.000182021003968589
91000	-0.893783353035548	-0.00018067729882631	-0.000180760005910664	-0.923982647977708	-0.000186335282445326	-0.00018679156463734
92000	-0.893998754538546	-0.000175227539474794	-0.000175012137971798	-0.924120683103943	-0.000181006290635819	-0.000180868255509584
93000	-0.894071772354978	-0.000182635417546228	-0.000182562399729798	-0.924019505192941	-0.000189061914210925	-0.000189163092121929
94000	-0.893628240310732	-0.000178851811196487	-0.000179295343240733	-0.923189901207464	-0.000185227982774636	-0.000186057586760113
95000	-0.893479988178671	-0.000176087921134848	-0.000176236173266909	-0.922988199780461	-0.000181356729713754	-0.000181558431140759
96000	-0.892854850966816	-0.000180052161614455	-0.00018067729882631	-0.922431119648738	-0.000185778202313604	-0.000186335282445326
97000	-0.89280864223592	-0.000175181330743899	-0.000175227539474794	-0.92234788482648	-0.000180923055813562	-0.000181006290635819
98000	-0.892925631174533	-0.000182752406484842	-0.000182635417546228	-0.922507747192434	-0.000189221776576881	-0.000189061914210925
99000	-0.893041839061049	-0.000178968019083003	-0.000178851811196487	-0.922626319344761	-0.000185346554926962	-0.000185227982774636
100000	-0.892987840918686	-0.000176033922992485	-0.000176087921134848	-0.922767584226969	-0.000181497994595964	-0.000181356729713754
101000	-0.892956197753948	-0.000180020518449718	-0.000180052161614455	-0.92289489571899	-0.000185905513805623	-0.000185778202313604
102000	-0.892475808494469	-0.00017470094148442	-0.000175181330743899	-0.922465042641223	-0.000180493202735793	-0.000180923055813562
103000	-0.892463501646542	-0.000182740099636917	-0.000182752406484842	-0.922401946297391	-0.000189158680233049	-0.000189221776576881
104000	-0.892607827408596	-0.000179112344845056	-0.000178968019083003	-0.92231541839061	-0.000185260027020181	-0.000185346554926962
105000	-0.892114983534577	-0.000175541079118467	-0.000176033922992485	-0.921788271552816	-0.000180970847758171	-0.000181497994595964
106000	-0.891761124715022	-0.000179666659630162	-0.000180020518449718	-0.921929304230347	-0.000186046546483154	-0.000185905513805623
107000	-0.891102191167778	-0.000174042007937178	-0.00017470094148442	-0.921421915899688	-0.000179985814405133	-0.000180493202735793
108000	-0.890449358270708	-0.000182087266739847	-0.000182740099636917	-0.92084193194292	-0.000188578696276282	-0.000189158680233049
109000	-0.890388795068817	-0.000179051781643165	-0.000179112344845056	-0.920910221227729	-0.00018532831630499	-0.000185260027020181
110000	-0.889708984210082	-0.000174861268259731	-0.000175541079118467	-0.921009077091953	-0.000181069703622393	-0.000180970847758171
111000	-0.889624883897661	-0.00017958255931774	-0.000179666659630162	-0.921058220045597	-0.000186095689436798	-0.000186046546483154
112000	-0.889198155028287	-0.000173615279067804	-0.000174042007937178	-0.920857151904078	-0.000179784746263615	-0.000179985814405133
113000	-0.888553977032846	-0.000181443088744407	-0.000182087266739847	-0.920357785189563	-0.000188079329561766	-0.000188578696276282
114000	-0.888571329055138	-0.000179069133665456	-0.000179051781643165	-0.921014291142447	-0.000185984822257874	-0.00018532831630499
115000	-0.888300071772355	-0.000174590010976948	-0.000174861268259731	-0.92055720678882	-0.000180612619268767	-0.000181069703622393
116000	-0.888126952630246	-0.000179409440175632	-0.00017958255931774	-0.920161909989023	-0.000185700392637001	-0.000186095689436798
117000	-0.888017647555518	-0.000173505973993076	-0.000173615279067804	-0.919725344085114	-0.000179348180359707	-0.000179784746263615
118000	-0.887576606434181	-0.000181002047623069	-0.000181443088744407	-0.919213649413155	-0.000187567634889809	-0.000188079329561766
119000	-0.88767240141856	-0.000179164928649835	-0.000179069133665456	-0.919347694840834	-0.000186118867685552	-0.000185984822257874
120000	-0.887627311492021	-0.00017454492105041	-0.000174590010976948	-0.919126298235244	-0.000180391222663176	-0.000180612619268767
121000	-0.887685869289876	-0.000179467997973486	-0.000179409440175632	-0.919138035126235	-0.00018571212952799	-0.000185700392637001
122000	-0.887427256607279	-0.000173247361310479	-0.000173505973993076	-0.919235751076585	-0.000179445896310057	-0.000179348180359707
123000	-0.887310943173182	-0.000180885734188973	-0.000181002047623069	-0.918873026260238	-0.00018720491007346	-0.000187567634889809
124000	-0.886823482225787	-0.00017867746770244	-0.000179164928649835	-0.917783479692645	-0.00018502932111796	-0.000186118867685552
125000	-0.886800620619775	-0.000174522059444397	-0.00017454492105041	-0.917655893776915	-0.000180263636747445	-0.000180391222663176
126000	-0.88666898167694	-0.000179336359030651	-0.000179467997973486	-0.917619479861522	-0.000185675715612597	-0.00018571212952799
127000	-0.886563455205607	-0.000173141834839145	-0.000173247361310479	-0.917400827493034	-0.000179227243941569	-0.000179445896310057
128000	-0.886816093895128	-0.000181138372878494	-0.000180885734188973	-0.917885523093811	-0.000187689605674237	-0.00018720491007346
129000	-0.885943194291987	-0.0001778045680993	-0.00017867746770244	-0.917382335556869	-0.000184526133581018	-0.00018502932111796
130000	-0.88537395507895	-0.00017395282023136	-0.000174522059444397	-0.917089483239044	-0.00017997078442962	-0.000180263636747445
131000	-0.884844992822765	-0.000178807396774466	-0.000179336359030651	-0.916566494975935	-0.000185152727349489	-0.000185675715612597
132000	-0.884525162543275	-0.000172822004559656	-0.000173141834839145	-0.916364772439416	-0.000179025521405049	-0.000179227243941569
133000	-0.884303195980748	-0.000180916406315967	-0.000181138372878494	-0.916515093304061	-0.000187839926538883	-0.000187689605674237
134000	-0.88431883813223	-0.000177820210250781	-0.0001778045680993	-0.916306510174787	-0.000184317550451744	-0.000184526133581018
135000	-0.88444532635312	-0.000174079308452251	-0.00017395282023136	-0.916261715781474	-0.000179925990036308	-0.00017997078442962
136000	-0.883431309634383	-0.000177793380055728	-0.000178807396774466	-0.915561956429959	-0.000184452967997974	-0.000185152727349489
137000	-0.882920163809846	-0.000172310858735118	-0.000172822004559656	-0.914920163809846	-0.000178383728784936	-0.000179025521405049
138000	-0.882481402516254	-0.000180477645022376	-0.000180916406315967	-0.91502066621633	-0.000187940428945368	-0.000187839926538883
139000	-0.881911508908216	-0.000177250316642744	-0.000177820210250781	-0.91516826395339	-0.000184465148188802	-0.000184317550451744
140000	-0.881356687494723	-0.000173524487038757	-0.000174079308452251	-0.914967955754454	-0.000179725681837373	-0.000179925990036308
141000	-0.881540086971207	-0.000177976779532214	-0.000177793380055728	-0.914862999240057	-0.000184348011483578	-0.000184452967997974
142000	-0.881653445073039	-0.000172424216836951	-0.000172310858735118	-0.914464514903318	-0.000177985244448198	-0.000178383728784936
143000	-0.881540192518787	-0.000180364392468126	-0.000180477645022376	-0.91378174871232	-0.00018725766275437	-0.000187940428945368
144000	-0.881623701764756	-0.000177333825888712	-0.000177250316642744	-0.913729629316896	-0.00018441302879338	-0.000184465148188802
145000	-0.881949442708773	-0.000173850227982776	-0.000173524487038757	-0.914183420586	-0.000180179473106476	-0.000179725681837373
146000	-0.882135628641392	-0.000178162965464832	-0.000177976779532214	-0.914718884573166	-0.000184883475470743	-0.000184348011483578
147000	-0.881951131470067	-0.000172239719665625	-0.000172424216836951	-0.914542197922824	-0.000177808557797855	-0.000177985244448198
148000	-0.881863020349574	-0.000180276281347632	-0.000180364392468126	-0.914414042050156	-0.000187129506881702	-0.00018725766275437
149000	-0.881709131976695	-0.000177179937515833	-0.000177333825888712	-0.914302034957359	-0.000184301021700583	-0.00018441302879338
150000	-0.882057438993498	-0.000174198534999578	-0.000173850227982776	-0.914326163134341	-0.000180203601283459	-0.000180179473106476
151000	-0.882298087477835	-0.000178403613949169	-0.000178162965464832	-0.914179641982606	-0.000184736954319006	-0.000184883475470743
152000	-0.881950582622646	-0.000171892214810436	-0.000172239719665625	-0.914148357679642	-0.000177777273494892	-0.000177808557797855
153000	-0.882080912775479	-0.000180406611500463	-0.000180276281347632	-0.914135987503166	-0.000187117136705227	-0.000187129506881702
154000	-0.882423857975175	-0.000177522882715528	-0.000177179937515833	-0.914523790424723	-0.00018468882462214	-0.000184301021700583
155000	-0.882535485096682	-0.000174310162121084	-0.000174198534999578	-0.91468242843874	-0.000180362239297475	-0.000180203601283459
156000	-0.88258796335388	-0.000178456092206367	-0.000178403613949169	-0.914772671620366	-0.000184827197500634	-0.000184736954319006
157000	-0.882592881871147	-0.000171897133327704	-0.000171892214810436	-0.91501163134341	-0.000178016233217934	-0.000177777273494892
158000	-0.882453284640716	-0.000180267014270032	-0.000180406611500463	-0.915206556615722	-0.000187312061977539	-0.000187117136705227
159000	-0.882594676180022	-0.000177664274254834	-0.000177522882715528	-0.915636093050747	-0.000185118361057165	-0.00018468882462214
160000	-0.882101705648907	-0.000173817191589969	-0.000174310162121084	-0.915029447775057	-0.000179755594021785	-0.000180362239297475
161000	-0.881938845731656	-0.000178293232289115	-0.000178456092206367	-0.914801359452841	-0.000184599109178417	-0.000184827197500634
162000	-0.88169036561682	-0.000171648653212867	-0.000171897133327704	-0.914692159925695	-0.000177907033690787	-0.000178016233217934
163000	-0.881666110782741	-0.000180242759435954	-0.000180267014270032	-0.915093726251794	-0.00018771362830364	-0.000187312061977539
164000	-0.881826184243857	-0.000177824347715949	-0.000177664274254834	-0.915324115511272	-0.000185348750316643	-0.000185118361057165
165000	-0.881407434771595	-0.000173398442117706	-0.000173817191589969	-0.915369458752005	-0.000179800937262518	-0.000179755594021785
166000	-0.881728426074474	-0.000178614223591995	-0.000178293232289115	-0.915330363928059	-0.000184560014354472	-0.000184599109178417
167000	-0.882193489825213	-0.000172113716963607	-0.000171648653212867	-0.915692371020856	-0.000178269040783585	-0.000177907033690787
168000	-0.881904880520138	-0.000179954150130878	-0.000180242759435954	-0.915594781727603	-0.000187616039010386	-0.00018771362830364
169000	-0.881766402094064	-0.000177685869289876	-0.000177824347715949	-0.91556486954319	-0.000185318838132231	-0.000185348750316643
170000	-0.881686481465845	-0.000173318521489488	-0.000173398442117706	-0.915421451490332	-0.000179657519209659	-0.000179800937262518
171000	-0.881221269948493	-0.000178149012074643	-0.000178614223591995	-0.915297686397028	-0.000184436249261167	-0.000184560014354472
172000	-0.881480368149962	-0.000172372815165078	-0.000172113716963607	-0.915547433082834	-0.000178518787469392	-0.000178269040783585
173000	-0.881432533986321	-0.000179906315967238	-0.000179954150130878	-0.915826627543697	-0.000187895233471249	-0.000187616039010386
174000	-0.881114434687157	-0.000177367769990711	-0.000177685869289876	-0.915379063581863	-0.000184871274170396	-0.000185318838132231
175000	-0.880772587182302	-0.000172976673984632	-0.000173318521489488	-0.915098686988094	-0.000179377142615891	-0.000179657519209659
176000	-0.880914337583383	-0.000178290762475724	-0.000178149012074643	-0.915153803934814	-0.000184491366207885	-0.000184436249261167
177000	-0.880849848011484	-0.000172308325593179	-0.000172372815165078	-0.915374145064595	-0.000178739128599172	-0.000178518787469392
178000	-0.880869902051845	-0.000179926370007598	-0.000179906315967238	-0.915426306679051	-0.000187947395085704	-0.000187895233471249
179000	-0.880727265051085	-0.000177225132989952	-0.000177367769990711	-0.915227602803344	-0.000184672570294689	-0.000184871274170396
180000	-0.880581250527738	-0.000172830659461284	-0.000172976673984632	-0.914892848095922	-0.000179042387908469	-0.000179377142615891
181000	-0.880308811112049	-0.000178018323060034	-0.000178290762475724	-0.915128704720088	-0.000184727222832054	-0.000184491366207885
182000	-0.880075192096597	-0.000172074706577726	-0.000172308325593179	-0.915069766950941	-0.000178680190830026	-0.000178739128599172
183000	-0.879750738833066	-0.000179601916744067	-0.000179926370007598	-0.91436728447184	-0.000187244912606603	-0.000187947395085704
184000	-0.879652875116102	-0.000177127269272988	-0.000177225132989952	-0.914169234991134	-0.000184474520813982	-0.000184672570294689
185000	-0.879476146246728	-0.000172653930591911	-0.000172830659461284	-0.913972979819303	-0.000178846132736638	-0.000179042387908469
186000	-0.879453474626362	-0.00017799565143967	-0.000178018323060034	-0.913853647724394	-0.000184607890737144	-0.000184727222832054
187000	-0.879715654817192	-0.000172336886768555	-0.000172074706577726	-0.914333931436291	-0.000179160474541924	-0.000178680190830026
188000	-0.879262201300346	-0.000179148463227222	-0.000179601916744067	-0.913804610318331	-0.000186715591488643	-0.000187244912606603
189000	-0.879252364265811	-0.000177117432238453	-0.000177127269272988	-0.91386033944102	-0.000184530249936672	-0.000184474520813982
190000	-0.878997445748543	-0.000172399012074644	-0.000172653930591911	-0.913773072701174	-0.00017875886599679	-0.000178846132736638
191000	-0.878902811787554	-0.00017790101747868	-0.00017799565143967	-0.913766359875032	-0.000184601177911002	-0.000184607890737144
192000	-0.879172633623237	-0.00017260670860424	-0.000172336886768555	-0.913558494469307	-0.000178952609136199	-0.000179160474541924
193000	-0.879129506881702	-0.000179105336485688	-0.000179148463227222	-0.913154753863041	-0.000186311850882379	-0.000186715591488643
194000	-0.87866942497678	-0.00017665735033353	-0.000177117432238453	-0.91272988263109	-0.00018410537870472	-0.000184530249936672
195000	-0.878309697711728	-0.000172039284809592	-0.000172399012074644	-0.912901714092713	-0.000178930697458414	-0.00017875886599679
196000	-0.877866608967322	-0.000177457928734273	-0.00017790101747868	-0.912648716541417	-0.000184348180359707	-0.000184601177911002
197000	-0.877793844465085	-0.000172533944102002	-0.00017260670860424	-0.912610740521827	-0.00017891463311661	-0.000178952609136199
198000	-0.877812061977539	-0.000179123553998143	-0.000179105336485688	-0.912998606771933	-0.000186699717132483	-0.000186311850882379
199000	-0.877472409862366	-0.000176317698218356	-0.00017665735033353	-0.913060647639956	-0.000184167419572744	-0.00018410537870472
200000	-0.87745794984379	-0.000172024824791017	-0.000172039284809592	-0.913049459596386	-0.000178919509414844	-0.000178930697458414
201000	-0.877514565566157	-0.000177514544456641	-0.000177457928734273	-0.913112197078443	-0.000184410917841764	-0.000184348180359707
202000	-0.877289833657013	-0.000172309212192858	-0.000172533944102002	-0.913082685974837	-0.000178885122013003	-0.00017891463311661
203000	-0.877460968504602	-0.000179294688845731	-0.000179123553998143	-0.913311302034957	-0.000186928333192604	-0.000186699717132483
204000	-0.877305855779785	-0.000176162585493541	-0.000176317698218356	-0.913026302457148	-0.000183882419994933	-0.000184167419572744
205000	-0.877426961074052	-0.000172145930085284	-0.000172024824791017	-0.913193806467956	-0.000179087013425652	-0.000178919509414844
206000	-0.877086105716457	-0.000177173689099047	-0.000177514544456641	-0.91314065270624	-0.000184357764080049	-0.000184410917841764
207000	-0.8773548298573	-0.000172577936333699	-0.000172309212192858	-0.912878958034282	-0.000178623427341046	-0.000178885122013003
208000	-0.877332981508064	-0.000179272840496496	-0.000179294688845731	-0.913256079540657	-0.000187305454698979	-0.000186928333192604
209000	-0.877330680570801	-0.000176160284556279	-0.000176162585493541	-0.913301338343325	-0.000183927678797602	-0.000183882419994933
210000	-0.877730220383349	-0.000172545469897831	-0.000172145930085284	-0.913349869121	-0.000179135544203328	-0.000179087013425652
211000	-0.877901524107067	-0.000177344992822764	-0.000177173689099047	-0.913596934898252	-0.0001846048298573	-0.000184357764080049
212000	-0.877600987925357	-0.000172277400151988	-0.000172577936333699	-0.913288757071688	-0.000178315249514481	-0.000178623427341046
213000	-0.878011610233893	-0.000179683462805033	-0.000179272840496496	-0.913430950772608	-0.0001874476483999	-0.000187305454698979
214000	-0.877972684286076	-0.000176121358608461	-0.000176160284556279	-0.913017119817614	-0.000183513847842609	-0.000183927678797602
215000	-0.878074178839821	-0.000172646964451574	-0.000172545469897831	-0.913138689521236	-0.000179257113906949	-0.000179135544203328
216000	-0.878015029975513	-0.000177285843958455	-0.000177344992822764	-0.912914823102254	-0.000184380963438318	-0.0001846048298573
217000	-0.877851093472938	-0.000172113463649413	-0.000172277400151988	-0.912590623152917	-0.000177991049565144	-0.000178315249514481
218000	-0.877756797264207	-0.000179589166596302	-0.000179683462805033	-0.912445495229249	-0.000187302520476232	-0.0001874476483999
219000	-0.877723338681077	-0.000176087900025333	-0.000176121358608461	-0.912571054631428	-0.000183639407244786	-0.000183513847842609
220000	-0.878110022798277	-0.000173033648568775	-0.000172646964451574	-0.912522734948915	-0.000179208794224437	-0.000179257113906949
221000	-0.877945854091024	-0.000177121675251203	-0.000177285843958455	-0.91211601790087	-0.000183974246390272	-0.000184380963438318
222000	-0.87757930845225	-0.00017174691801064	-0.000172113463649413	-0.912377311492021	-0.000178252343156294	-0.000177991049565144
223000	-0.877759710377438	-0.000179769568521489	-0.000179589166596302	-0.912703073545554	-0.000187628282529764	-0.000187302520476232
224000	-0.877548129696867	-0.00017587631934476	-0.000176087900025333	-0.912471924343494	-0.000183408258042726	-0.000183639407244786
225000	-0.877523853753272	-0.00017300937262518	-0.000173033648568775	-0.912460905176053	-0.000179197775056996	-0.000179208794224437
226000	-0.876895402347378	-0.000176493223845309	-0.000177121675251203	-0.911823123364012	-0.000183336464578231	-0.000183974246390272
227000	-0.876634319851389	-0.000171485835514651	-0.00017174691801064	-0.911876783754116	-0.000178306003546398	-0.000178252343156294
228000	-0.876207443215401	-0.000179342691885502	-0.000179769568521489	-0.911663725407414	-0.000187415224183062	-0.000187628282529764
229000	-0.875711454023474	-0.000175380330152832	-0.00017587631934476	-0.911425546736469	-0.000183170079371781	-0.000183408258042726
230000	-0.875992674997889	-0.000173290593599594	-0.00017300937262518	-0.912093430718568	-0.000179865659039094	-0.000179197775056996
231000	-0.875824917672887	-0.000176325466520307	-0.000176493223845309	-0.912178945368572	-0.000183421979228236	-0.000183336464578231
232000	-0.87536287258296	-0.000171023790424724	-0.000171485835514651	-0.911804019251879	-0.000177931077429706	-0.000178306003546398
233000	-0.87531983027949	-0.000179299649582032	-0.000179342691885502	-0.911835198007262	-0.000187446402938445	-0.000187415224183062
234000	-0.874702799121844	-0.000174763298995186	-0.000175380330152832	-0.911254496326944	-0.000182589377691464	-0.000183170079371781
235000	-0.874614118044414	-0.000173201912522165	-0.000173290593599594	-0.911417124039517	-0.000180028286751668	-0.000179865659039094
236000	-0.874924850122435	-0.000176636198598327	-0.000176325466520307	-0.91139236257705	-0.00018339721776577	-0.000183421979228236
237000	-0.874429810858735	-0.000170528751161024	-0.000171023790424724	-0.911030207717639	-0.000177568922570294	-0.000177931077429706
238000	-0.873850671282614	-0.000178720510005911	-0.000179299649582032	-0.910372899603141	-0.000186789094823947	-0.000187446402938445
239000	-0.873441568859242	-0.000174354196571817	-0.000174763298995186	-0.909958963100566	-0.000182175441188888	-0.000182589377691464
240000	-0.873137760702525	-0.000172898104365448	-0.000173201912522165	-0.909929093135185	-0.000179998416786288	-0.000180028286751668
241000	-0.873230220383349	-0.000176728658279152	-0.000176636198598327	-0.910159799037406	-0.00018362792366799	-0.00018339721776577
242000	-0.873942497677953	-0.000171241028455627	-0.000170528751161024	-0.910897027780123	-0.000178306151313012	-0.000177568922570294
243000	-0.873744131554505	-0.000178522143882462	-0.000178720510005911	-0.910857067466014	-0.000186749134509837	-0.000186789094823947
244000	-0.87348429451997	-0.00017409435953728	-0.000174354196571817	-0.910521996115849	-0.000181840369838723	-0.000182175441188888
245000	-0.873708920881533	-0.000173122730727013	-0.000172898104365448	-0.910634045427679	-0.000180110466098118	-0.000179998416786288
246000	-0.874141940386726	-0.000177161677784344	-0.000176728658279152	-0.911195136367475	-0.000184189014607785	-0.00018362792366799
247000	-0.874352001182133	-0.000171451089251034	-0.000171241028455627	-0.911141792620113	-0.000178252807565649	-0.000178306151313012
248000	-0.874417145149033	-0.000178587287849362	-0.000178522143882462	-0.910870324242168	-0.000186477666131892	-0.000186749134509837
249000	-0.874263826733091	-0.000173941041121338	-0.00017409435953728	-0.910804483661234	-0.000181774529257789	-0.000181840369838723
250000	-0.873845963860508	-0.00017270486785443	-0.000173122730727013	-0.91040382504433	-0.000179709807481214	-0.000180110466098118
