Distance from Center (cmd=annotatePeaks.pl /expanse/lustre/projects/csd940/ctea/homer/homer_scripts/reference_peaks/H3K27me3.bed mm10 -size 500000 -hist 1000 -bedGraph /expanse/lustre/projects/csd940/ctea/homer/bwt2_bam/tags/ctrl_M3/tagdirs/tagdirs.DLR.bedGraph /expanse/lustre/projects/csd940/ctea/homer/bwt2_bam/tags/mut_M3/tagdirs/tagdirs.DLR.bedGraph)	/expanse/lustre/projects/csd940/ctea/homer/bwt2_bam/tags/ctrl_M3/tagdirs/tagdirs.DLR.bedGraph Coverage	/expanse/lustre/projects/csd940/ctea/homer/bwt2_bam/tags/ctrl_M3/tagdirs/tagdirs.DLR.bedGraph + Tags	/expanse/lustre/projects/csd940/ctea/homer/bwt2_bam/tags/ctrl_M3/tagdirs/tagdirs.DLR.bedGraph - Tags	/expanse/lustre/projects/csd940/ctea/homer/bwt2_bam/tags/mut_M3/tagdirs/tagdirs.DLR.bedGraph Coverage	/expanse/lustre/projects/csd940/ctea/homer/bwt2_bam/tags/mut_M3/tagdirs/tagdirs.DLR.bedGraph + Tags	/expanse/lustre/projects/csd940/ctea/homer/bwt2_bam/tags/mut_M3/tagdirs/tagdirs.DLR.bedGraph - Tags
-250000	-0.742259029666646	-0.00015161990005693	-0.000151625023720666	-0.872922259472452	-0.000177648364855462	-0.000177857676007337
-249000	-0.74178847491935	-0.000147256436207224	-0.00014772699095452	-0.872200898222531	-0.000172552976152824	-0.000173274337402746
-248000	-0.741273578341451	-0.000147021063950914	-0.000147535960528813	-0.872106774622051	-0.000173479853248149	-0.00017357397684863
-247000	-0.741073881965969	-0.000147848820292239	-0.000148048516667721	-0.872098867733569	-0.000174508824087545	-0.000174516730976026
-246000	-0.740950597760769	-0.000147204377253463	-0.000147327661458663	-0.871873300018977	-0.000173683281674995	-0.000173908849389588
-245000	-0.740852109557847	-0.000151521411854007	-0.00015161990005693	-0.871686444430388	-0.000177461509266873	-0.000177648364855462
-244000	-0.740184325384275	-0.000146588652033652	-0.000147256436207224	-0.871105825795433	-0.00017197235751787	-0.000172552976152824
-243000	-0.739944335505092	-0.000146781074071731	-0.000147021063950914	-0.871148902523879	-0.000173522929976595	-0.000173479853248149
-242000	-0.739940350433298	-0.000147844835220444	-0.000147848820292239	-0.87106559554684	-0.000174425517110506	-0.000174508824087545
-241000	-0.739302169650199	-0.000146566196470365	-0.000147204377253463	-0.870610348535644	-0.0001732280346638	-0.000173683281674995
-240000	-0.739033651717376	-0.000151252893921184	-0.000151521411854007	-0.870228477449554	-0.000177079638180783	-0.000177461509266873
-239000	-0.738563603010943	-0.000146118603327219	-0.000146588652033652	-0.869984502498577	-0.000171728382566892	-0.00017197235751787
-238000	-0.738291606047188	-0.000146509077107977	-0.000146781074071731	-0.869787652602948	-0.000173326080080966	-0.000173522929976595
-237000	-0.738138022645329	-0.000147691251818584	-0.000147844835220444	-0.869673160857739	-0.000174311025365298	-0.000174425517110506
-236000	-0.737982415080018	-0.000146410588905054	-0.000146566196470365	-0.869640268201657	-0.000173195142007718	-0.0001732280346638
-235000	-0.737548421785059	-0.000150818900626225	-0.000151252893921184	-0.869573787083307	-0.000177013157062433	-0.000177079638180783
-234000	-0.737360617369853	-0.000145930798912012	-0.000146118603327219	-0.86952602947688	-0.000171680624960465	-0.000171728382566892
-233000	-0.737362515023088	-0.000146510974761212	-0.000146509077107977	-0.869366310329559	-0.000173166360933645	-0.000173326080080966
-232000	-0.737142893288633	-0.000147471630084129	-0.000147691251818584	-0.869067429944968	-0.000174012144980707	-0.000174311025365298
-231000	-0.737146309064457	-0.000146414004680878	-0.000146410588905054	-0.86895028148523	-0.000173077993547979	-0.000173195142007718
-230000	-0.736528306660763	-0.000150200898222532	-0.000150818900626225	-0.868025934594219	-0.000176088810171421	-0.000177013157062433
-229000	-0.735841672465051	-0.000145244164716301	-0.000145930798912012	-0.867646277436903	-0.00017130096780315	-0.000171680624960465
-228000	-0.735978176987792	-0.000146647479283952	-0.000146510974761212	-0.867709153014106	-0.000173229236510848	-0.000173166360933645
-227000	-0.73600999430704	-0.000147503447403378	-0.000147471630084129	-0.867944145739769	-0.00017424713770637	-0.000174012144980707
-226000	-0.735661648428111	-0.000146065658801948	-0.000146414004680878	-0.867904990828009	-0.00017303883863622	-0.000173077993547979
-225000	-0.735208362325258	-0.000149747612119679	-0.000150200898222532	-0.867566386235688	-0.0001757502055791	-0.000176088810171421
-224000	-0.734362072237333	-0.000144397874628376	-0.000145244164716301	-0.867131127838573	-0.000170865709406035	-0.00017130096780315
-223000	-0.734098930988677	-0.000146384338035296	-0.000146647479283952	-0.866684167246505	-0.000172782275918781	-0.000173229236510848
-222000	-0.734139034727054	-0.000147543551141754	-0.000147503447403378	-0.866914921879942	-0.000174477892339807	-0.00017424713770637
-221000	-0.733667973938896	-0.00014559459801379	-0.000146065658801948	-0.866484217850591	-0.00017260813460687	-0.00017303883863622
-220000	-0.733506104117908	-0.00014958574229869	-0.000149747612119679	-0.865991713580872	-0.00017525770130938	-0.0001757502055791
-219000	-0.732881270162566	-0.000143773040673034	-0.000144397874628376	-0.865310835599975	-0.000170184831425137	-0.000170865709406035
-218000	-0.732739452210766	-0.000146242520083497	-0.000146384338035296	-0.865280536403315	-0.00017275197672212	-0.000172782275918781
-217000	-0.73221241065216	-0.000147016509583149	-0.000147543551141754	-0.865207476753748	-0.00017440483269024	-0.000174477892339807
-216000	-0.731794863685243	-0.000145177051046872	-0.00014559459801379	-0.865175532924284	-0.000172576190777405	-0.00017260813460687
-215000	-0.731573850338415	-0.000149364728951863	-0.00014958574229869	-0.865418812069075	-0.000175500980454172	-0.00017525770130938
-214000	-0.731398001138592	-0.000143597191473211	-0.000143773040673034	-0.865412802833829	-0.000170178822189892	-0.000170184831425137
-213000	-0.731106331836296	-0.000145950850781201	-0.000146242520083497	-0.865475931431463	-0.000172815105319754	-0.00017275197672212
-212000	-0.730552849642609	-0.000146463027389462	-0.000147016509583149	-0.864864823834525	-0.000173793725093302	-0.00017440483269024
-211000	-0.730211778101082	-0.000144835979505345	-0.000145177051046872	-0.864783604276045	-0.000172494971218926	-0.000172576190777405
-210000	-0.730135745461446	-0.000149288696312227	-0.000149364728951863	-0.86463666266051	-0.000175354038838636	-0.000175500980454172
-209000	-0.729969004997154	-0.000143430451008919	-0.000143597191473211	-0.864294705547473	-0.000169836865076855	-0.000170178822189892
-208000	-0.729707445126194	-0.000145689290910241	-0.000145950850781201	-0.864184262129167	-0.000172704661901449	-0.000172815105319754
-207000	-0.729089252957176	-0.000145844835220444	-0.000146463027389462	-0.863628249731166	-0.0001732377126953	-0.000173793725093302
-206000	-0.728962742741476	-0.000144709469289645	-0.000144835979505345	-0.863507622240496	-0.000172374343728256	-0.000172494971218926
-205000	-0.729072490353596	-0.000149398443924347	-0.000149288696312227	-0.863790499082801	-0.000175636915680941	-0.000175354038838636
-204000	-0.728894300714783	-0.000143252261370105	-0.000143430451008919	-0.863814599278892	-0.000169860965272946	-0.000169836865076855
-203000	-0.728772218356632	-0.000145567208552091	-0.000145689290910241	-0.863876462774369	-0.000172766525396926	-0.000172704661901449
-202000	-0.728672907837308	-0.00014574552470112	-0.000145844835220444	-0.863440192295528	-0.000172801442216459	-0.0001732377126953
-201000	-0.728463723195648	-0.000144500284647985	-0.000144709469289645	-0.863296729710924	-0.000172230881143652	-0.000172374343728256
-200000	-0.728559364918717	-0.000149494085647416	-0.000149398443924347	-0.863664178632425	-0.000176004364602442	-0.000175636915680941
-199000	-0.728627870200519	-0.000143320766651907	-0.000143252261370105	-0.863903599215637	-0.000170100385856157	-0.000169860965272946
-198000	-0.728619520526283	-0.000145558858877854	-0.000145567208552091	-0.864179328230755	-0.000173042254412044	-0.000172766525396926
-197000	-0.728480928584983	-0.000145606932759821	-0.00014574552470112	-0.864208805111013	-0.000172830919096717	-0.000172801442216459
-196000	-0.728331140489595	-0.000144350496552597	-0.000144500284647985	-0.863982541590233	-0.000172004617622873	-0.000172230881143652
-195000	-0.728143842115251	-0.000149306787273072	-0.000149494085647416	-0.864013283572649	-0.000176035106584856	-0.000176004364602442
-194000	-0.728256942248087	-0.000143433866784743	-0.000143320766651907	-0.864413182364476	-0.000170500284647985	-0.000170100385856157
-193000	-0.727926244544247	-0.000145228161174015	-0.000145558858877854	-0.864293756720855	-0.000172922828768423	-0.000173042254412044
-192000	-0.727472452400531	-0.000145153140616105	-0.000145606932759821	-0.864205515845405	-0.000172742678221266	-0.000172830919096717
-191000	-0.72731893225378	-0.000144196976405845	-0.000144350496552597	-0.864003289265608	-0.000171802391043076	-0.000172004617622873
-190000	-0.727371054462648	-0.000149358909481941	-0.000149306787273072	-0.864253716237586	-0.000176285533556835	-0.000176035106584856
-189000	-0.72711474476564	-0.000143177557087735	-0.000143433866784743	-0.8644198241508	-0.0001706663925612	-0.000170500284647985
-188000	-0.72666107913214	-0.000144774495540515	-0.000145228161174015	-0.863983110886204	-0.000172486115503827	-0.000172922828768423
-187000	-0.726240495920046	-0.00014473255740401	-0.000145153140616105	-0.86384730216965	-0.000172606869504712	-0.000172742678221266
-186000	-0.726167752546018	-0.000144124233031817	-0.000144196976405845	-0.863882598519831	-0.000171837687393257	-0.000171802391043076
-185000	-0.725695995951673	-0.000148887152887596	-0.000149358909481941	-0.863503763678917	-0.000175906698715921	-0.000176285533556835
-184000	-0.725552406856854	-0.000143033967992915	-0.000143177557087735	-0.862999304193814	-0.000170161933076096	-0.0001706663925612
-183000	-0.725227149092289	-0.00014444923777595	-0.000144774495540515	-0.862665570244797	-0.000172152381554811	-0.000172486115503827
-182000	-0.724822063381618	-0.000144327471693339	-0.00014473255740401	-0.862477386298944	-0.000172418685558859	-0.000172606869504712
-181000	-0.72478936049086	-0.000144091530141059	-0.000144124233031817	-0.862367006135745	-0.000171727307230058	-0.000171837687393257
-180000	-0.724601113289898	-0.000148698905686634	-0.000148887152887596	-0.862324941489025	-0.000175864634069201	-0.000175906698715921
-179000	-0.724371687013726	-0.000142804541716744	-0.000143033967992915	-0.8621668037194	-0.000170003795306471	-0.000170161933076096
-178000	-0.724061547219938	-0.000144139097982162	-0.00014444923777595	-0.861720096147764	-0.000171705673983174	-0.000172152381554811
-177000	-0.723877221835663	-0.000144143146309065	-0.000144327471693339	-0.8614536656335	-0.000172152255044595	-0.000172418685558859
-176000	-0.723611550382693	-0.000143825858688089	-0.000144091530141059	-0.861284141944462	-0.000171557783541021	-0.000171727307230058
-175000	-0.723422923651085	-0.000148510278955026	-0.000148698905686634	-0.86088291479537	-0.000175463406920108	-0.000175864634069201
-174000	-0.723417673477133	-0.000142799291542792	-0.000142804541716744	-0.860868808906319	-0.00016998968941742	-0.000170003795306471
-173000	-0.723400468087798	-0.000144121892592827	-0.000144139097982162	-0.861019356063002	-0.000171856221139857	-0.000171705673983174
-172000	-0.723054652413182	-0.000143797330634449	-0.000144143146309065	-0.860979758365488	-0.000172112657347081	-0.000172152255044595
-171000	-0.722632424568284	-0.000143403630843191	-0.000143825858688089	-0.860680118919603	-0.000171258144095136	-0.000171557783541021
-170000	-0.722521348598899	-0.000148399202985641	-0.000148510278955026	-0.860479600227718	-0.000175262888228225	-0.000175463406920108
-169000	-0.722399772281612	-0.000142677715225505	-0.000142799291542792	-0.860797646909988	-0.00017030773609969	-0.00016998968941742
-168000	-0.722013599848188	-0.000143735720159403	-0.000144121892592827	-0.860530330824214	-0.000171588905054083	-0.000171856221139857
-167000	-0.722214371560503	-0.000143998102346765	-0.000143797330634449	-0.86083553671959	-0.000172417863242457	-0.000172112657347081
-166000	-0.721827693086217	-0.000143016952368903	-0.000143403630843191	-0.860765007274337	-0.000171187614649883	-0.000171258144095136
-165000	-0.721542665570245	-0.00014811417546967	-0.000148399202985641	-0.860645581630717	-0.000175143462584604	-0.000175262888228225
-164000	-0.721091972926814	-0.000142227022582074	-0.000142677715225505	-0.860363653615029	-0.000170025808084002	-0.00017030773609969
-163000	-0.721067746220507	-0.000143711493453097	-0.000143735720159403	-0.860458093491049	-0.000171683344930103	-0.000171588905054083
-162000	-0.720967676639889	-0.000143898032766146	-0.000143998102346765	-0.860756088304131	-0.000172715858055538	-0.000172417863242457
-161000	-0.720690998798153	-0.000142740274527168	-0.000143016952368903	-0.860446454551205	-0.000170877980896958	-0.000171187614649883
-160000	-0.720578974002151	-0.000148002150673667	-0.00014811417546967	-0.860517869567968	-0.000175214877601366	-0.000175143462584604
-159000	-0.720484028085268	-0.000142132076665191	-0.000142227022582074	-0.860428553355683	-0.000169936491871719	-0.000170025808084002
-158000	-0.720077740527548	-0.000143305205895376	-0.000143711493453097	-0.860136820798279	-0.000171391612372699	-0.000171683344930103
-157000	-0.71992320829907	-0.000143743500537669	-0.000143898032766146	-0.859964450629388	-0.000172543487886647	-0.000172715858055538
-156000	-0.71981023467645	-0.000142627300904548	-0.000142740274527168	-0.860208046049719	-0.000171121576317288	-0.000170877980896958
-155000	-0.719725662597255	-0.000147917578594472	-0.000148002150673667	-0.860328483775065	-0.000175335315326713	-0.000175214877601366
-154000	-0.719148459738124	-0.00014155487380606	-0.000142132076665191	-0.860003479030932	-0.000169611487127585	-0.000169936491871719
-153000	-0.719016952368904	-0.000143173698526156	-0.000143305205895376	-0.860044911126573	-0.000171433044468341	-0.000171391612372699
-152000	-0.718988740590803	-0.000143715288759567	-0.000143743500537669	-0.859976911885635	-0.000172475488645708	-0.000172543487886647
-151000	-0.718860775507622	-0.000142499335821368	-0.000142627300904548	-0.860023277879689	-0.000171167942311342	-0.000171121576317288
-150000	-0.718755329242836	-0.000147812132329686	-0.000147917578594472	-0.859799165032576	-0.0001751112024796	-0.000175335315326713
-149000	-0.718440445315959	-0.000141239989879182	-0.00014155487380606	-0.859713897147195	-0.000169526219242204	-0.000169611487127585
-148000	-0.718303055221709	-0.000143036308431906	-0.000143173698526156	-0.859932759820355	-0.000171651907141502	-0.000171433044468341
-147000	-0.718109115061041	-0.000143521348598899	-0.000143715288759567	-0.859752609273199	-0.000172295338098551	-0.000172475488645708
-146000	-0.71799911442849	-0.000142389335188817	-0.000142499335821368	-0.859835283699159	-0.000171250616737302	-0.000171167942311342
-145000	-0.717922385982668	-0.000147735403883864	-0.000147812132329686	-0.860060977923967	-0.000175336896704409	-0.0001751112024796
-144000	-0.717319185274211	-0.000140636789170726	-0.000141239989879182	-0.859856094629641	-0.000169321335947878	-0.000169526219242204
-143000	-0.717116768929091	-0.000142833892086786	-0.000143036308431906	-0.859361819216902	-0.000171157631728762	-0.000171651907141502
-142000	-0.716653235498766	-0.000143057815168575	-0.000143521348598899	-0.859049528749447	-0.000171983047631097	-0.000172295338098551
-141000	-0.716448921500411	-0.000142185021190461	-0.000142389335188817	-0.858658612182934	-0.000170859700170788	-0.000171250616737302
-140000	-0.716254032513125	-0.000147540514896578	-0.000147735403883864	-0.85885084445569	-0.000175529128977165	-0.000175336896704409
-139000	-0.716044341830603	-0.000140427098488203	-0.000140636789170726	-0.858425390600291	-0.000168895882092479	-0.000169321335947878
-138000	-0.715576760073376	-0.000142366310329559	-0.000142833892086786	-0.858016383072933	-0.000170748624201404	-0.000171157631728762
-137000	-0.715433866784743	-0.000142914921879942	-0.000143057815168575	-0.85813827566576	-0.000172104940223923	-0.000171983047631097
-136000	-0.714880321335948	-0.000141631475741666	-0.000142185021190461	-0.857632487823392	-0.00017035391232842	-0.000170859700170788
-135000	-0.714645075589854	-0.000147305269150484	-0.000147540514896578	-0.857789107470428	-0.000175685748624202	-0.000175529128977165
-134000	-0.714480359289013	-0.000140262382187361	-0.000140427098488203	-0.857711240432665	-0.000168818015054716	-0.000168895882092479
-133000	-0.714058004933898	-0.000141943955974445	-0.000142366310329559	-0.857543551141755	-0.000170580934910494	-0.000170748624201404
-132000	-0.713671326459612	-0.000142528243405655	-0.000142914921879942	-0.85728566006705	-0.000171847049149219	-0.000172104940223923
-131000	-0.713209058131444	-0.000141169207413499	-0.000141631475741666	-0.857498829780505	-0.000170567082041875	-0.00017035391232842
-130000	-0.712698083370232	-0.000146794294389272	-0.000147305269150484	-0.857133594787779	-0.000175320513631476	-0.000175685748624202
-129000	-0.712412233537858	-0.000139976532354988	-0.000140262382187361	-0.857200012651022	-0.000168884432917958	-0.000168818015054716
-128000	-0.712061800240369	-0.000141593522676957	-0.000141943955974445	-0.857343411980517	-0.00017072433423999	-0.000170580934910494
-127000	-0.712007400847618	-0.000142473844012904	-0.000142528243405655	-0.857222594724524	-0.000171726231893226	-0.000171847049149219
-126000	-0.711877538111202	-0.000141039344677083	-0.000141169207413499	-0.857342969194762	-0.000170687456512113	-0.000170567082041875
-125000	-0.711604086279967	-0.000146520842558037	-0.000146794294389272	-0.857122714909229	-0.000175100259345942	-0.000175320513631476
-124000	-0.711209564172307	-0.000139582010247327	-0.000139976532354988	-0.856912012144981	-0.00016867373015371	-0.000168884432917958
-123000	-0.710872414447467	-0.000141256372952116	-0.000141593522676957	-0.856699158707066	-0.000170511480802075	-0.00017072433423999
-122000	-0.711119868429376	-0.000142721297994813	-0.000142473844012904	-0.856644063508128	-0.000171671136694288	-0.000171726231893226
-121000	-0.7109105572775	-0.000140830033525207	-0.000141039344677083	-0.8569597064963	-0.000171003099500285	-0.000170687456512113
-120000	-0.710462711113922	-0.000146072996394459	-0.000146520842558037	-0.856485925738503	-0.000174626478588146	-0.000175100259345942
-119000	-0.709912075400089	-0.000139031374533494	-0.000139582010247327	-0.856013346827756	-0.000168201151242963	-0.00016867373015371
-118000	-0.709557467265482	-0.000140901764817509	-0.000141256372952116	-0.855780568030868	-0.000170278702005187	-0.000170511480802075
-117000	-0.709784173572016	-0.000142948004301348	-0.000142721297994813	-0.856143778860143	-0.000172034347523563	-0.000171671136694288
-116000	-0.709745334935796	-0.000140791194888987	-0.000140830033525207	-0.856155354544879	-0.000171014675185021	-0.000171003099500285
-115000	-0.709487127585553	-0.000145814789044215	-0.000146072996394459	-0.856258586880891	-0.000174729710924157	-0.000174626478588146
-114000	-0.709294072996394	-0.000138838319944335	-0.000139031374533494	-0.855897400215067	-0.00016783996457714	-0.000168201151242963
-113000	-0.709085078120058	-0.000140692769941173	-0.000140901764817509	-0.85563811752799	-0.00017001941931811	-0.000170278702005187
-112000	-0.709035233095072	-0.000142898159276362	-0.000142948004301348	-0.856102536529825	-0.000172498766525397	-0.000172034347523563
-111000	-0.708849895629072	-0.000140605857422987	-0.000140791194888987	-0.855712062749067	-0.000170624201404263	-0.000171014675185021
-110000	-0.708547789233981	-0.000145512682649124	-0.000145814789044215	-0.855329559111898	-0.000174347207286989	-0.000174729710924157
-109000	-0.708724966791068	-0.000139015497501423	-0.000138838319944335	-0.85541217028275	-0.000167922575747992	-0.00016783996457714
-108000	-0.708482256942248	-0.000140450060092353	-0.000140692769941173	-0.855381175279904	-0.000169988424315263	-0.00017001941931811
-107000	-0.708226579796319	-0.000142642482130432	-0.000142898159276362	-0.855615535454488	-0.000172733126699981	-0.000172498766525397
-106000	-0.708104560693276	-0.000140483838319944	-0.000140605857422987	-0.855475994686571	-0.000170484660636346	-0.000170624201404263
-105000	-0.708138844961731	-0.000145546966917579	-0.000145512682649124	-0.85552103232336	-0.000174392244923778	-0.000174347207286989
-104000	-0.707889303561263	-0.000138765956100955	-0.000139015497501423	-0.855192169017648	-0.00016759371244228	-0.000167922575747992
-103000	-0.707680941236005	-0.000140241697767095	-0.000140450060092353	-0.855172559934215	-0.00016996881523183	-0.000169988424315263
-102000	-0.707742931241698	-0.000142704472136124	-0.000142642482130432	-0.855161174014802	-0.000172721740780568	-0.000172733126699981
-101000	-0.707663988867101	-0.000140404895945348	-0.000140483838319944	-0.855065089505978	-0.000170388576127522	-0.000170484660636346
-100000	-0.707748307925865	-0.000145631285976343	-0.000145546966917579	-0.854946359668543	-0.000174273515086344	-0.000174392244923778
-99000	-0.707339553418939	-0.000138357201594029	-0.000138765956100955	-0.854728066291353	-0.000167375419065089	-0.00016759371244228
-98000	-0.707026693655513	-0.000139928838003669	-0.000140241697767095	-0.854606489974065	-0.000169847238914542	-0.00016996881523183
-97000	-0.707048200392182	-0.000142725978872794	-0.000142704472136124	-0.854607502055791	-0.000172722752862293	-0.000172721740780568
-96000	-0.707012777531786	-0.000140369473084951	-0.000140404895945348	-0.854510089189702	-0.000170291163261434	-0.000170388576127522
-95000	-0.706817509013853	-0.00014543601745841	-0.000145631285976343	-0.85467872730723	-0.000174442153203871	-0.000174273515086344
-94000	-0.706132962236701	-0.000137672654816876	-0.000138357201594029	-0.854511670567398	-0.000167208362325258	-0.000167375419065089
-93000	-0.705622303751028	-0.000139418179517996	-0.000139928838003669	-0.854176924536656	-0.0001695124928838	-0.000169847238914542
-92000	-0.705594218483143	-0.000142697893604909	-0.000142725978872794	-0.854166613954077	-0.000172712442279715	-0.000172722752862293
-91000	-0.705231703460054	-0.000140006958061864	-0.000140369473084951	-0.85388791194889	-0.000170012461256246	-0.000170291163261434
-90000	-0.704960908343349	-0.000145165222341704	-0.00014543601745841	-0.854071098741223	-0.000174625339996205	-0.000174442153203871
-89000	-0.704755265987729	-0.000137467012461256	-0.000137672654816876	-0.853637674742235	-0.00016677493832627	-0.000167208362325258
-88000	-0.704452084255804	-0.000139114997786071	-0.000139418179517996	-0.853663862356885	-0.00016953868049845	-0.0001695124928838
-87000	-0.704554177999874	-0.000142799987348979	-0.000142697893604909	-0.853999430704029	-0.000173048010626859	-0.000172712442279715
-86000	-0.703806565880195	-0.000139259345942185	-0.000140006958061864	-0.853643241191726	-0.000169656271743943	-0.000170012461256246
-85000	-0.703700993105193	-0.000145059649566703	-0.000145165222341704	-0.853540894427225	-0.000174522993231704	-0.000174625339996205
-84000	-0.703505977607692	-0.000137271996963755	-0.000137467012461256	-0.853284268454678	-0.000166518312353722	-0.00016677493832627
-83000	-0.703293060914669	-0.000138902081093049	-0.000139114997786071	-0.853162122841419	-0.000169416534885192	-0.00016953868049845
-82000	-0.702911253083687	-0.000142418179517996	-0.000142799987348979	-0.853061610475046	-0.000172947498260484	-0.000173048010626859
-81000	-0.702525333670694	-0.000138873426529192	-0.000139259345942185	-0.853053197545702	-0.000169647858814599	-0.000169656271743943
-80000	-0.702139034727054	-0.000144673350623063	-0.000145059649566703	-0.852840154342463	-0.000174309950028465	-0.000174522993231704
-79000	-0.701993358213676	-0.000137126320450376	-0.000137271996963755	-0.852547156682902	-0.000166225314694161	-0.000166518312353722
-78000	-0.702026061104434	-0.000138934783983807	-0.000138902081093049	-0.8527252198115	-0.00016959459801379	-0.000169416534885192
-77000	-0.701965905496869	-0.000142358023910431	-0.000142418179517996	-0.852742045670188	-0.000172964324119173	-0.000172947498260484
-76000	-0.702019798848757	-0.00013892731988108	-0.000138873426529192	-0.852629198557784	-0.000169535011702195	-0.000169647858814599
-75000	-0.701956923271554	-0.00014461047504586	-0.000144673350623063	-0.852687076981466	-0.000174367828452148	-0.000174309950028465
-74000	-0.701562654184325	-0.000136732051363147	-0.000137126320450376	-0.852649756467835	-0.000166187994180531	-0.000166225314694161
-73000	-0.702086406477323	-0.000139458536276804	-0.000138934783983807	-0.852844898475552	-0.000169789740021506	-0.00016959459801379
-72000	-0.701905370358656	-0.000142176987791764	-0.000142358023910431	-0.852782212663673	-0.000172901638307294	-0.000172964324119173
-71000	-0.701662027958758	-0.000138683977481182	-0.00013892731988108	-0.852612499209311	-0.000169365298247833	-0.000169535011702195
-70000	-0.701497121892593	-0.000144445568979695	-0.00014461047504586	-0.852422923651085	-0.000174178252893921	-0.000174367828452148
-69000	-0.701354165348852	-0.000136589094819407	-0.000136732051363147	-0.852470871022835	-0.000166235941552281	-0.000166187994180531
-68000	-0.701186918843697	-0.000139291289771649	-0.000139458536276804	-0.852128091593396	-0.000169446960592068	-0.000169789740021506
-67000	-0.700920488329433	-0.0001419105572775	-0.000142176987791764	-0.852286608893668	-0.000173060155607565	-0.000172901638307294
-66000	-0.700860269466759	-0.000138623758618508	-0.000138683977481182	-0.852568916440003	-0.000169647605794168	-0.000169365298247833
-65000	-0.70036156619647	-0.000143946865709406	-0.000144445568979695	-0.852435764437978	-0.000174045100891897	-0.000174178252893921
-64000	-0.700052185463976	-0.000136279714086913	-0.000136589094819407	-0.852208488835474	-0.000166008665949775	-0.000166235941552281
-63000	-0.699927572901512	-0.000139166677209185	-0.000139291289771649	-0.852492251249288	-0.000169730723005883	-0.000169446960592068
-62000	-0.699833575811247	-0.000141816560187235	-0.0001419105572775	-0.852481750901385	-0.000173049655259662	-0.000173060155607565
-61000	-0.699359921563666	-0.000138150104370928	-0.000138623758618508	-0.852420456701879	-0.000169586311594661	-0.000169647605794168
-60000	-0.69890644569549	-0.00014349338984123	-0.000143946865709406	-0.852256309697008	-0.000173880953887026	-0.000174045100891897
-59000	-0.698686697450819	-0.000136059965842242	-0.000136279714086913	-0.852084888354735	-0.000165837244607502	-0.000166008665949775
-58000	-0.698357960655323	-0.000138837940413689	-0.000139166677209185	-0.851894743500538	-0.000169540578151685	-0.000169730723005883
-57000	-0.698352583971156	-0.000141811183503068	-0.000141816560187235	-0.852256878992979	-0.000173411790752103	-0.000173049655259662
-56000	-0.698388449617307	-0.000138185970017079	-0.000138150104370928	-0.851988550825479	-0.000169317983427162	-0.000169586311594661
-55000	-0.698302485925739	-0.000143407426149662	-0.00014349338984123	-0.851813397431843	-0.00017370580049339	-0.000173880953887026
-54000	-0.697996141438421	-0.000135753621354925	-0.000136059965842242	-0.851819912707951	-0.00016584375988361	-0.000165837244607502
-53000	-0.697923651084825	-0.000138765450060092	-0.000138837940413689	-0.851716617116832	-0.000169437282560567	-0.000169540578151685
-52000	-0.697670377632994	-0.000141557910051237	-0.000141811183503068	-0.85158074514517	-0.000173275918780442	-0.000173411790752103
-51000	-0.697356758808274	-0.000137872351192359	-0.000138185970017079	-0.851119299133405	-0.000168856537415396	-0.000169317983427162
-50000	-0.697469099879815	-0.000143519767221203	-0.000143407426149662	-0.851066987159213	-0.000173653488519198	-0.00017370580049339
-49000	-0.697518059333291	-0.000135802580808401	-0.000135753621354925	-0.851379720412423	-0.000166156493136821	-0.00016584375988361
-48000	-0.697389398443924	-0.000138636789170725	-0.000138765450060092	-0.85153045733443	-0.000169588019482573	-0.000169437282560567
-47000	-0.697445315959264	-0.000141613827566576	-0.000141557910051237	-0.851433677019419	-0.000173179138465431	-0.000173275918780442
-46000	-0.697330191662977	-0.000137757226896072	-0.000137872351192359	-0.851459927889177	-0.000168882788285154	-0.000168856537415396
-45000	-0.69730008223164	-0.000143489657789866	-0.000143519767221203	-0.851258080840028	-0.000173451641470049	-0.000173653488519198
-44000	-0.697383325953571	-0.000135885824530331	-0.000135802580808401	-0.851525523436018	-0.00016642393573281	-0.000166156493136821
-43000	-0.697221962173445	-0.0001384754253906	-0.000138636789170725	-0.85160781833133	-0.000169670314377886	-0.000169588019482573
-42000	-0.696877854386742	-0.000141269719779873	-0.000141613827566576	-0.851548295274843	-0.000173119615408944	-0.000173179138465431
-41000	-0.696424315263457	-0.000137303687772788	-0.000137757226896072	-0.851421468783604	-0.000168755961793914	-0.000168882788285154
-40000	-0.696458789297236	-0.000143524131823645	-0.000143489657789866	-0.851813397431843	-0.000173843570118287	-0.000173451641470049
-39000	-0.696656714529698	-0.000136083749762793	-0.000135885824530331	-0.852194256436207	-0.000166804794737175	-0.00016642393573281
-38000	-0.696443734581567	-0.000138262445442469	-0.0001384754253906	-0.852342273388576	-0.000169818331330255	-0.000169670314377886
-37000	-0.6966881523183	-0.000141514137516605	-0.000141269719779873	-0.852631222721235	-0.000173408564741603	-0.000173119615408944
-36000	-0.696927256625973	-0.00013754279208046	-0.000137303687772788	-0.852892656081979	-0.000169017395154659	-0.000168755961793914
-35000	-0.69690056297046	-0.000143497438168132	-0.000143524131823645	-0.853307862609906	-0.000174258776646214	-0.000173843570118287
-34000	-0.696801568726675	-0.000135984755519008	-0.000136083749762793	-0.853551711050667	-0.000167048643177936	-0.000166804794737175
-33000	-0.697237839205516	-0.000138698715921311	-0.000138262445442469	-0.853822316402049	-0.000170088936681637	-0.000169818331330255
-32000	-0.697223733316465	-0.000141500031627554	-0.000141514137516605	-0.854093427794294	-0.000173679676133847	-0.000173408564741603
-31000	-0.697217913846543	-0.000137536972610538	-0.00013754279208046	-0.854075589853881	-0.000168999557214245	-0.000169017395154659
-30000	-0.697679549623632	-0.000143959073945221	-0.000143497438168132	-0.854871022835094	-0.000175054209627427	-0.000174258776646214
-29000	-0.697971598456575	-0.000136276804351952	-0.000135984755519008	-0.855265102156999	-0.000167442722499842	-0.000167048643177936
-28000	-0.697856663925612	-0.000138583781390347	-0.000138698715921311	-0.855223986336897	-0.000170047820861535	-0.000170088936681637
-27000	-0.698108292744639	-0.000141751660446581	-0.000141500031627554	-0.855694667594408	-0.00017415035739136	-0.000173679676133847
-26000	-0.698634575241951	-0.00013806325510785	-0.000137536972610538	-0.85644278575495	-0.000169747675374786	-0.000168999557214245
-25000	-0.699131950154975	-0.000144456448858245	-0.000143959073945221	-0.856930735656904	-0.000175542159529382	-0.000175054209627427
-24000	-0.699292301853375	-0.000136437156050351	-0.000136276804351952	-0.857231640204947	-0.000167743627047884	-0.000167442722499842
-23000	-0.699706812575115	-0.000138998292112088	-0.000138583781390347	-0.857361755961794	-0.000170177936618382	-0.000170047820861535
-22000	-0.700143842115251	-0.000142188689986717	-0.000141751660446581	-0.857844265924473	-0.000174632867354039	-0.00017415035739136
-21000	-0.700184831425138	-0.000138104244417737	-0.00013806325510785	-0.858021063950914	-0.000169924473401227	-0.000169747675374786
-20000	-0.700667214877601	-0.000144938832310709	-0.000144456448858245	-0.858441457397685	-0.000175962552976153	-0.000175542159529382
-19000	-0.701145550003163	-0.000136915491175912	-0.000136437156050351	-0.858768106774622	-0.000168070276424822	-0.000167743627047884
-18000	-0.701216269213739	-0.000139069011322664	-0.000138998292112088	-0.859074071731292	-0.000170483901575052	-0.000170177936618382
-17000	-0.701614839648302	-0.000142587260421279	-0.000142188689986717	-0.859659624264659	-0.000175218419887406	-0.000174632867354039
-16000	-0.702442089948763	-0.000138931494718199	-0.000138104244417737	-0.860832500474413	-0.000171097349610981	-0.000169924473401227
-15000	-0.703053893351888	-0.000145550635713834	-0.000144938832310709	-0.86168049845025	-0.000176810550951989	-0.000175962552976153
-14000	-0.703716617116832	-0.000137578214940856	-0.000136915491175912	-0.862627933455626	-0.000169017711430198	-0.000168070276424822
-13000	-0.704593585932064	-0.000139945980137896	-0.000139069011322664	-0.863655575937757	-0.000171511544057182	-0.000170483901575052
-12000	-0.70502530204314	-0.000143018976532355	-0.000142587260421279	-0.864401480169524	-0.000175964324119172	-0.000175218419887406
-11000	-0.705908280093618	-0.000139814472768676	-0.000138931494718199	-0.865545132519451	-0.000172241001960908	-0.000171097349610981
-10000	-0.706492630779936	-0.000146134986400152	-0.000145550635713834	-0.866489657789867	-0.000177755076222405	-0.000176810550951989
-9000	-0.707170852046303	-0.000138256436207223	-0.000137578214940856	-0.867360301094313	-0.000169888354734645	-0.000169017711430198
-8000	-0.708043962299956	-0.000140819090391549	-0.000139945980137896	-0.868491998228857	-0.000172643241191726	-0.000171511544057182
-7000	-0.708763489151749	-0.000143738503384148	-0.000143018976532355	-0.869564931368208	-0.000177037257258524	-0.000175964324119172
-6000	-0.709433423998988	-0.000140484407615915	-0.000139814472768676	-0.87042070972231	-0.000173096780315011	-0.000172241001960908
-5000	-0.710174647352774	-0.000146876209753938	-0.000146134986400152	-0.871005313429059	-0.000178339679929154	-0.000177755076222405
-4000	-0.710491492187994	-0.000138573281042444	-0.000138256436207223	-0.871637168701373	-0.000170520210006958	-0.000169888354734645
-3000	-0.711048390157505	-0.00014137598836106	-0.000140819090391549	-0.872117654500601	-0.000173123726990954	-0.000172643241191726
-2000	-0.711130685052818	-0.000143820798279461	-0.000143738503384148	-0.872317667151623	-0.000177237269909545	-0.000177037257258524
-1000	-0.711281168954393	-0.00014063489151749	-0.000140484407615915	-0.872230185337466	-0.000173009298500854	-0.000173096780315011
0	-0.711401859700171	-0.000146996900499715	-0.000146876209753938	-0.872199127079512	-0.0001783086216712	-0.000178339679929154
1000	-0.711329306091467	-0.000138500727433741	-0.000138573281042444	-0.871947877791132	-0.000170268960718578	-0.000170520210006958
2000	-0.711098045417167	-0.000141144727686761	-0.00014137598836106	-0.871813966727813	-0.000172989815927636	-0.000173123726990954
3000	-0.710857486242014	-0.000143580239104308	-0.000143820798279461	-0.871473337972041	-0.000176896641153773	-0.000177237269909545
4000	-0.710527863875008	-0.000140305269150484	-0.00014063489151749	-0.871312353722563	-0.000172848314251376	-0.000173009298500854
5000	-0.709909608450882	-0.00014637864507559	-0.000146996900499715	-0.87062723764944	-0.000177623505598077	-0.0001783086216712
6000	-0.709430957049782	-0.000138022076032639	-0.000138500727433741	-0.869907141501676	-0.000169548864570814	-0.000170268960718578
7000	-0.708734897843001	-0.00014044866847998	-0.000141144727686761	-0.869563223480296	-0.000172645897906256	-0.000172989815927636
8000	-0.707863052691505	-0.000142708393952812	-0.000143580239104308	-0.868501043709279	-0.000175834461382757	-0.000176896641153773
9000	-0.707409513568221	-0.000139851730027199	-0.000140305269150484	-0.867343665000949	-0.000171690935543045	-0.000172848314251376
10000	-0.706565437409071	-0.00014553456891644	-0.00014637864507559	-0.866467645012335	-0.000176747485609463	-0.000177623505598077
11000	-0.705589980390917	-0.000137046619014485	-0.000138022076032639	-0.86538364222911	-0.000168464861787589	-0.000169548864570814
12000	-0.705056803086849	-0.000139915491175912	-0.00014044866847998	-0.864379846922639	-0.000171642102599785	-0.000172645897906256
13000	-0.704280409893099	-0.000141932000759062	-0.000142708393952812	-0.863198747548865	-0.000174653362008983	-0.000175834461382757
14000	-0.703908027073186	-0.000139479347207287	-0.000139851730027199	-0.86292997659561	-0.00017142216458979	-0.000171690935543045
15000	-0.703192358782972	-0.000144818900626226	-0.00014553456891644	-0.862124802327788	-0.000175942311341641	-0.000176747485609463
16000	-0.702645328610285	-0.000136499588841799	-0.000137046619014485	-0.861244734012272	-0.000167584793472073	-0.000168464861787589
17000	-0.702095578467961	-0.000139365741033589	-0.000139915491175912	-0.860716111075969	-0.000171113479663483	-0.000171642102599785
18000	-0.701528369915871	-0.00014136479220697	-0.000141932000759062	-0.859736605730913	-0.000173673856663926	-0.000174653362008983
19000	-0.701191852742109	-0.000139142830033525	-0.000139479347207287	-0.859439622999557	-0.000171125181858434	-0.00017142216458979
20000	-0.70108178885445	-0.000144708836738567	-0.000144818900626226	-0.858905749889304	-0.000175408438231387	-0.000175942311341641
21000	-0.70073698526156	-0.000136154785248909	-0.000136499588841799	-0.858341640837498	-0.000167020684420267	-0.000167584793472073
22000	-0.700540514896578	-0.000139169270668607	-0.000139365741033589	-0.857722310076539	-0.000170494148902523	-0.000171113479663483
23000	-0.700199063824404	-0.000141023341134797	-0.00014136479220697	-0.857116262888228	-0.000173067809475615	-0.000173673856663926
24000	-0.699951483332279	-0.000138895249541401	-0.000139142830033525	-0.857152381554811	-0.000171161300525017	-0.000171125181858434
25000	-0.699879245999114	-0.000144636599405402	-0.000144708836738567	-0.856958441394143	-0.000175214498070719	-0.000175408438231387
26000	-0.69979347207287	-0.000136069011322664	-0.000136154785248909	-0.856708330697704	-0.000166770573723828	-0.000167020684420267
27000	-0.699129546460877	-0.000138505345056613	-0.000139169270668607	-0.856074514517047	-0.000169860332721867	-0.000170494148902523
28000	-0.698853311404896	-0.000140747106078816	-0.000141023341134797	-0.855725662597255	-0.000172718957555823	-0.000173067809475615
29000	-0.698400215067367	-0.000138442153203871	-0.000138895249541401	-0.855292491618698	-0.000170728129546461	-0.000171161300525017
30000	-0.698232399266241	-0.000144468783604276	-0.000144636599405402	-0.855045480422544	-0.000174967486874565	-0.000175214498070719
31000	-0.698011512429629	-0.000135848124486052	-0.000136069011322664	-0.85494028717819	-0.000166665380479474	-0.000166770573723828
32000	-0.697776329938643	-0.000138270162565627	-0.000138505345056613	-0.854148459738124	-0.000169068505281802	-0.000169860332721867
33000	-0.69756897969511	-0.000140539755835284	-0.000140747106078816	-0.853933835157189	-0.000172504332974888	-0.000172718957555823
34000	-0.697399392750965	-0.000138272566259725	-0.000138442153203871	-0.853546460876716	-0.000170340755265988	-0.000170728129546461
35000	-0.69725213485989	-0.000144321525713201	-0.000144468783604276	-0.853439306724018	-0.000174860332721867	-0.000174967486874565
36000	-0.697305458915807	-0.00013590144854197	-0.000135848124486052	-0.853560123980011	-0.000166786197735467	-0.000166665380479474
37000	-0.696981656018724	-0.000137946359668543	-0.000138270162565627	-0.853518944904801	-0.000169027326206591	-0.000169068505281802
38000	-0.696716174331077	-0.000140274274147637	-0.000140539755835284	-0.853120247960023	-0.000172105636030109	-0.000172504332974888
39000	-0.696796951103802	-0.00013835334303245	-0.000138272566259725	-0.85298968941742	-0.000170210196723385	-0.000170340755265988
40000	-0.697168385097097	-0.000144692959706496	-0.000144321525713201	-0.852933835157189	-0.000174804478461636	-0.000174860332721867
41000	-0.697192864823835	-0.000135925928268707	-0.00013590144854197	-0.852674742235435	-0.000166527104813714	-0.000166786197735467
42000	-0.697396483016004	-0.000138149977860712	-0.000137946359668543	-0.852612119678664	-0.00016896470364982	-0.000169027326206591
43000	-0.697016446328041	-0.000139894237459675	-0.000140274274147637	-0.852286608893668	-0.000171780125245113	-0.000172105636030109
44000	-0.696974002150674	-0.000138310898855083	-0.00013835334303245	-0.852109051805933	-0.000170032639635651	-0.000170210196723385
45000	-0.697229363021064	-0.000144948320576887	-0.000144692959706496	-0.851821936871402	-0.000174517363527104	-0.000174804478461636
46000	-0.697572079195395	-0.000136268644443039	-0.000135925928268707	-0.851909292175343	-0.000166614460117655	-0.000166527104813714
47000	-0.697759124549307	-0.000138337023214625	-0.000138149977860712	-0.851902270858372	-0.000168957682332849	-0.00016896470364982
48000	-0.697994370295401	-0.000140129483205769	-0.000139894237459675	-0.851600037953065	-0.000171477892339806	-0.000171780125245113
49000	-0.697987285723322	-0.000138303814283004	-0.000138310898855083	-0.851348472389145	-0.000169781074071731	-0.000170032639635651
50000	-0.697764374723259	-0.000144725409576823	-0.000144948320576887	-0.85123182997027	-0.000174400721108229	-0.000174517363527104
51000	-0.697656588019483	-0.000136160857739263	-0.000136268644443039	-0.851351824909861	-0.000166734455057246	-0.000166614460117655
52000	-0.697857169966475	-0.000138537605161617	-0.000138337023214625	-0.851082547915744	-0.000168688405338731	-0.000168957682332849
53000	-0.698065658801948	-0.000140337972041243	-0.000140129483205769	-0.851031121513062	-0.000171426465937125	-0.000171477892339806
54000	-0.69818622303751	-0.000138424378518565	-0.000138303814283004	-0.850854133721298	-0.000169604086279967	-0.000169781074071731
55000	-0.697798089695743	-0.000144337276235056	-0.000144725409576823	-0.850363147574167	-0.000173909734961098	-0.000174400721108229
56000	-0.69816591814789	-0.00013652868619141	-0.000136160857739263	-0.850706369789361	-0.00016707767727244	-0.000166734455057246
57000	-0.69778316149029	-0.000138154848504017	-0.000138537605161617	-0.850640078436334	-0.000168622113985704	-0.000168688405338731
58000	-0.698261939401607	-0.000140816749952559	-0.000140337972041243	-0.850616800556645	-0.000171403188057436	-0.000171426465937125
59000	-0.698441077867038	-0.000138603516983996	-0.000138424378518565	-0.850660256815738	-0.00016964754253906	-0.000169604086279967
60000	-0.698276741096844	-0.000144172939464862	-0.000144337276235056	-0.850638244038206	-0.000173887722183566	-0.000173909734961098
61000	-0.69811619963312	-0.000136368144727687	-0.00013652868619141	-0.850480296033905	-0.000166919729268138	-0.00016707767727244
62000	-0.697973053324056	-0.000138011702194952	-0.000138154848504017	-0.850443228540705	-0.000168585046492504	-0.000168622113985704
63000	-0.698185400721108	-0.000141029097349611	-0.000140816749952559	-0.850510658485673	-0.000171470618002404	-0.000171403188057436
64000	-0.69864520210007	-0.000139063318362958	-0.000138603516983996	-0.850728951862863	-0.00016986583591625	-0.00016964754253906
65000	-0.698772977417927	-0.000144300714782718	-0.000144172939464862	-0.850606236953634	-0.000173765007274337	-0.000173887722183566
66000	-0.699148206717692	-0.000136743374027453	-0.000136368144727687	-0.850584666961857	-0.000166898159276362	-0.000166919729268138
67000	-0.699697830349801	-0.000138561325827061	-0.000138011702194952	-0.850950534505661	-0.000168950914036308	-0.000168585046492504
68000	-0.699773103928142	-0.000141104370927952	-0.000141029097349611	-0.850998292112088	-0.00017151837560883	-0.000171470618002404
69000	-0.699805174267822	-0.000139095388702638	-0.000139063318362958	-0.85101619330761	-0.000169883737111772	-0.00016986583591625
70000	-0.700073312669998	-0.000144568853184895	-0.000144300714782718	-0.850935732810424	-0.000173684546777153	-0.000173765007274337
71000	-0.700250996267949	-0.000136921057625404	-0.000136743374027453	-0.851267316085774	-0.000167229742551711	-0.000166898159276362
72000	-0.70048485040167	-0.000138795179960782	-0.000138561325827061	-0.851213169713454	-0.000168896767663989	-0.000168950914036308
73000	-0.700696312227212	-0.000141315832753495	-0.000141104370927952	-0.851478777911316	-0.000171783983806693	-0.00017151837560883
74000	-0.700631728762098	-0.000139030805237523	-0.000139095388702638	-0.851600417483712	-0.000170005376684167	-0.000169883737111772
75000	-0.70073255740401	-0.000144669681826808	-0.000144568853184895	-0.85132304383579	-0.000173407173129231	-0.000173684546777153
76000	-0.701095135682206	-0.000137283635903599	-0.000136921057625404	-0.85156075653109	-0.000167467455247011	-0.000167229742551711
77000	-0.701382124106522	-0.000139082168385097	-0.000138795179960782	-0.85145777721551	-0.000168793788348409	-0.000168896767663989
78000	-0.701688531848947	-0.00014162224049592	-0.000141315832753495	-0.852216458979063	-0.000172542665570245	-0.000171783983806693
79000	-0.702209437662091	-0.000139551711050667	-0.000139030805237523	-0.852613321525713	-0.000170402239230818	-0.000170005376684167
80000	-0.70243013473338	-0.000144890378898096	-0.000144669681826808	-0.852700423809223	-0.000173494275412739	-0.000173407173129231
81000	-0.70263988867101	-0.00013749338984123	-0.000137283635903599	-0.852660826111709	-0.000167427857549497	-0.000167467455247011
82000	-0.702741792649756	-0.000139184072363844	-0.000139082168385097	-0.852750711619963	-0.000168883673856664	-0.000168793788348409
83000	-0.703051110127143	-0.000141931557973306	-0.00014162224049592	-0.85320507305965	-0.000172997027009931	-0.000172542665570245
84000	-0.703536529824783	-0.000140037130748308	-0.000139551711050667	-0.853367512176608	-0.000170564678347777	-0.000170402239230818
85000	-0.703380732494149	-0.000144734581567461	-0.000144890378898096	-0.853448541969764	-0.000173575305205895	-0.000173494275412739
86000	-0.703716174331077	-0.000137828831678158	-0.00013749338984123	-0.853705231197419	-0.000167684546777152	-0.000167427857549497
87000	-0.70391909671706	-0.000139386994749826	-0.000139184072363844	-0.85397703839585	-0.000169155481055095	-0.000168883673856664
88000	-0.704376494401923	-0.000142388955658169	-0.000141931557973306	-0.854516224935164	-0.000173536213549244	-0.000172997027009931
89000	-0.704960086026947	-0.000140620722373331	-0.000140037130748308	-0.854784742867987	-0.0001708331962806	-0.000170564678347777
90000	-0.705574482889493	-0.000145348978430008	-0.000144734581567461	-0.855156935922576	-0.000173947498260485	-0.000173575305205895
91000	-0.705900309950029	-0.000138154658738693	-0.000137828831678158	-0.855156556391929	-0.000167684167246505	-0.000167684546777152
92000	-0.706253463217155	-0.000139740148016952	-0.000139386994749826	-0.855655259662218	-0.000169654184325384	-0.000169155481055095
93000	-0.706938073249415	-0.000143073565690429	-0.000142388955658169	-0.856055537984692	-0.000173936491871718	-0.000173536213549244
94000	-0.707119931684484	-0.0001408025808084	-0.000140620722373331	-0.855880194825732	-0.00017065785312164	-0.0001708331962806
95000	-0.707597507748751	-0.000145826554494275	-0.000145348978430008	-0.856166866974508	-0.00017423417040926	-0.000173947498260485
96000	-0.707811752799039	-0.000138368903788981	-0.000138154658738693	-0.856530204313998	-0.000168047504585995	-0.000167684167246505
97000	-0.708208552090581	-0.000140136947308495	-0.000139740148016952	-0.856632740843823	-0.000169756720855209	-0.000169654184325384
98000	-0.708715731545322	-0.000143580745145171	-0.000143073565690429	-0.85694528433171	-0.000174249035359605	-0.000173936491871718
99000	-0.70878758934784	-0.000140874438610918	-0.0001408025808084	-0.856880700866595	-0.000170593269656525	-0.00017065785312164
100000	-0.709230628123221	-0.000146269593269657	-0.000145826554494275	-0.856938769055601	-0.000174292238598267	-0.00017423417040926
101000	-0.709437345815675	-0.000138575621481434	-0.000138368903788981	-0.856895249541401	-0.000168003985071794	-0.000168047504585995
102000	-0.709747359099247	-0.000140446960592068	-0.000140136947308495	-0.857236384338035	-0.000170097855651844	-0.000169756720855209
103000	-0.710247960022772	-0.000144081346068695	-0.000143580745145171	-0.85761281548485	-0.00017462546650642	-0.000174249035359605
104000	-0.710386741729395	-0.000141013220317541	-0.000140874438610918	-0.857621607944842	-0.000170602062116516	-0.000170593269656525
105000	-0.710516161680056	-0.000146399013220318	-0.000146269593269657	-0.857857676007338	-0.000174528306660762	-0.000174292238598267
106000	-0.710667657663356	-0.000138727117464735	-0.000138575621481434	-0.857524511354292	-0.000167670820418749	-0.000168003985071794
107000	-0.710928648238345	-0.000140707951167057	-0.000140446960592068	-0.857421721804036	-0.000169995066101588	-0.000170097855651844
108000	-0.711220317540641	-0.000144373015370991	-0.000144081346068695	-0.857519197925232	-0.000174722942627617	-0.00017462546650642
109000	-0.711227528622936	-0.000141020431399836	-0.000141013220317541	-0.857382313871845	-0.000170465178063129	-0.000170602062116516
110000	-0.711317097855652	-0.000146488582453033	-0.000146399013220318	-0.857497691188563	-0.000174643683977481	-0.000174528306660762
111000	-0.710888671010184	-0.000138298690619267	-0.000138727117464735	-0.856948067556455	-0.000167121196786641	-0.000167670820418749
112000	-0.711123220950092	-0.000140942501106965	-0.000140707951167057	-0.857354924410146	-0.000170401922955279	-0.000169995066101588
113000	-0.711775254601809	-0.000145025049022708	-0.000144373015370991	-0.857564931368208	-0.000174932949585679	-0.000174722942627617
114000	-0.71162546650642	-0.000140870643304447	-0.000141020431399836	-0.857425264090075	-0.000170325510784996	-0.000170465178063129
115000	-0.711847175659434	-0.000146710291606047	-0.000146488582453033	-0.857612562464419	-0.000174830982351825	-0.000174643683977481
116000	-0.711699158707066	-0.000138150673666899	-0.000138298690619267	-0.857366816370422	-0.000166875450692644	-0.000167121196786641
117000	-0.712128660889367	-0.000141372003289265	-0.000140942501106965	-0.857447972673793	-0.00017048307925865	-0.000170401922955279
118000	-0.712352710481371	-0.000145249098614713	-0.000145025049022708	-0.85722771838826	-0.000174712695300145	-0.000174932949585679
119000	-0.712725536087039	-0.000141243468910115	-0.000140870643304447	-0.857374153962932	-0.000170471946359668	-0.000170325510784996
120000	-0.713502561831868	-0.000147487317350876	-0.000146710291606047	-0.858054083117212	-0.000175510911506104	-0.000174830982351825
121000	-0.713297299006895	-0.000137945410841926	-0.000138150673666899	-0.857905054083117	-0.000166726421658549	-0.000166875450692644
122000	-0.713491112657347	-0.000141565816939718	-0.000141372003289265	-0.857959263710545	-0.000170537288886078	-0.00017048307925865
123000	-0.713539945600607	-0.000145297931557973	-0.000145249098614713	-0.857840154342463	-0.000174593585932064	-0.000174712695300145
124000	-0.71391409956354	-0.000141617622873047	-0.000141243468910115	-0.85791644000253	-0.000170548232019735	-0.000170471946359668
125000	-0.714289265608198	-0.000147862483395534	-0.000147487317350876	-0.858067935985831	-0.000175662407489404	-0.000175510911506104
126000	-0.714777848061231	-0.000138433993294959	-0.000137945410841926	-0.858097159845657	-0.000166755645518376	-0.000166726421658549
127000	-0.714975077487507	-0.000141763046365994	-0.000141565816939718	-0.857901511797078	-0.000170341640837497	-0.000170537288886078
128000	-0.714988930356126	-0.000145311784426592	-0.000145297931557973	-0.858074008476184	-0.000174766082611171	-0.000174593585932064
129000	-0.715443544816244	-0.000142072237333165	-0.000141617622873047	-0.858583844645455	-0.000171058068189007	-0.000170548232019735
130000	-0.715379024606237	-0.000147797963185527	-0.000147862483395534	-0.858501739515466	-0.000175580302359415	-0.000175662407489404
131000	-0.715896704408881	-0.000138951673097603	-0.000138433993294959	-0.858915744196344	-0.000167169650199254	-0.000166755645518376
132000	-0.715920678094756	-0.000141787020051869	-0.000141763046365994	-0.858823834524638	-0.000170249731165792	-0.000170341640837497
133000	-0.716155860585742	-0.000145546966917579	-0.000145311784426592	-0.859096843570118	-0.000175039091656651	-0.000174766082611171
134000	-0.716527041558606	-0.000142443418306028	-0.000142072237333165	-0.859394079321905	-0.000171355303940793	-0.000171058068189007
135000	-0.716785312163957	-0.000148056233790879	-0.000147797963185527	-0.859661332152571	-0.000175847555190081	-0.000175580302359415
136000	-0.717088936681637	-0.000139255297615282	-0.000138951673097603	-0.859576696818268	-0.00016708501486495	-0.000167169650199254
137000	-0.717211651590866	-0.000141909734961098	-0.000141787020051869	-0.859623695363401	-0.000170296729710924	-0.000170249731165792
138000	-0.717525586691125	-0.000145860902017838	-0.000145546966917579	-0.859842115250806	-0.000175257511544057	-0.000175039091656651
139000	-0.717674995255867	-0.00014259282687077	-0.000142443418306028	-0.859859510405465	-0.000171372699095452	-0.000171355303940793
140000	-0.718144284901006	-0.000148525523436017	-0.000148056233790879	-0.859937946739199	-0.000175925991523816	-0.000175847555190081
141000	-0.718291416281865	-0.000139402428996142	-0.000139255297615282	-0.860174837118097	-0.000167321905243849	-0.00016708501486495
142000	-0.718835599974698	-0.000142453918653931	-0.000141909734961098	-0.860659371244228	-0.000170781263837055	-0.000170296729710924
143000	-0.719250173951547	-0.000146275475994687	-0.000145860902017838	-0.86060105003479	-0.000175199190334619	-0.000175257511544057
144000	-0.719710734391802	-0.000143053387311025	-0.00014259282687077	-0.860755202732621	-0.000171526851793282	-0.000171372699095452
145000	-0.720053956606996	-0.000148868745651211	-0.000148525523436017	-0.860854196976406	-0.000176024985767601	-0.000175925991523816
146000	-0.720418179517996	-0.000139766651907142	-0.000139402428996142	-0.861131317603896	-0.000167599025871339	-0.000167321905243849
147000	-0.720892150041116	-0.000142927889177051	-0.000142453918653931	-0.86145632234803	-0.000171106268581188	-0.000170781263837055
148000	-0.721337782275919	-0.00014672110822949	-0.000146275475994687	-0.861803972420773	-0.000175546840407363	-0.000175199190334619
149000	-0.721409007527358	-0.000143124612562465	-0.000143053387311025	-0.861987032702891	-0.0001717099120754	-0.000171526851793282
150000	-0.721943196913151	-0.000149402935037004	-0.000148868745651211	-0.862389271933709	-0.000176427224998418	-0.000176024985767601
151000	-0.722196596875198	-0.000140020051869189	-0.000139766651907142	-0.862700740084762	-0.000167910494022393	-0.000167599025871339
152000	-0.722676007337593	-0.000143407299639446	-0.000142927889177051	-0.862790372572585	-0.000171195901069011	-0.000171106268581188
153000	-0.723179201720539	-0.000147224302612436	-0.00014672110822949	-0.863096274274148	-0.000175852742108926	-0.000175546840407363
154000	-0.723122651654121	-0.000143068062496047	-0.000143124612562465	-0.863136314757417	-0.000171749952558669	-0.0001717099120754
155000	-0.723330191662977	-0.00014961047504586	-0.000149402935037004	-0.863423113416408	-0.00017671402365741	-0.000176427224998418
156000	-0.723570814093238	-0.00014026067429945	-0.000140020051869189	-0.863219305458916	-0.0001677066860649	-0.000167910494022393
157000	-0.723712695300145	-0.000143549180846353	-0.000143407299639446	-0.863319375039534	-0.00017129597064963	-0.000171195901069011
158000	-0.723859447150357	-0.000147371054462648	-0.000147224302612436	-0.863462521348599	-0.000175995888417989	-0.000175852742108926
159000	-0.723977164906066	-0.000143185780251755	-0.000143068062496047	-0.863213802264533	-0.000171501233474603	-0.000171749952558669
160000	-0.724368397748118	-0.000150001707887912	-0.00014961047504586	-0.8633424631539	-0.000176842684546777	-0.00017671402365741
161000	-0.72476905560124	-0.000140661332152571	-0.00014026067429945	-0.863556455183756	-0.000167920678094756	-0.0001677066860649
162000	-0.724758049212474	-0.000143538174457588	-0.000143549180846353	-0.86333980643937	-0.000171079321905244	-0.00017129597064963
163000	-0.724815737870833	-0.000147428743121007	-0.000147371054462648	-0.863432728192802	-0.000176088810171421	-0.000175995888417989
164000	-0.724890631918527	-0.000143260674299449	-0.000143185780251755	-0.863298943639699	-0.0001713674489215	-0.000171501233474603
165000	-0.725106015560756	-0.000150217091530141	-0.000150001707887912	-0.863690239736859	-0.000177233980643937	-0.000176842684546777
166000	-0.725599405401986	-0.000141154721993802	-0.000140661332152571	-0.863923018533747	-0.000168153456891644	-0.000167920678094756
167000	-0.725892529571763	-0.000143831298627364	-0.000143538174457588	-0.864014675185021	-0.000171170978556518	-0.000171079321905244
168000	-0.725880321335948	-0.000147416534885192	-0.000147428743121007	-0.863738313618825	-0.000175812448605225	-0.000176088810171421
169000	-0.726055474729584	-0.000143435827693086	-0.000143260674299449	-0.863936555126827	-0.000171565690429502	-0.0001713674489215
170000	-0.726346131950155	-0.000150507748750712	-0.000150217091530141	-0.864189828578658	-0.000177487254095768	-0.000177233980643937
171000	-0.726617622873047	-0.000141426212916693	-0.000141154721993802	-0.864553735214118	-0.000168517363527105	-0.000168153456891644
172000	-0.726714845973812	-0.000143928521728129	-0.000143831298627364	-0.864387437535581	-0.000171004680877981	-0.000171170978556518
173000	-0.726824087545069	-0.000147525776456449	-0.000147416534885192	-0.864246505155291	-0.000175671516224935	-0.000175812448605225
174000	-0.726767410968436	-0.000143379151116453	-0.000143435827693086	-0.864668479979758	-0.000171987665253969	-0.000171565690429502
175000	-0.726988361060156	-0.000150728698842431	-0.000150507748750712	-0.864903346195205	-0.000177722120311215	-0.000177487254095768
176000	-0.727002593459422	-0.000141440445315959	-0.000141426212916693	-0.865119678664052	-0.000168733695995952	-0.000168517363527105
177000	-0.72702884432918	-0.000143954772597888	-0.000143928521728129	-0.864987791764185	-0.000170872793978114	-0.000171004680877981
178000	-0.727317920172054	-0.000147814852299323	-0.000147525776456449	-0.864818900626226	-0.000175502625086976	-0.000175671516224935
179000	-0.728109241571257	-0.000144170472515656	-0.000143379151116453	-0.865335062306281	-0.000172503826934025	-0.000171987665253969
180000	-0.72852014675185	-0.000151139604023025	-0.000150728698842431	-0.865370548421785	-0.000177757606426719	-0.000177722120311215
181000	-0.728578531216396	-0.000141498829780505	-0.000141440445315959	-0.86561958378139	-0.000168982731355557	-0.000168733695995952
182000	-0.729025618318679	-0.000144401859700171	-0.000143954772597888	-0.865822822442912	-0.000171076032639636	-0.000170872793978114
183000	-0.728714403188057	-0.000147503637168701	-0.000147814852299323	-0.865714656208489	-0.000175394458852553	-0.000175502625086976
184000	-0.728950344740338	-0.000144406414067936	-0.000144170472515656	-0.865613890821684	-0.00017240306154722	-0.000172503826934025
185000	-0.729357011828705	-0.000151546271111392	-0.000151139604023025	-0.866043139983554	-0.000178186855588589	-0.000177757606426719
186000	-0.729593016636093	-0.000141734834587893	-0.000141498829780505	-0.866230438357897	-0.000169170029729901	-0.000168982731355557
187000	-0.729959073945221	-0.000144767917009298	-0.000144401859700171	-0.866582136757543	-0.000171427731039281	-0.000171076032639636
188000	-0.730066417863242	-0.000147610981086723	-0.000147503637168701	-0.866813207666519	-0.000175625529761528	-0.000175394458852553
189000	-0.730451198684294	-0.000144791194888988	-0.000144406414067936	-0.867118287051679	-0.00017270814093238	-0.00017240306154722
190000	-0.730681573787083	-0.000151776646214182	-0.000151546271111392	-0.867558289581884	-0.000178626858118794	-0.000178186855588589
191000	-0.730992282876842	-0.000142045543677652	-0.000141734834587893	-0.86721772408122	-0.000168829464229236	-0.000169170029729901
192000	-0.731224112847112	-0.000144999746979568	-0.000144767917009298	-0.867497121892593	-0.000171707128850655	-0.000171427731039281
193000	-0.731595926371054	-0.000147982794610665	-0.000147610981086723	-0.867855651843886	-0.000175984059712822	-0.000175625529761528
194000	-0.731670757163641	-0.000144866025681574	-0.000144791194888988	-0.867835283699159	-0.000172687772787652	-0.00017270814093238
195000	-0.732044088810171	-0.000152149977860712	-0.000151776646214182	-0.867956923271554	-0.000178748497691189	-0.000178626858118794
196000	-0.732515655639193	-0.000142517110506673	-0.000142045543677652	-0.868254538553988	-0.00016912707951167	-0.000168829464229236
197000	-0.732983616927067	-0.000145467708267442	-0.000144999746979568	-0.868657347080777	-0.000172109937377443	-0.000171707128850655
198000	-0.733693086216712	-0.00014869226390031	-0.000147982794610665	-0.86893529002467	-0.000176262002656715	-0.000175984059712822
199000	-0.734132266430514	-0.000145305205895376	-0.000144866025681574	-0.86910886204061	-0.000172861344803593	-0.000172687772787652
200000	-0.734408438231387	-0.000152426149661585	-0.000152149977860712	-0.868921879941805	-0.000178561515592385	-0.000178748497691189
201000	-0.734852425833386	-0.000142961098108672	-0.000142517110506673	-0.869017584919982	-0.000169222784489847	-0.00016912707951167
202000	-0.734993674489215	-0.000145608956923272	-0.000145467708267442	-0.869373268391423	-0.000172465620848884	-0.000172109937377443
203000	-0.735348725409577	-0.000149047314820672	-0.00014869226390031	-0.869453918653931	-0.000176342652919223	-0.000176262002656715
204000	-0.736007527357834	-0.000145964007843634	-0.000145305205895376	-0.869660636346385	-0.000173068062496047	-0.000172861344803593
205000	-0.736218925928269	-0.00015263754823202	-0.000152426149661585	-0.869669049275729	-0.000178569928521729	-0.000178561515592385
206000	-0.736761907774053	-0.000143504079954456	-0.000142961098108672	-0.870255930166361	-0.000169809665380479	-0.000169222784489847
207000	-0.737169839964577	-0.000146016889113796	-0.000145608956923272	-0.870735783414511	-0.000172945474097034	-0.000172465620848884
208000	-0.737312227212347	-0.000149189702068442	-0.000149047314820672	-0.870988108039724	-0.000176594977544436	-0.000176342652919223
209000	-0.737683914226074	-0.00014633569485736	-0.000145964007843634	-0.871270858371814	-0.000173350812828136	-0.000173068062496047
210000	-0.7381668037194	-0.000153120437725346	-0.00015263754823202	-0.871584224176102	-0.000178883294326017	-0.000178569928521729
211000	-0.738460117654501	-0.000143797393889556	-0.000143504079954456	-0.871938389524954	-0.000170163830729331	-0.000169809665380479
212000	-0.738889746347018	-0.000146446517806313	-0.000146016889113796	-0.872237965715732	-0.000173245050287811	-0.000172945474097034
213000	-0.739172243658675	-0.0001494721993801	-0.000149189702068442	-0.872460054399393	-0.000176817066228098	-0.000176594977544436
214000	-0.739467391991903	-0.000146630843190588	-0.00014633569485736	-0.87281023467645	-0.000173700993105193	-0.000173350812828136
215000	-0.739881270162566	-0.000153534315896009	-0.000153120437725346	-0.87363077993548	-0.000179703839585047	-0.000178883294326017
216000	-0.739903599215637	-0.000143819722942628	-0.000143797393889556	-0.873524890884939	-0.00017005794167879	-0.000170163830729331
217000	-0.740230564868113	-0.000146773483458789	-0.000146446517806313	-0.873386994749826	-0.000173107154152699	-0.000173245050287811
218000	-0.740514770067683	-0.00014975640457967	-0.0001494721993801	-0.873516983996458	-0.00017694705547473	-0.000176817066228098
219000	-0.741133658042887	-0.000147249731165792	-0.000146630843190588	-0.873922828768423	-0.000174106837877158	-0.000173700993105193
220000	-0.741437598836106	-0.000153838256689227	-0.000153534315896009	-0.874250869757733	-0.000180031880574356	-0.000179703839585047
221000	-0.741393003985072	-0.000143775128091594	-0.000143819722942628	-0.87396470364982	-0.000169771775570877	-0.00017005794167879
222000	-0.741576507052945	-0.000146956986526662	-0.000146773483458789	-0.87436333733949	-0.000173505787842368	-0.000173107154152699
223000	-0.741639762160795	-0.00014981965968752	-0.00014975640457967	-0.87407147827187	-0.000176655196407109	-0.00017694705547473
224000	-0.74199411727497	-0.000147604086279967	-0.000147249731165792	-0.874266746789803	-0.000174302106395091	-0.000174106837877158
225000	-0.74202353090012	-0.000153867670314377	-0.000153838256689227	-0.874159086596243	-0.000179924220380796	-0.000180031880574356
226000	-0.741972737048517	-0.00014372433423999	-0.000143775128091594	-0.873853058384465	-0.000169465747359099	-0.000169771775570877
227000	-0.742161300525017	-0.000147145550003163	-0.000146956986526662	-0.873826301473844	-0.000173479030931748	-0.000173505787842368
228000	-0.74291409956354	-0.000150572458726042	-0.00014981965968752	-0.874557783541021	-0.000177386678474287	-0.000176655196407109
229000	-0.743462964134354	-0.000148152950850781	-0.000147604086279967	-0.875103295591119	-0.00017484761844519	-0.000174302106395091
230000	-0.74347574166614	-0.000153880447846163	-0.000153867670314377	-0.874923777595041	-0.000179744702384717	-0.000179924220380796
231000	-0.743718198494528	-0.000143966791068379	-0.00014372433423999	-0.875102283509393	-0.000169644253273452	-0.000169465747359099
232000	-0.7440588272503	-0.000147486178758935	-0.000147145550003163	-0.875322917325574	-0.000173699664747928	-0.000173479030931748
233000	-0.744341514327282	-0.000150855145803024	-0.000150572458726042	-0.875822442912265	-0.000177886204060978	-0.000177386678474287
234000	-0.7445648681131	-0.000148376304636599	-0.000148152950850781	-0.876148839268771	-0.000175174014801695	-0.00017484761844519
235000	-0.744774495540515	-0.000154090075273579	-0.000153880447846163	-0.876206148396483	-0.000179802011512429	-0.000179744702384717
236000	-0.744891390979822	-0.000144083686507685	-0.000143966791068379	-0.876388259851983	-0.000169826364728952	-0.000169644253273452
237000	-0.745270542096274	-0.000147865329875387	-0.000147486178758935	-0.876394901638307	-0.000173706306534253	-0.000173699664747928
238000	-0.745454804225441	-0.000151039407932191	-0.000150855145803024	-0.876798912012145	-0.000178290214434816	-0.000177886204060978
239000	-0.745328547030173	-0.000148250047441331	-0.000148376304636599	-0.877028211778101	-0.000175403314567651	-0.000175174014801695
240000	-0.745509962679486	-0.000154271490922892	-0.000154090075273579	-0.877106584856727	-0.000179880384591056	-0.000179802011512429
241000	-0.745639066354608	-0.000144212790182807	-0.000144083686507685	-0.877368777278765	-0.00017008855715099	-0.000169826364728952
242000	-0.746060977923967	-0.000148287241444746	-0.000147865329875387	-0.877720349168195	-0.000174057878423682	-0.000173706306534253
243000	-0.746196849895629	-0.000151175279903853	-0.000151039407932191	-0.87758839901322	-0.000178158264279841	-0.000178290214434816
244000	-0.746467961287874	-0.000148521158833576	-0.000148250047441331	-0.877684293756721	-0.000175499209311152	-0.000175403314567651
245000	-0.747015434246315	-0.000154818963881333	-0.000154271490922892	-0.877833069770384	-0.000180029160604719	-0.000179880384591056
246000	-0.747584730216965	-0.000144782086153457	-0.000144212790182807	-0.878402428996141	-0.000170657916376747	-0.00017008855715099
247000	-0.74804560693276	-0.000148748118160541	-0.000148287241444746	-0.878503067872731	-0.000174158517300272	-0.000174057878423682
248000	-0.748387817066228	-0.000151517490037321	-0.000151175279903853	-0.878635713833892	-0.000178290910241002	-0.000178158264279841
249000	-0.748174267822127	-0.000148307609589474	-0.000148521158833576	-0.878525839711557	-0.000175389335188816	-0.000175499209311152
250000	-0.748466126889746	-0.000155110822948953	-0.000154818963881333	-0.878533873110254	-0.000180037194003416	-0.000180029160604719
