Distance from Center (cmd=annotatePeaks.pl /expanse/lustre/projects/csd940/ctea/homer/homer_scripts/reference_peaks/H3K27ac.bed mm10 -size 500000 -hist 1000 -bedGraph /expanse/lustre/projects/csd940/ctea/homer/bwt2_bam/tags/ctrl_M2/tagdirs/tagdirs.DLR.bedGraph /expanse/lustre/projects/csd940/ctea/homer/bwt2_bam/tags/mut_M2/tagdirs/tagdirs.DLR.bedGraph)	/expanse/lustre/projects/csd940/ctea/homer/bwt2_bam/tags/ctrl_M2/tagdirs/tagdirs.DLR.bedGraph Coverage	/expanse/lustre/projects/csd940/ctea/homer/bwt2_bam/tags/ctrl_M2/tagdirs/tagdirs.DLR.bedGraph + Tags	/expanse/lustre/projects/csd940/ctea/homer/bwt2_bam/tags/ctrl_M2/tagdirs/tagdirs.DLR.bedGraph - Tags	/expanse/lustre/projects/csd940/ctea/homer/bwt2_bam/tags/mut_M2/tagdirs/tagdirs.DLR.bedGraph Coverage	/expanse/lustre/projects/csd940/ctea/homer/bwt2_bam/tags/mut_M2/tagdirs/tagdirs.DLR.bedGraph + Tags	/expanse/lustre/projects/csd940/ctea/homer/bwt2_bam/tags/mut_M2/tagdirs/tagdirs.DLR.bedGraph - Tags
-250000	-1.08076218761706	-0.000215628351260234	-0.000215322630705838	-1.15066902124472	-0.00022959137368224	-0.000229337079252957
-249000	-1.08110815005084	-0.000217876491678707	-0.00021753052924493	-1.15101530475732	-0.000232556536629743	-0.000232210253117141
-248000	-1.08185385562156	-0.000216663776957242	-0.000215918071386525	-1.15165179001445	-0.000230640659281854	-0.000230004174024723
-247000	-1.08282067747632	-0.000216576550543159	-0.000215609728688393	-1.15229935249104	-0.000229802483009579	-0.000229154920532991
-246000	-1.08349906352009	-0.000216753893080752	-0.000216075507036978	-1.15249023385241	-0.000229899181248996	-0.000229708299887622
-245000	-1.08379424198641	-0.000215923529726548	-0.000215628351260234	-1.15270771124311	-0.000229808851072939	-0.00022959137368224
-244000	-1.08443222561139	-0.000218514475303687	-0.000217876491678707	-1.15329994113555	-0.000233148766522181	-0.000232556536629743
-243000	-1.08499149141114	-0.000217223042756997	-0.000216663776957242	-1.15400931128592	-0.000231350029432225	-0.000230640659281854
-242000	-1.08588360892599	-0.000217468668058009	-0.000216576550543159	-1.15500379943276	-0.000230796971156419	-0.000229802483009579
-241000	-1.08636174880933	-0.000217232032964093	-0.000216753893080752	-1.15540017124204	-0.000230295553058275	-0.000229899181248996
-240000	-1.08684133354739	-0.000216403114464601	-0.000215923529726548	-1.15556226253545	-0.000229970942366351	-0.000229808851072939
-239000	-1.08739412425751	-0.000219067266013807	-0.000218514475303687	-1.15595906244983	-0.000233545566436559	-0.000233148766522181
-238000	-1.08817316851287	-0.000218002087012361	-0.000217223042756997	-1.15702477658265	-0.000232415743565046	-0.000231350029432225
-237000	-1.08900802697062	-0.00021830352651576	-0.000217468668058009	-1.15774361855836	-0.000231515813132124	-0.000230796971156419
-236000	-1.08970813934821	-0.000217932145341681	-0.000217232032964093	-1.1583832610906	-0.000230935195590517	-0.000230295553058275
-235000	-1.09066399100979	-0.000217358966126184	-0.000216403114464601	-1.15936421041366	-0.00023095189168941	-0.000229970942366351
-234000	-1.09120923636753	-0.000219612511371542	-0.000219067266013807	-1.15990924171884	-0.000234090597741745	-0.000233545566436559
-233000	-1.09204345266763	-0.000218836303312463	-0.000218002087012361	-1.16078236206989	-0.000233288863916091	-0.000232415743565046
-232000	-1.09303093059346	-0.00021929100444159	-0.00021830352651576	-1.1618630598812	-0.000232596510943437	-0.000231515813132124
-231000	-1.09386279231551	-0.000218764007063734	-0.000217932145341681	-1.16299818055333	-0.000232070316262642	-0.000230935195590517
-230000	-1.09475715738214	-0.000218253331192808	-0.000217358966126184	-1.16375801359234	-0.000231711724728421	-0.00023095189168941
-229000	-1.09517830577407	-0.000220033659763472	-0.000219612511371542	-1.16412131428266	-0.000234453898432065	-0.000234090597741745
-228000	-1.09566811152138	-0.000219326109059774	-0.000218836303312463	-1.16470920961096	-0.000233876759244395	-0.000233288863916091
-227000	-1.09617653984053	-0.000219799432760743	-0.00021929100444159	-1.16506030930593	-0.000232947610638412	-0.000232596510943437
-226000	-1.09717953657623	-0.000219767003799433	-0.000218764007063734	-1.16574752501739	-0.0002327575319741	-0.000232070316262642
-225000	-1.09786273880238	-0.000218936533418955	-0.000218253331192808	-1.16653154599454	-0.000232495745705571	-0.000231711724728421
-224000	-1.09838909402258	-0.000220560014983678	-0.000220033659763472	-1.16727200727779	-0.00023519435971531	-0.000234453898432065
-223000	-1.09899716380371	-0.000219934178840906	-0.000219326109059774	-1.16769454701129	-0.000234299298977899	-0.000233876759244395
-222000	-1.09982335313319	-0.000220625622090223	-0.000219799432760743	-1.16854380050302	-0.000233796864130144	-0.000232947610638412
-221000	-1.10048798630064	-0.000220431636966875	-0.000219767003799433	-1.1693875421416	-0.000233601273612671	-0.0002327575319741
-220000	-1.101117942955	-0.000219566490073313	-0.000218936533418955	-1.16996221972494	-0.000233070423288917	-0.000232495745705571
-219000	-1.10175903034195	-0.000221201102370632	-0.000220560014983678	-1.17086685931396	-0.000236098999304329	-0.00023519435971531
-218000	-1.10229908492535	-0.000220474233424306	-0.000219934178840906	-1.17111227056242	-0.000234544710226361	-0.000234299298977899
-217000	-1.10280387435115	-0.000221130411516027	-0.000220625622090223	-1.17172060790924	-0.000234405201476963	-0.000233796864130144
-216000	-1.10313902713116	-0.000220766789746883	-0.000220431636966875	-1.17208893883448	-0.000233969604537914	-0.000233601273612671
-215000	-1.10356135281212	-0.000219988815754268	-0.000219566490073313	-1.17269096163108	-0.000233672446085514	-0.000233070423288917
-214000	-1.10449622732381	-0.000222135976882324	-0.000221201102370632	-1.17327676994702	-0.000236684807620271	-0.000236098999304329
-213000	-1.10539803071654	-0.000221376036817038	-0.000220474233424306	-1.17390137528763	-0.000235169315566972	-0.000234544710226361
-212000	-1.10572670840691	-0.0002214590892064	-0.000221130411516027	-1.17439770963772	-0.000234901535827045	-0.000234405201476963
-211000	-1.10627072296249	-0.000221310804302456	-0.000220766789746883	-1.17507802215444	-0.000234649917054637	-0.000233969604537914
-210000	-1.10698003959972	-0.000220698132391502	-0.000219988815754268	-1.1755611922727	-0.000234155616203778	-0.000233672446085514
-209000	-1.10802493712206	-0.000223180874404666	-0.000222135976882324	-1.17633713276609	-0.000237460748113662	-0.000236684807620271
-208000	-1.10885273184567	-0.000222203831540643	-0.000221376036817038	-1.1770012843153	-0.000235833467116177	-0.000235169315566972
-207000	-1.10940878685717	-0.000222015144217906	-0.0002214590892064	-1.17751656231605	-0.000235416813827794	-0.000234901535827045
-206000	-1.10992042596457	-0.000221822443409857	-0.000221310804302456	-1.17806630277733	-0.00023519965751592	-0.000234649917054637
-205000	-1.11074302991384	-0.000221520736340772	-0.000220698132391502	-1.17847038047841	-0.000234559693904854	-0.000234155616203778
-204000	-1.11134794241986	-0.000223785786910686	-0.000223180874404666	-1.17896826670948	-0.000237958634344732	-0.000237460748113662
-203000	-1.11187424412693	-0.000222730133247713	-0.000222203831540643	-1.17972836731418	-0.000236593567720876	-0.000235833467116177
-202000	-1.11242660673195	-0.000222567506822925	-0.000222015144217906	-1.18008214266602	-0.000235770589179644	-0.000235416813827794
-201000	-1.11314239845882	-0.000222538235136726	-0.000221822443409857	-1.18082014234495	-0.000235937657194842	-0.00023519965751592
-200000	-1.11382351367261	-0.000222201851554557	-0.000221520736340772	-1.18119232621609	-0.000234931877775995	-0.000234559693904854
-199000	-1.11432953390057	-0.000224291807138653	-0.000223785786910686	-1.18151276288329	-0.000238279071011933	-0.000237958634344732
-198000	-1.11514710761492	-0.000223547706962059	-0.000222730133247713	-1.18254363996361	-0.000237624444801198	-0.000236593567720876
-197000	-1.11590164285332	-0.000223322042061327	-0.000222567506822925	-1.18314865949591	-0.000236375608711939	-0.000235770589179644
-196000	-1.11661920051373	-0.000223255792797132	-0.000222538235136726	-1.1838023759833	-0.000236591373682239	-0.000235937657194842
-195000	-1.11722063466581	-0.000222803285706641	-0.000222201851554557	-1.18470942366351	-0.0002358389254562	-0.000234931877775995
-194000	-1.11756274415369	-0.000224633916626532	-0.000224291807138653	-1.18516075346498	-0.000238730400813399	-0.000238279071011933
-193000	-1.11839615775673	-0.000224381120565098	-0.000223547706962059	-1.18610975544496	-0.000238573446781185	-0.000237624444801198
-192000	-1.11912687964895	-0.000224052763953551	-0.000223322042061327	-1.18682538663242	-0.000237091239899395	-0.000236375608711939
-191000	-1.12002638197678	-0.000224155295124953	-0.000223255792797132	-1.18751875635469	-0.000237284743404505	-0.000236591373682239
-190000	-1.12033638358217	-0.000223113287312036	-0.000222803285706641	-1.1880715470648	-0.00023639171616632	-0.0002358389254562
-189000	-1.1205409107936	-0.000224838443837962	-0.000224633916626532	-1.18835522020656	-0.000239014073955156	-0.000238730400813399
-188000	-1.12155493123562	-0.000225395141007117	-0.000224381120565098	-1.18922946433349	-0.000239447690908118	-0.000238573446781185
-187000	-1.12212875260877	-0.000224626585326697	-0.000224052763953551	-1.1897368223899	-0.000237598597955798	-0.000237091239899395
-186000	-1.12261208326644	-0.00022463862578263	-0.000224155295124953	-1.19031278428854	-0.000237860705303152	-0.000237284743404505
-185000	-1.12294632632311	-0.000223447530368705	-0.000223113287312036	-1.19063022422005	-0.000236709156097822	-0.00023639171616632
-184000	-1.12349777920479	-0.000225389896719645	-0.000224838443837962	-1.19134526676299	-0.0002397291164981	-0.000239014073955156
-183000	-1.12405886445122	-0.000225956226253545	-0.000225395141007117	-1.19178161288596	-0.000239884037031091	-0.000239447690908118
-182000	-1.1243734146733	-0.000224941135548777	-0.000224626585326697	-1.19193744314229	-0.000237754428212126	-0.000237598597955798
-181000	-1.12482966768342	-0.000225094878792744	-0.00022463862578263	-1.19217043934286	-0.000238093701503719	-0.000237860705303152
-180000	-1.12563177610103	-0.000224249638786322	-0.000223447530368705	-1.19300850858886	-0.000237547225343822	-0.000236709156097822
-179000	-1.12627077647562	-0.000226028897094238	-0.000225389896719645	-1.19368807192166	-0.000240408679830899	-0.0002397291164981
-178000	-1.12685289238508	-0.000226538342163001	-0.000225956226253545	-1.19441023171189	-0.000240606196821319	-0.000239884037031091
-177000	-1.1274225397335	-0.000225510782897202	-0.000224941135548777	-1.1950292716862	-0.00023837346818644	-0.000237754428212126
-176000	-1.12807106544657	-0.000225743404505806	-0.000225094878792744	-1.19578685717344	-0.000238851286990956	-0.000238093701503719
-175000	-1.12853368652004	-0.000224712259859795	-0.000224249638786322	-1.19636158826992	-0.000238121956440307	-0.000237547225343822
-174000	-1.12921646064109	-0.000226711671215284	-0.000226028897094238	-1.19708562101996	-0.000241132712580939	-0.000240408679830899
-173000	-1.12960068496816	-0.000226922566490074	-0.000226538342163001	-1.19744571092203	-0.000240966286723391	-0.000240606196821319
-172000	-1.13006277091026	-0.0002259728688393	-0.000225510782897202	-1.19808465778349	-0.000239012415047894	-0.00023837346818644
-171000	-1.13064852571306	-0.000226329159308611	-0.000225743404505806	-1.19824685610317	-0.000239013485310644	-0.000238851286990956
-170000	-1.13123791940922	-0.000225301653555948	-0.000224712259859795	-1.1990715470648	-0.000238946647401938	-0.000238121956440307
-169000	-1.13221132337989	-0.000227685075185958	-0.000226711671215284	-1.2001166586397	-0.00024217782415583	-0.000241132712580939
-168000	-1.13253828864986	-0.000227249531760047	-0.000226922566490074	-1.20035564831166	-0.000241205276395354	-0.000240966286723391
-167000	-1.13318247979879	-0.000226617059988228	-0.0002259728688393	-1.2013687055172	-0.000240025472253438	-0.000239012415047894
-166000	-1.13366003103762	-0.00022680671054744	-0.000226329159308611	-1.20202151228126	-0.000239666292074704	-0.000239013485310644
-165000	-1.13457633649061	-0.000226217959008937	-0.000225301653555948	-1.20270450045486	-0.000239629635575534	-0.000238946647401938
-164000	-1.13523920372451	-0.000228347942419864	-0.000227685075185958	-1.20344212554182	-0.000242915449242789	-0.00024217782415583
-163000	-1.13564954246267	-0.000227659870498207	-0.000227249531760047	-1.20381388130786	-0.000241577032161396	-0.000241205276395354
-162000	-1.13639776315085	-0.000227365280676407	-0.000226617059988228	-1.20461491946273	-0.000240826510408305	-0.000240025472253438
-161000	-1.13690394391823	-0.000227312891314818	-0.00022680671054744	-1.20529212821748	-0.000240343500829453	-0.000239666292074704
-160000	-1.13785695938353	-0.000227170974474234	-0.000226217959008937	-1.20612265211109	-0.00024046015946915	-0.000239629635575534
-159000	-1.13849044790496	-0.000228981430941296	-0.000228347942419864	-1.20656183443035	-0.000243354631562048	-0.000242915449242789
-158000	-1.13934366136887	-0.000228513083962112	-0.000227659870498207	-1.20730588109381	-0.000242321078824851	-0.000241577032161396
-157000	-1.1401886338096	-0.00022821025311714	-0.000227365280676407	-1.20800743832611	-0.000241528067640605	-0.000240826510408305
-156000	-1.14102563279285	-0.000228149890298068	-0.000227312891314818	-1.20909964146198	-0.000241435703965325	-0.000240343500829453
-155000	-1.14193209182854	-0.000228077433509927	-0.000227170974474234	-1.21000481618237	-0.000241365334189544	-0.00024046015946915
-154000	-1.1425611922727	-0.000229610531385455	-0.000228981430941296	-1.21079895114251	-0.000244148766522181	-0.000243354631562048
-153000	-1.14323984588216	-0.000229191737571574	-0.000228513083962112	-1.21146695563761	-0.000242989083319955	-0.000242321078824851
-152000	-1.14402220795205	-0.000228992615187028	-0.00022821025311714	-1.21223246106919	-0.00024229357307219	-0.000241528067640605
-151000	-1.14501755230909	-0.000229145234655107	-0.000228149890298068	-1.21302686359501	-0.000242230106491143	-0.000241435703965325
-150000	-1.14536908010917	-0.000228428961310002	-0.000228077433509927	-1.21321308931343	-0.000241551559907957	-0.000241365334189544
-149000	-1.14618440627174	-0.000230425857548029	-0.000229610531385455	-1.21388644512228	-0.000244822122331032	-0.000244148766522181
-148000	-1.14720757746027	-0.000230214908760101	-0.000229191737571574	-1.21489607748702	-0.000243998715684701	-0.000242989083319955
-147000	-1.14807309894579	-0.000229858136672553	-0.000228992615187028	-1.21561877240863	-0.000243016267993793	-0.00024229357307219
-146000	-1.14882581473752	-0.000229897950446835	-0.000229145234655107	-1.21637999678921	-0.000242991330871729	-0.000242230106491143
-145000	-1.14919885481886	-0.000228802001391341	-0.000228428961310002	-1.21674827420132	-0.000241919837320062	-0.000241551559907957
-144000	-1.14996173810671	-0.000231188740835875	-0.000230425857548029	-1.21762813720768	-0.000245701985337401	-0.000244822122331032
-143000	-1.15074426071601	-0.000230997431369401	-0.000230214908760101	-1.21831797506288	-0.000244688553539894	-0.000243998715684701
-142000	-1.1517075507037	-0.000230821426660245	-0.000229858136672553	-1.21935388237812	-0.000244052175309039	-0.000243016267993793
-141000	-1.15240942901482	-0.00023059982875796	-0.000229897950446835	-1.22014566276021	-0.000243783111253813	-0.000242991330871729
-140000	-1.15306228929202	-0.00022945486166854	-0.000228802001391341	-1.22098132391502	-0.000242755498474875	-0.000241919837320062
-139000	-1.15363075935142	-0.000231757210895275	-0.000231188740835875	-1.22154353293734	-0.000246264194359715	-0.000245701985337401
-138000	-1.15439412425751	-0.000231760796275485	-0.000230997431369401	-1.22221977845561	-0.000245364799058169	-0.000244688553539894
-137000	-1.15520843367047	-0.000231635736073206	-0.000230821426660245	-1.22311387595655	-0.000244946272809975	-0.000244052175309039
-136000	-1.15630636271205	-0.000231697757799539	-0.00023059982875796	-1.22410568844651	-0.000244774923743779	-0.000243783111253813
-135000	-1.15686675228769	-0.000230015251244181	-0.00022945486166854	-1.22509054422861	-0.00024374035425697	-0.000242755498474875
-134000	-1.15769090811794	-0.000232581366725531	-0.000231757210895275	-1.2257609568149	-0.000246934606946006	-0.000246264194359715
-133000	-1.15827264943544	-0.000232342537592979	-0.000231760796275485	-1.22616851286991	-0.00024577235511318	-0.000245364799058169
-132000	-1.15919061379569	-0.000232553700433456	-0.000231635736073206	-1.22727291700112	-0.000246050676941189	-0.000244946272809975
-131000	-1.15995895542356	-0.000232466099427409	-0.000231697757799539	-1.2279483063092	-0.000245450313051854	-0.000244774923743779
-130000	-1.16105736608337	-0.000231113661903997	-0.000230015251244181	-1.22889645207899	-0.000244688500026757	-0.00024374035425697
-129000	-1.16220334992241	-0.000233727350564563	-0.000232581366725531	-1.22984416974367	-0.000247882324610692	-0.000246934606946006
-128000	-1.16287782950714	-0.000233017017177717	-0.000232342537592979	-1.23056156686467	-0.000246489752234174	-0.00024577235511318
-127000	-1.16373960507305	-0.000233415475999358	-0.000232553700433456	-1.23153727190025	-0.000247026381976776	-0.000246050676941189
-126000	-1.16460063145502	-0.000233327125809386	-0.000232466099427409	-1.23224905014181	-0.000246162091293412	-0.000245450313051854
-125000	-1.16575972601274	-0.000232272756461711	-0.000231113661903997	-1.23329662332103	-0.000245736073205972	-0.000244688500026757
-124000	-1.1669910097929	-0.000234958634344731	-0.000233727350564563	-1.23432626959919	-0.000248911970888853	-0.000247882324610692
-123000	-1.16747177181998	-0.000233497779204795	-0.000233017017177717	-1.23502343875421	-0.000247186921389201	-0.000246489752234174
-122000	-1.1684599454166	-0.000234403649595976	-0.000233415475999358	-1.23571916305453	-0.000247722106277091	-0.000247026381976776
-121000	-1.1689267405148	-0.000233793920907582	-0.000233327125809386	-1.23659287205009	-0.00024703580028897	-0.000246162091293412
-120000	-1.1695870391181	-0.000232933055065018	-0.000232272756461711	-1.23739663937497	-0.00024653984053085	-0.000245736073205972
-119000	-1.17065655268368	-0.000236028147910312	-0.000234958634344731	-1.23850013378284	-0.00025001546529673	-0.000248911970888853
-118000	-1.17122207952052	-0.000234063306041633	-0.000233497779204795	-1.23906624926419	-0.000247753036870552	-0.000247186921389201
-117000	-1.17210317332905	-0.000235284743404506	-0.000234403649595976	-1.23986878578691	-0.000248524642799808	-0.000247722106277091
-116000	-1.1730775405362	-0.000234768288114733	-0.000233793920907582	-1.24100053513137	-0.000248167549633435	-0.00024703580028897
-115000	-1.17361170867448	-0.000233467223203296	-0.000232933055065018	-1.24171943062022	-0.000247258736019693	-0.00024653984053085
-114000	-1.17421303580029	-0.00023662947503612	-0.000236028147910312	-1.24263498688928	-0.000250931021565795	-0.00025001546529673
-113000	-1.17498496280837	-0.000234835233049714	-0.000234063306041633	-1.24369920265425	-0.000248817252635522	-0.000247753036870552
-112000	-1.1757906566062	-0.000236090437202333	-0.000235284743404506	-1.24472296248729	-0.000249548402632846	-0.000248524642799808
-111000	-1.17688837159523	-0.000235866003103762	-0.000234768288114733	-1.24575854872371	-0.000249203135869856	-0.000248167549633435
-110000	-1.17754834911971	-0.000234127200727779	-0.000233467223203296	-1.2465688981645	-0.000248069085460481	-0.000247258736019693
-109000	-1.17828602771981	-0.000237367153636217	-0.00023662947503612	-1.24720265425162	-0.000251564777652914	-0.000250931021565795
-108000	-1.17904532562744	-0.00023559453095735	-0.000234835233049714	-1.2479948627388	-0.000249609461122707	-0.000248817252635522
-107000	-1.18001295017927	-0.000237058061754161	-0.000236090437202333	-1.24900572590571	-0.000250559265799754	-0.000249548402632846
-106000	-1.18108476480976	-0.000236937817734253	-0.000235866003103762	-1.24968138277947	-0.000249878792743619	-0.000249203135869856
-105000	-1.18214774977257	-0.000235190185690587	-0.000234127200727779	-1.25079563332798	-0.00024918333600899	-0.000248069085460481
-104000	-1.18288526783325	-0.000238104671696901	-0.000237367153636217	-1.25149660191577	-0.000252265746240702	-0.000251564777652914
-103000	-1.18402911114679	-0.000236738374270883	-0.00023559453095735	-1.25257612243806	-0.000250688981644994	-0.000249609461122707
-102000	-1.18499545138331	-0.000238024401990688	-0.000237058061754161	-1.2537304008134	-0.000251713544175094	-0.000250559265799754
-101000	-1.18598159148071	-0.000237923957831648	-0.000236937817734253	-1.25451410071172	-0.000250662492641944	-0.000249878792743619
-100000	-1.18673312998341	-0.000235941724193289	-0.000235190185690587	-1.25541799111682	-0.000250087226414085	-0.00024918333600899
-99000	-1.18782875796008	-0.00023920029967357	-0.000238104671696901	-1.25645047359127	-0.000253298228715149	-0.000252265746240702
-98000	-1.18858794884144	-0.000237497565152244	-0.000236738374270883	-1.25727532509231	-0.000251513833146037	-0.000250688981644994
-97000	-1.1896842724889	-0.000239120725638144	-0.000238024401990688	-1.25787927436186	-0.000252317493444641	-0.000251713544175094
-96000	-1.19029046931022	-0.000238530154652968	-0.000237923957831648	-1.25874484936052	-0.000251528067640606	-0.000250662492641944
-95000	-1.19087483277145	-0.00023652608765452	-0.000235941724193289	-1.25969406539305	-0.000251036442446621	-0.000250087226414085
-94000	-1.19196419971103	-0.000240289666613154	-0.00023920029967357	-1.26069021244716	-0.000254294375769251	-0.000253298228715149
-93000	-1.19308770803232	-0.000238621073473538	-0.000237497565152244	-1.26169588483973	-0.00025251950553861	-0.000251513833146037
-92000	-1.19404227537861	-0.000240075292984427	-0.000239120725638144	-1.26307791512816	-0.000253699523733076	-0.000252317493444641
-91000	-1.19509065125488	-0.000239578530529245	-0.000238530154652968	-1.26436383582169	-0.000252813988334136	-0.000251528067640606
-90000	-1.19596152405416	-0.000237396960453791	-0.00023652608765452	-1.26538850537807	-0.000252061112002998	-0.000251036442446621
-89000	-1.19700208701236	-0.00024133022957136	-0.000240289666613154	-1.26650045486167	-0.000255406325252849	-0.000254294375769251
-88000	-1.19801546529673	-0.000239634451757907	-0.000238621073473538	-1.26747145074116	-0.000253490501418098	-0.00025251950553861
-87000	-1.19887360196928	-0.000240933429656981	-0.000240075292984427	-1.26818494140311	-0.000254413014395034	-0.000253699523733076
-86000	-1.19921795900894	-0.000239922887568899	-0.000239578530529245	-1.26892577727832	-0.000253554824209343	-0.000252813988334136
-85000	-1.20039824476909	-0.000238577246213945	-0.000237396960453791	-1.26994504200781	-0.000253080376732488	-0.000252061112002998
-84000	-1.20146197891582	-0.000242393963718093	-0.00024133022957136	-1.27109712634452	-0.000256558409589555	-0.000255406325252849
-83000	-1.20238743511532	-0.000240559907957403	-0.000239634451757907	-1.27221967142934	-0.000254613046502916	-0.000253490501418098
-82000	-1.20324562530101	-0.000241791619842671	-0.000240933429656981	-1.2734255364692	-0.000255618879434901	-0.000254413014395034
-81000	-1.20398560496602	-0.000240662867233907	-0.000239922887568899	-1.2738152191363	-0.000253944506876438	-0.000253554824209343
-80000	-1.20491223845454	-0.000239503879702468	-0.000238577246213945	-1.27445486166854	-0.000253720019264729	-0.000253080376732488
-79000	-1.20559281853695	-0.000243074543800503	-0.000242393963718093	-1.27531588805052	-0.000257419435971531	-0.000256558409589555
-78000	-1.2061399368545	-0.000241107026274951	-0.000240559907957403	-1.27610504628886	-0.000255402204741264	-0.000254613046502916
-77000	-1.20716182372773	-0.000242813506715899	-0.000241791619842671	-1.27709905281747	-0.000256612885963504	-0.000255618879434901
-76000	-1.20809755444962	-0.000241598597955798	-0.000240662867233907	-1.27805902499064	-0.000254904479049606	-0.000253944506876438
-75000	-1.20917172365816	-0.000240578048911008	-0.000239503879702468	-1.27885059132017	-0.000254511585594263	-0.000253720019264729
-74000	-1.20985845775138	-0.000243761277893723	-0.000243074543800503	-1.27951752555252	-0.000258086370203885	-0.000257419435971531
-73000	-1.21045154385402	-0.000241700112377589	-0.000241107026274951	-1.28033129983411	-0.00025621597902285	-0.000255402204741264
-72000	-1.21100438807727	-0.000243366350939155	-0.000242813506715899	-1.28114325466902	-0.000257424840798416	-0.000256612885963504
-71000	-1.21172633381495	-0.000242320543693478	-0.000241598597955798	-1.28175405362016	-0.000255515278000749	-0.000254904479049606
-70000	-1.21258538021084	-0.000241437095306897	-0.000240578048911008	-1.28231893829935	-0.000255076470273452	-0.000254511585594263
-69000	-1.21354931235618	-0.000244725210039065	-0.000243761277893723	-1.28350917750308	-0.000259276609407609	-0.000258086370203885
-68000	-1.21393203831541	-0.000242082838336811	-0.000241700112377589	-1.28380007491839	-0.000256506876438166	-0.00025621597902285
-67000	-1.21475036121368	-0.000244184673837427	-0.000243366350939155	-1.28472553111789	-0.000258350296997913	-0.000257424840798416
-66000	-1.21526162572912	-0.000242831808208915	-0.000242320543693478	-1.28556065714133	-0.000256350404024188	-0.000255515278000749
-65000	-1.21568330925242	-0.000241858778830203	-0.000241437095306897	-1.28622914325467	-0.000255744956386793	-0.000255076470273452
-64000	-1.21653293733612	-0.000245574838122759	-0.000244725210039065	-1.28725798683577	-0.000260305452988708	-0.000259276609407609
-63000	-1.21731936640445	-0.000242869267405148	-0.000242082838336811	-1.28818959704607	-0.000257438486648472	-0.000256506876438166
-62000	-1.21838465243217	-0.000245249959865147	-0.000244184673837427	-1.28905089099374	-0.000259211590945578	-0.000258350296997913
-61000	-1.2188574945149	-0.000243304650291646	-0.000242831808208915	-1.28974575908386	-0.000257045272114304	-0.000256350404024188
-60000	-1.21945561085246	-0.000242456895167763	-0.000241858778830203	-1.29047417991117	-0.000256473377214107	-0.000255744956386793
-59000	-1.22048338417081	-0.000246602611441108	-0.000245574838122759	-1.29160057794188	-0.000261431851019425	-0.000260305452988708
-58000	-1.22129667683416	-0.000243682560068497	-0.000242869267405148	-1.29226563921443	-0.000258103547921015	-0.000257438486648472
-57000	-1.22207299191952	-0.0002460262749505	-0.000245249959865147	-1.29314662599668	-0.000260092577727833	-0.000259211590945578
-56000	-1.22268095467437	-0.000243912613046503	-0.000243304650291646	-1.29399282923958	-0.0002578914753572	-0.000257045272114304
-55000	-1.22323112324076	-0.000243007063734147	-0.000242456895167763	-1.29498292930915	-0.000257463477283673	-0.000256473377214107
-54000	-1.2243557018248	-0.000247727190025151	-0.000246602611441108	-1.29605581420239	-0.000262504735912666	-0.000261431851019425
-53000	-1.22534050409376	-0.000244667362337453	-0.000243682560068497	-1.29708048375876	-0.00025912821747739	-0.000258103547921015
-52000	-1.22621137689303	-0.000246897147749772	-0.0002460262749505	-1.29813715417135	-0.000261149248140419	-0.000260092577727833
-51000	-1.22682287151496	-0.000244524107668433	-0.000243912613046503	-1.29868400492321	-0.00025843832610906	-0.0002578914753572
-50000	-1.22783314603735	-0.000244017338256542	-0.000243007063734147	-1.2996701450206	-0.000258449617381067	-0.000257463477283673
-49000	-1.22862465885375	-0.000248518702841548	-0.000247727190025151	-1.30045903569326	-0.000263293626585327	-0.000262504735912666
-48000	-1.22931005511853	-0.000245352758602237	-0.000244667362337453	-1.30114015090705	-0.000259809332691176	-0.00025912821747739
-47000	-1.22984069138974	-0.000247427784020977	-0.000246897147749772	-1.30223053459624	-0.000262239631829614	-0.000261149248140419
-46000	-1.23049676245518	-0.000245180178733879	-0.000244524107668433	-1.30279269010542	-0.000259000481618237	-0.00025843832610906
-45000	-1.23128918499492	-0.000244809760796275	-0.000244017338256542	-1.3038049446139	-0.000259461871889549	-0.000258449617381067
-44000	-1.23172296248729	-0.000248952480333922	-0.000248518702841548	-1.3046515759619	-0.000264140257933322	-0.000263293626585327
-43000	-1.23230539947557	-0.000245935195590518	-0.000245352758602237	-1.30582902552577	-0.000260986782255043	-0.000259809332691176
-42000	-1.23273452132499	-0.000247856905870391	-0.000247427784020977	-1.30621426660245	-0.000262624872906298	-0.000262239631829614
-41000	-1.23332193503505	-0.000245767592443945	-0.000245180178733879	-1.30693829935249	-0.000259724514368278	-0.000259000481618237
-40000	-1.23371557767432	-0.000245203403435543	-0.000244809760796275	-1.30744533633007	-0.000259968908867127	-0.000259461871889549
-39000	-1.2342433242361	-0.000249480226895702	-0.000248952480333922	-1.30820195858083	-0.000264896880184085	-0.000264140257933322
-38000	-1.23464740193718	-0.000246339273291593	-0.000245935195590518	-1.3088686252475	-0.000261653448921711	-0.000260986782255043
-37000	-1.2350461283245	-0.00024825563225772	-0.000247856905870391	-1.30922288221758	-0.000262979129876385	-0.000262624872906298
-36000	-1.2359664472628	-0.000246687911382245	-0.000245767592443945	-1.31042312837802	-0.000260924760528709	-0.000259724514368278
-35000	-1.23625482956066	-0.000245491785733396	-0.000245203403435543	-1.31084502595387	-0.000260390806442981	-0.000259968908867127
-34000	-1.23663402365281	-0.000249859420987853	-0.000249480226895702	-1.3114565205758	-0.000265508374806015	-0.000264896880184085
-33000	-1.23677085674533	-0.000246476106384117	-0.000246339273291593	-1.31190164285332	-0.00026209857119923	-0.000261653448921711
-32000	-1.23687740140204	-0.000248362176914432	-0.00024825563225772	-1.31208080483759	-0.000263158291860653	-0.000262979129876385
-31000	-1.23729549954514	-0.000247106009525338	-0.000246687911382245	-1.31288136137422	-0.000261725317065339	-0.000260924760528709
-30000	-1.23743083426981	-0.000245627120458072	-0.000245491785733396	-1.31316214480655	-0.000260671589875315	-0.000260390806442981
-29000	-1.23773751806068	-0.000250166104778723	-0.000249859420987853	-1.31392920211912	-0.000266275432118585	-0.000265508374806015
-28000	-1.2379156097822	-0.000246654198105635	-0.000246476106384117	-1.31423358484508	-0.000262402953925188	-0.00026209857119923
-27000	-1.23819414566276	-0.000248640712794991	-0.000248362176914432	-1.31476320436667	-0.000263687911382245	-0.000263158291860653
-26000	-1.23844207202868	-0.000247353935891261	-0.000247106009525338	-1.31519666078022	-0.000262158773478889	-0.000261725317065339
-25000	-1.23835752127147	-0.000245542569700862	-0.000245627120458072	-1.31565858618291	-0.000261133515278001	-0.000260671589875315
-24000	-1.23834012950179	-0.000250148713009044	-0.000250166104778723	-1.31608615615134	-0.000266703002087012	-0.000266275432118585
-23000	-1.23815283352063	-0.000246466902124471	-0.000246654198105635	-1.31640728848932	-0.000262724086263177	-0.000262402953925188
-22000	-1.23825905709852	-0.000248746936372879	-0.000248640712794991	-1.31728838229785	-0.000264569005190775	-0.000263687911382245
-21000	-1.23847862150158	-0.000247573500294323	-0.000247353935891261	-1.31798865521486	-0.00026285904639589	-0.000262158773478889
-20000	-1.23852656927276	-0.000245590517472039	-0.000245542569700862	-1.31825440145556	-0.000261399261518702	-0.000261133515278001
-19000	-1.23831920586504	-0.000249941349601327	-0.000250148713009044	-1.31877802750575	-0.000267226628137208	-0.000266703002087012
-18000	-1.23842435918018	-0.00024657205543961	-0.000246466902124471	-1.31957949376572	-0.000263525552523144	-0.000262724086263177
-17000	-1.23859758120619	-0.000248920158398887	-0.000248746936372879	-1.32061342109488	-0.000265602932519934	-0.000264569005190775
-16000	-1.23870904907155	-0.000247684968159683	-0.000247573500294323	-1.32149799325734	-0.000263743618558356	-0.00026285904639589
-15000	-1.23863386311339	-0.000245515331513887	-0.000245590517472039	-1.32254513833146	-0.000262446406592819	-0.000261399261518702
-14000	-1.23862540803767	-0.000249932894525606	-0.000249941349601327	-1.3231937710708	-0.000267875260876546	-0.000267226628137208
-13000	-1.23845186493284	-0.000246398512334778	-0.00024657205543961	-1.32443169048001	-0.000264763471932359	-0.000263525552523144
-12000	-1.23860657141328	-0.000249074864879328	-0.000248920158398887	-1.32579825547172	-0.000266969497511639	-0.000265602932519934
-11000	-1.23817712848504	-0.000247255525231444	-0.000247684968159683	-1.32684122652111	-0.000264786589607749	-0.000263743618558356
-10000	-1.23697811312677	-0.000244316316155616	-0.000245515331513887	-1.32700246160432	-0.000262607641676031	-0.000262446406592819
-9000	-1.23630727243538	-0.000249262053834216	-0.000249932894525606	-1.32720136993632	-0.00026807416920854	-0.000267875260876546
-8000	-1.23599909027666	-0.000246090330176058	-0.000246398512334778	-1.32782367421202	-0.000265385776208059	-0.000264763471932359
-7000	-1.23582533311928	-0.000248901107721946	-0.000249074864879328	-1.32853555947985	-0.000267681382779473	-0.000266969497511639
-6000	-1.23572777866966	-0.000247157970781827	-0.000247255525231444	-1.32938106705196	-0.000265632097179857	-0.000264786589607749
-5000	-1.23577829507144	-0.000244366832557392	-0.000244316316155616	-1.33013774281586	-0.000263364317439932	-0.000262607641676031
-4000	-1.23619596510943	-0.000249679723872211	-0.000249262053834216	-1.33154850965912	-0.000269484936051802	-0.00026807416920854
-3000	-1.23665553593407	-0.000246549901000695	-0.000246090330176058	-1.33249323058811	-0.000266330497137047	-0.000265385776208059
-2000	-1.23662278589394	-0.00024886835768181	-0.000248901107721946	-1.33266120832664	-0.000267849360518006	-0.000267681382779473
-1000	-1.23651404719859	-0.000247049232086478	-0.000247157970781827	-1.3329991437898	-0.000265970032643014	-0.000265632097179857
0	-1.23639225129769	-0.000244245036656499	-0.000244366832557392	-1.33268464708086	-0.00026304982073099	-0.000263364317439932
1000	-1.2366838443838	-0.000249971316958313	-0.000249679723872211	-1.33289040509445	-0.000269690694065394	-0.000269484936051802
2000	-1.23648290255258	-0.000246348959169476	-0.000246549901000695	-1.33211103976026	-0.000265551131802858	-0.000266330497137047
3000	-1.23614170278803	-0.000248527157917269	-0.00024886835768181	-1.33114304061647	-0.000266881361374217	-0.000267849360518006
4000	-1.23601139829828	-0.000246918927596725	-0.000247049232086478	-1.33038358216942	-0.000265210574195964	-0.000265970032643014
5000	-1.23585647776529	-0.000244090116123508	-0.000244245036656499	-1.32921314282656	-0.000261879381388131	-0.00026304982073099
6000	-1.23642922887569	-0.000250544068068711	-0.000249971316958313	-1.32887841815166	-0.000269355969390485	-0.000269690694065394
7000	-1.23690827848237	-0.000246828008776155	-0.000246348959169476	-1.32829196767806	-0.000264964681329267	-0.000265551131802858
8000	-1.23748220688179	-0.000249101086316691	-0.000248527157917269	-1.3279638786322	-0.000266553272328357	-0.000266881361374217
9000	-1.23798062824423	-0.00024741734895917	-0.000246918927596725	-1.32723192593782	-0.000264478621501578	-0.000265210574195964
10000	-1.23864873976561	-0.000244758227644886	-0.000244090116123508	-1.32714443195805	-0.000261791887408359	-0.000261879381388131
11000	-1.23923759833039	-0.000251132926633488	-0.000250544068068711	-1.32625092310162	-0.000268462460534062	-0.000269355969390485
12000	-1.2394625140472	-0.000247052924492963	-0.000246828008776155	-1.32527243538289	-0.000263986193610531	-0.000264964681329267
13000	-1.23971242039921	-0.000249350992668701	-0.000249101086316691	-1.3241954834912	-0.000265476320436667	-0.000266553272328357
14000	-1.23961310001605	-0.000247318028576016	-0.00024741734895917	-1.32264354899128	-0.000262926687001659	-0.000264478621501578
15000	-1.24013918767057	-0.000245284315299406	-0.000244758227644886	-1.32222828704447	-0.00026137662546155	-0.000261791887408359
16000	-1.23998988601702	-0.000250983624979933	-0.000251132926633488	-1.32152988708728	-0.000267764060576873	-0.000268462460534062
17000	-1.23997982554717	-0.000247042864023118	-0.000247052924492963	-1.32075292984428	-0.000263209236367529	-0.000263986193610531
18000	-1.23978530529245	-0.000249156472413978	-0.000249350992668701	-1.32006646331674	-0.000264789853909134	-0.000265476320436667
19000	-1.23971349066196	-0.000247246213945523	-0.000247318028576016	-1.31946454754642	-0.000262324771231337	-0.000262926687001659
20000	-1.23990035853802	-0.00024547118317547	-0.000245284315299406	-1.31934633702574	-0.000261258414940868	-0.00026137662546155
21000	-1.23960833734682	-0.00025069160378873	-0.000250983624979933	-1.31865478675015	-0.000267072510301278	-0.000267764060576873
22000	-1.23941799111682	-0.000246852517793118	-0.000247042864023118	-1.31810622357789	-0.000262660673195269	-0.000263209236367529
23000	-1.23942666024509	-0.000249165141542248	-0.000249156472413978	-1.31774003317815	-0.000264423663509392	-0.000264789853909134
24000	-1.23920174452828	-0.000247021298228716	-0.000247246213945523	-1.31712687964895	-0.000261711617702147	-0.000262324771231337
25000	-1.23939610424359	-0.00024566554289078	-0.00024547118317547	-1.3168045165088	-0.000260936051800717	-0.000261258414940868
26000	-1.23953802108418	-0.000250833520629315	-0.00025069160378873	-1.31631026917108	-0.000266578262963558	-0.000267072510301278
27000	-1.23936319366404	-0.000246677690372986	-0.000246852517793118	-1.31593610531385	-0.000262286509338042	-0.000262660673195269
28000	-1.23920704232889	-0.000249008990207096	-0.000249165141542248	-1.31590228501097	-0.000264389843206507	-0.000264423663509392
29000	-1.23848424038101	-0.000246298496280837	-0.000247021298228716	-1.31520613260555	-0.00026101546529673	-0.000261711617702147
30000	-1.23849553165302	-0.000245676834162787	-0.00024566554289078	-1.31517868036603	-0.000260908599561192	-0.000260936051800717
31000	-1.23821555091775	-0.000250553539894044	-0.000250833520629315	-1.31446417295446	-0.000265863755551988	-0.000266578262963558
32000	-1.23780633595548	-0.000246268475410713	-0.000246677690372986	-1.31391866003104	-0.000261740996414619	-0.000262286509338042
33000	-1.23758880505164	-0.000248791459303259	-0.000249008990207096	-1.31344169743672	-0.00026391288061219	-0.000264389843206507
34000	-1.23770610584899	-0.000246415797078182	-0.000246298496280837	-1.31299175897683	-0.000260565526836838	-0.00026101546529673
35000	-1.23750024080912	-0.000245470969122918	-0.000245676834162787	-1.3125421951089	-0.000260459035693263	-0.000260908599561192
36000	-1.23742451971959	-0.000250477818804517	-0.000250553539894044	-1.31216615829186	-0.00026548771873495	-0.000265863755551988
37000	-1.23717311499973	-0.000246017070690855	-0.000246268475410713	-1.31137459196233	-0.000260949430085086	-0.000261740996414619
38000	-1.23672365815808	-0.000248342002461604	-0.000248791459303259	-1.31056825600685	-0.000263106544656713	-0.00026391288061219
39000	-1.23654695777813	-0.00024623909669824	-0.000246415797078182	-1.31013699363194	-0.000260134264461925	-0.000260565526836838
40000	-1.23618601166586	-0.000245110023010649	-0.000245470969122918	-1.30902060255793	-0.000259342644619254	-0.000260459035693263
41000	-1.2355654733237	-0.000249857280462354	-0.000250477818804517	-1.30852367956333	-0.000264990795740355	-0.00026548771873495
42000	-1.23505902499064	-0.000245510622357789	-0.000246017070690855	-1.30742403810135	-0.000259849788623107	-0.000260949430085086
43000	-1.23486530743297	-0.000248148284903944	-0.000248342002461604	-1.30693637287954	-0.000262618879434901	-0.000263106544656713
44000	-1.23452378658961	-0.000245897575854873	-0.00024623909669824	-1.30649831433617	-0.000259696205918553	-0.000260134264461925
45000	-1.23409819660727	-0.000244684433028308	-0.000245110023010649	-1.3058299352491	-0.000258674265532187	-0.000259342644619254
46000	-1.23319644672767	-0.000248955530582758	-0.000249857280462354	-1.30490153582705	-0.000264062396318296	-0.000264990795740355
47000	-1.23268866056617	-0.000245002836196287	-0.000245510622357789	-1.3041696366458	-0.000259117889441858	-0.000259849788623107
48000	-1.23232445015251	-0.000247784074490287	-0.000248148284903944	-1.30358131321239	-0.000262030556001498	-0.000262618879434901
49000	-1.23178011451811	-0.000245353240220474	-0.000245897575854873	-1.30317841280034	-0.000259293305506502	-0.000259696205918553
50000	-1.23118553004763	-0.000244089848557821	-0.000244684433028308	-1.30232980146626	-0.000257825654198105	-0.000258674265532187
51000	-1.23003943918232	-0.000247809439717451	-0.000248955530582758	-1.30097634719324	-0.000262708942045272	-0.000264062396318296
52000	-1.22942045272114	-0.00024438384973511	-0.000245002836196287	-1.3004430887783	-0.000258584631026917	-0.000259117889441858
53000	-1.22853973350458	-0.00024690335527372	-0.000247784074490287	-1.29966682720608	-0.000261254294429282	-0.000262030556001498
54000	-1.22785647776529	-0.00024466998448119	-0.000245353240220474	-1.29881484454434	-0.000258441322844759	-0.000259293305506502
55000	-1.22728238882646	-0.000243515759618986	-0.000244089848557821	-1.29838058543372	-0.000257391395087495	-0.000257825654198105
56000	-1.22626724460855	-0.000246794295499545	-0.000247809439717451	-1.29688944185798	-0.000261217798469524	-0.000262708942045272
57000	-1.22549216032536	-0.000243608765451918	-0.00024438384973511	-1.29626478300423	-0.000257959972173169	-0.000258584631026917
58000	-1.2243174399315	-0.000245728634879863	-0.00024690335527372	-1.29494268742976	-0.000259932198854819	-0.000261254294429282
59000	-1.22389795044683	-0.000244250494996522	-0.00024466998448119	-1.29427339861936	-0.000257772034034355	-0.000258441322844759
60000	-1.22284352758602	-0.000242461336758174	-0.000243515759618986	-1.29337871247391	-0.000256496708942045	-0.000257391395087495
61000	-1.22200936479906	-0.00024596013271258	-0.000246794295499545	-1.29242585754803	-0.00026026494354364	-0.000261217798469524
62000	-1.22131497832718	-0.00024291437898004	-0.000243608765451918	-1.29178305774068	-0.000257317172365816	-0.000257959972173169
63000	-1.22003708460427	-0.000244450741156954	-0.000245728634879863	-1.29049467544282	-0.000258643816556966	-0.000259932198854819
64000	-1.2196261572216	-0.000243839567613849	-0.000244250494996522	-1.28991443249318	-0.000257191791084711	-0.000257772034034355
65000	-1.21858366779044	-0.000241418847327019	-0.000242461336758174	-1.28903804784074	-0.000255620324289613	-0.000256496708942045
66000	-1.21779392090758	-0.00024517038582972	-0.00024596013271258	-1.2879177503077	-0.000259144646010596	-0.00026026494354364
67000	-1.21695676138492	-0.000242077219457377	-0.00024291437898004	-1.28719500187296	-0.000256594423931075	-0.000257317172365816
68000	-1.21604334564135	-0.000243537325413389	-0.000244450741156954	-1.28622983892546	-0.000257678653609461	-0.000258643816556966
69000	-1.21489757585487	-0.000242693797827366	-0.000243839567613849	-1.28521432011559	-0.000256176272274843	-0.000257191791084711
70000	-1.21423197945096	-0.000240753250923101	-0.000241418847327019	-1.28400374591962	-0.000254409750093647	-0.000255620324289613
71000	-1.21329854979397	-0.00024423695617274	-0.00024517038582972	-1.28328035532723	-0.000258421255418205	-0.000259144646010596
72000	-1.21224963878632	-0.000241028308449725	-0.000242077219457377	-1.28230470380478	-0.000255618772408626	-0.000256594423931075
73000	-1.21148889602397	-0.000242776582651041	-0.000243537325413389	-1.28139963611067	-0.000256773585915341	-0.000257678653609461
74000	-1.21036758174132	-0.00024157248354471	-0.000242693797827366	-1.28020912934125	-0.000254985765505432	-0.000256176272274843
75000	-1.20974661529405	-0.000240132284475839	-0.000240753250923101	-1.27933408251726	-0.000253534703269653	-0.000254409750093647
76000	-1.2091089527479	-0.000243599293626586	-0.00024423695617274	-1.27846882859742	-0.000257556001498367	-0.000258421255418205
77000	-1.20841643923583	-0.000240335794937658	-0.000241028308449725	-1.27773163161556	-0.000254881575426767	-0.000255618772408626
78000	-1.20760598276877	-0.000241966126183978	-0.000242776582651041	-1.2766300101675	-0.000255671964467276	-0.000256773585915341
79000	-1.20642778402098	-0.000240394284796917	-0.00024157248354471	-1.27549879595441	-0.000253854551292342	-0.000254985765505432
80000	-1.20562968908867	-0.000239334189543533	-0.000240132284475839	-1.27453395408573	-0.000252569861400974	-0.000253534703269653
81000	-1.20512746829347	-0.00024309707283138	-0.000243599293626586	-1.27389201048857	-0.000256914057901215	-0.000257556001498367
82000	-1.20463964253224	-0.000239847969176433	-0.000240335794937658	-1.27331738641837	-0.000254306951356558	-0.000254881575426767
83000	-1.20392861347461	-0.000241255097126344	-0.000241966126183978	-1.27241948948467	-0.00025477406753358	-0.000255671964467276
84000	-1.20322716326858	-0.000239692834590892	-0.000240394284796917	-1.27160063145502	-0.000253035693262695	-0.000253854551292342
85000	-1.20216380371381	-0.000238270829988762	-0.000239334189543533	-1.27073997966501	-0.000251709209610959	-0.000252569861400974
86000	-1.20111804998127	-0.000242051319098839	-0.00024309707283138	-1.26943029913844	-0.000255604377374646	-0.000256914057901215
87000	-1.20064103387382	-0.000239370953068978	-0.000239847969176433	-1.26876614758923	-0.000253642799807353	-0.000254306951356558
88000	-1.19948306309199	-0.000240097126344518	-0.000241255097126344	-1.26747626692353	-0.000253484186867876	-0.00025477406753358
89000	-1.19897393910205	-0.000239183710600952	-0.000239692834590892	-1.26667902820142	-0.00025223845454059	-0.000253035693262695
90000	-1.19788687322738	-0.00023718376411409	-0.000238270829988762	-1.26557414245197	-0.000250604323861508	-0.000251709209610959
91000	-1.19655300476267	-0.00024071745063413	-0.000242051319098839	-1.26445470112913	-0.000254484936051801	-0.000255604377374646
92000	-1.19569128270991	-0.000238509231016215	-0.000239370953068978	-1.26340413121421	-0.000252592229892439	-0.000253642799807353
93000	-1.19461475892332	-0.000239020602557928	-0.000240097126344518	-1.26256483116605	-0.000252644886819715	-0.000253484186867876
94000	-1.19375886980254	-0.000238327821480173	-0.000239183710600952	-1.2616128859635	-0.000251286509338043	-0.00025223845454059
95000	-1.19278562637127	-0.000236210520682828	-0.00023718376411409	-1.26044838657891	-0.000249439824476908	-0.000250604323861508
96000	-1.19176363247177	-0.000239695456734628	-0.00024071745063413	-1.25963177610103	-0.000253668325573929	-0.000254484936051801
97000	-1.19099823406646	-0.000237743832610906	-0.000238509231016215	-1.25864745545031	-0.000251607909241719	-0.000252592229892439
98000	-1.19018852678333	-0.00023821089527479	-0.000239020602557928	-1.25762412372237	-0.000251621555091775	-0.000252644886819715
99000	-1.18909552095039	-0.000237234815647241	-0.000238327821480173	-1.2564001177289	-0.000250062503344571	-0.000251286509338043
100000	-1.18823813346176	-0.000235353133194199	-0.000236210520682828	-1.25533108578156	-0.000248370792529566	-0.000249439824476908
101000	-1.18704928559961	-0.000238506608872478	-0.000239695456734628	-1.25421555091775	-0.000252552790710119	-0.000253668325573929
102000	-1.1859237437791	-0.000236618290790389	-0.000237743832610906	-1.2532377588698	-0.000250630117193771	-0.000251607909241719
103000	-1.18481987477926	-0.000237107026274951	-0.00023821089527479	-1.2523505645636	-0.000250734360785574	-0.000251621555091775
104000	-1.18393883448387	-0.000236353775351848	-0.000237234815647241	-1.25126012736127	-0.000248972066142239	-0.000250062503344571
105000	-1.18302879006796	-0.000234443088778294	-0.000235353133194199	-1.25031578102424	-0.00024742644619254	-0.000248370792529566
106000	-1.18217086744796	-0.000237648686252475	-0.000238506608872478	-1.2493027238187	-0.000251539733504576	-0.000252552790710119
107000	-1.18104532562744	-0.000235492748969873	-0.000236618290790389	-1.24834055760689	-0.000249667950981966	-0.000250630117193771
108000	-1.18000294322256	-0.000236064643870069	-0.000237107026274951	-1.24740070637341	-0.000249794509552095	-0.000250734360785574
109000	-1.17899566543586	-0.000235346497565153	-0.000236353775351848	-1.24633579493766	-0.00024790715470648	-0.000248972066142239
110000	-1.17806881789479	-0.000233516241237224	-0.000234443088778294	-1.24541483384171	-0.000246505485096591	-0.00024742644619254
111000	-1.17684754107133	-0.000236427409429015	-0.000237648686252475	-1.24443950339808	-0.000250564403060952	-0.000251539733504576
112000	-1.17551731149997	-0.000234162519398512	-0.000235492748969873	-1.24320372451437	-0.000248432172098251	-0.000249667950981966
113000	-1.17470193182426	-0.00023524926419436	-0.000236064643870069	-1.24274083587521	-0.000249331620912934	-0.000249794509552095
114000	-1.1737235511318	-0.000234368116872692	-0.000235346497565153	-1.24169925616739	-0.000246865574998662	-0.00024790715470648
115000	-1.17246952426821	-0.000232262214373629	-0.000233516241237224	-1.24073751806068	-0.000245543746989886	-0.000246505485096591
116000	-1.17146775833467	-0.000235425643495478	-0.000236427409429015	-1.23988013057206	-0.000249707015572323	-0.000250564403060952
117000	-1.17044448011987	-0.000233139241183711	-0.000234162519398512	-1.23862535452454	-0.00024717739605073	-0.000248432172098251
118000	-1.16952919141649	-0.000234333975490983	-0.00023524926419436	-1.23765949590625	-0.000248365762294643	-0.000249331620912934
119000	-1.16844426606732	-0.000233283191523519	-0.000234368116872692	-1.23692647294911	-0.000246132552041526	-0.000246865574998662
120000	-1.16768866056617	-0.000231506608872477	-0.000232262214373629	-1.23627757264408	-0.000244894846684861	-0.000245543746989886
121000	-1.16694279445604	-0.000234679777385348	-0.000235425643495478	-1.23547139722802	-0.000248900840156259	-0.000249707015572323
122000	-1.16546898913683	-0.000231665435864505	-0.000233139241183711	-1.23429368009846	-0.000245999678921174	-0.00024717739605073
123000	-1.16479895114251	-0.000233663937496655	-0.000234333975490983	-1.23320104885749	-0.000247273131053674	-0.000248365762294643
124000	-1.16344956386793	-0.000231933804248942	-0.000233283191523519	-1.23235714667951	-0.000245288649863542	-0.000246132552041526
125000	-1.16251340504094	-0.000230570450045486	-0.000231506608872477	-1.2316244448012	-0.00024416214480655	-0.000244894846684861
126000	-1.16176282977471	-0.000233929202119121	-0.000234679777385348	-1.23096714293359	-0.000248243538288649	-0.000248900840156259
127000	-1.16095938352866	-0.000230861989618452	-0.000231665435864505	-1.22991191737572	-0.000244944453363301	-0.000245999678921174
128000	-1.16036693958367	-0.000233071493551667	-0.000233663937496655	-1.22907358056403	-0.000246434794241987	-0.000247273131053674
129000	-1.15958725317065	-0.000231154117835928	-0.000231933804248942	-1.22824139776315	-0.000244456467062664	-0.000245288649863542
130000	-1.15873569861401	-0.000229718895488842	-0.000230570450045486	-1.22740477337186	-0.000243325520415261	-0.00024416214480655
131000	-1.15828163964253	-0.000233475143147643	-0.000233929202119121	-1.22663894686145	-0.000247477711778242	-0.000248243538288649
132000	-1.15737496655429	-0.000229955316530208	-0.000230861989618452	-1.22578739230481	-0.000244092898806657	-0.000244944453363301
133000	-1.15632445015251	-0.000232020977149891	-0.000233071493551667	-1.22473361160165	-0.000245381013538823	-0.000246434794241987
134000	-1.15541558302563	-0.000230245250709049	-0.000231154117835928	-1.22381612885963	-0.00024353898432065	-0.000244456467062664
135000	-1.15458382832986	-0.000228887140793065	-0.000229718895488842	-1.223117942955	-0.000242627334510623	-0.000243325520415261
136000	-1.15323144431958	-0.000232122759137368	-0.000233475143147643	-1.22214994381121	-0.000246509712634452	-0.000247477711778242
137000	-1.15251394017231	-0.000229237812382941	-0.000229955316530208	-1.22123706319902	-0.000243180018194466	-0.000244092898806657
138000	-1.1513217209825	-0.000230828757960079	-0.000232020977149891	-1.22035077861615	-0.000244494728955959	-0.000245381013538823
139000	-1.15063734146733	-0.000229560871193878	-0.000230245250709049	-1.2193505645636	-0.000242538770268101	-0.00024353898432065
140000	-1.14983657087815	-0.000228086370203885	-0.000228887140793065	-1.21858382832985	-0.000241860598276877	-0.000242627334510623
141000	-1.14898833413603	-0.000231274522395247	-0.000232122759137368	-1.21738047840745	-0.000245306362712046	-0.000246509712634452
142000	-1.14795071440039	-0.000228200192647295	-0.000229237812382941	-1.21647921014609	-0.000242278749933109	-0.000243180018194466
143000	-1.14705056991491	-0.000229928613474608	-0.000230828757960079	-1.21587071225986	-0.000243886231069728	-0.000244494728955959
144000	-1.1462093433938	-0.000228719644672767	-0.000229560871193878	-1.21518269385134	-0.000241850751859582	-0.000242538770268101
145000	-1.14589302723819	-0.000227770054048269	-0.000228086370203885	-1.21473361160165	-0.000241411516027186	-0.000241860598276877
146000	-1.14480601487665	-0.000230187510033713	-0.000231274522395247	-1.21344533633007	-0.000244018087440467	-0.000245306362712046
147000	-1.14421886873227	-0.000227613046502917	-0.000228200192647295	-1.21264488681971	-0.000241478300422753	-0.000242278749933109
148000	-1.14327024134425	-0.000228979986086584	-0.000229928613474608	-1.21188339487344	-0.000243124739123455	-0.000243886231069728
149000	-1.14235720019265	-0.000227806603521164	-0.000228719644672767	-1.2110474126398	-0.000241014769625943	-0.000241850751859582
150000	-1.14163509391556	-0.000227047947771177	-0.000227770054048269	-1.2101822122331	-0.000240546315620484	-0.000241411516027186
151000	-1.14089853909135	-0.000229450955209504	-0.000230187510033713	-1.20950853534543	-0.00024334441055279	-0.000244018087440467
152000	-1.13984593567721	-0.000226560443088779	-0.000227613046502917	-1.20848948466849	-0.000240459249745812	-0.000241478300422753
153000	-1.13927361267191	-0.000228407663081287	-0.000228979986086584	-1.2077114036496	-0.000242346658104565	-0.000243124739123455
154000	-1.13845587841815	-0.000226988869267405	-0.000227806603521164	-1.20708631669075	-0.000240389682667095	-0.000241014769625943
155000	-1.13738015732862	-0.00022597222668165	-0.000227047947771177	-1.20597393910205	-0.000239433938031787	-0.000240546315620484
156000	-1.13638871943062	-0.0002284595173115	-0.000229450955209504	-1.20531085781559	-0.000242681329266335	-0.00024334441055279
157000	-1.1355727511104	-0.000225744474768556	-0.000226560443088779	-1.2045310643763	-0.000239679456306524	-0.000240459249745812
158000	-1.13465344892171	-0.0002274883608926	-0.000228407663081287	-1.20333654412158	-0.000241152137849842	-0.000242346658104565
159000	-1.13383175469578	-0.000226167175041473	-0.000226988869267405	-1.20263429121849	-0.000239687429764006	-0.000240389682667095
160000	-1.13290239203725	-0.000225042864023117	-0.00022597222668165	-1.20194493498154	-0.000238744581794831	-0.000239433938031787
161000	-1.13185497939744	-0.000227412104671697	-0.0002284595173115	-1.20127751913095	-0.000242013913415744	-0.000242681329266335
162000	-1.13101332477123	-0.000224902820142345	-0.000225744474768556	-1.20036255150639	-0.000238764488681972	-0.000239679456306524
163000	-1.13046454754642	-0.00022693958366779	-0.0002274883608926	-1.19965318135602	-0.00024044276769947	-0.000241152137849842
164000	-1.12950532455718	-0.000225207952052228	-0.000226167175041473	-1.1987385348103	-0.000238772783218281	-0.000239687429764006
165000	-1.1288553539894	-0.000224392893455343	-0.000225042864023117	-1.19801080965377	-0.000238016856638305	-0.000238744581794831
166000	-1.12816246588537	-0.000226719216567668	-0.000227412104671697	-1.19742649970568	-0.000241429603467652	-0.000242013913415744
167000	-1.12733493872746	-0.000224075292984428	-0.000224902820142345	-1.19653507786162	-0.000237873066837909	-0.000238764488681972
168000	-1.12651105046289	-0.000226115695403222	-0.00022693958366779	-1.1956812757532	-0.000239588965591053	-0.00024044276769947
169000	-1.12545748381228	-0.000224154385401615	-0.000225207952052228	-1.19474698988602	-0.0002378384973511	-0.000238772783218281
170000	-1.12487156847006	-0.000223806978113127	-0.000224392893455343	-1.19396634023653	-0.000237236206988815	-0.000238016856638305
171000	-1.12410060469845	-0.000225948252796062	-0.000226719216567668	-1.19317215176326	-0.000240635414994381	-0.000241429603467652
172000	-1.12317188419757	-0.000223146572483545	-0.000224075292984428	-1.19255230909188	-0.000237253224166533	-0.000237873066837909
173000	-1.12217825226093	-0.000225122063466581	-0.000226115695403222	-1.19173205972066	-0.000238768716219832	-0.000239588965591053
174000	-1.12126868946326	-0.00022324482260395	-0.000224154385401615	-1.19090480012843	-0.00023701123775887	-0.0002378384973511
175000	-1.12086696634024	-0.0002234052549901	-0.000223806978113127	-1.19033376143843	-0.000236665168298818	-0.000237236206988815
176000	-1.1202127682346	-0.000225294054690427	-0.000225948252796062	-1.18956584791566	-0.000239867501471611	-0.000240635414994381
177000	-1.11916412479264	-0.000222097929041579	-0.000223146572483545	-1.18850794670091	-0.000236195322951785	-0.000237253224166533
178000	-1.11841713490662	-0.000224375073580564	-0.000225122063466581	-1.18780788783646	-0.00023806865735538	-0.000238768716219832
179000	-1.1174926419436	-0.000222320329640927	-0.00022324482260395	-1.18667244608551	-0.00023587579600792	-0.00023701123775887
180000	-1.11666404452293	-0.000222576657569433	-0.0002234052549901	-1.18602349226735	-0.000236016214480656	-0.000236665168298818
181000	-1.11574789960935	-0.00022437790977685	-0.000225294054690427	-1.18534580189437	-0.000239189811098625	-0.000239867501471611
182000	-1.11499373896292	-0.000221343768395141	-0.000222097929041579	-1.18442141595762	-0.000235270937015038	-0.000236195322951785
183000	-1.11404976721785	-0.0002234311018355	-0.000224375073580564	-1.18353630866378	-0.00023718355006154	-0.00023806865735538
184000	-1.11319607213571	-0.000221466634558784	-0.000222320329640927	-1.18274624070209	-0.000235085728046236	-0.00023587579600792
185000	-1.11285765505432	-0.00022223824048804	-0.000222576657569433	-1.18235035051105	-0.000235620324289613	-0.000236016214480656
186000	-1.11202483009579	-0.000223545084818323	-0.00022437790977685	-1.18148841440574	-0.000238327874993311	-0.000239189811098625
187000	-1.11126842189758	-0.000220587360196929	-0.000221343768395141	-1.18060742762348	-0.000234389950232782	-0.000235270937015038
188000	-1.1105590517472	-0.000222721731685128	-0.0002234311018355	-1.17987665221812	-0.000236452774656178	-0.00023718355006154
189000	-1.10979210146091	-0.000220699684272489	-0.000221466634558784	-1.17905998822711	-0.000234269064055225	-0.000235085728046236
190000	-1.10885150104351	-0.000221297640070637	-0.00022223824048804	-1.17815711457163	-0.000234717450634131	-0.000235620324289613
191000	-1.10804500454862	-0.000222738588323433	-0.000223545084818323	-1.17728105099802	-0.000237451811419703	-0.000238327874993311
192000	-1.10745015251244	-0.000219992508160753	-0.000220587360196929	-1.17693289452561	-0.000234041793760368	-0.000234389950232782
193000	-1.10631599507679	-0.000221587574249479	-0.000222721731685128	-1.17566051265586	-0.000235180392786429	-0.000236452774656178
194000	-1.10546192540269	-0.000219845614598384	-0.000220699684272489	-1.17501268261358	-0.00023362123401295	-0.000234269064055225
195000	-1.10468025900359	-0.000220515973671536	-0.000221297640070637	-1.17424214694708	-0.000233946914967625	-0.000234717450634131
196000	-1.10413784984214	-0.000222196179161984	-0.000222738588323433	-1.17354369347675	-0.000236753357949377	-0.000237451811419703
197000	-1.10335093915556	-0.00021920559747418	-0.000219992508160753	-1.17301846203243	-0.000233516562316049	-0.000234041793760368
198000	-1.10248552469631	-0.000220722159790229	-0.000221587574249479	-1.1723582704554	-0.000234520201209397	-0.000235180392786429
199000	-1.1021029592765	-0.000219463049178574	-0.000219845614598384	-1.17192770375127	-0.000233190667308825	-0.00023362123401295
200000	-1.10139391020496	-0.000219806924599989	-0.000220515973671536	-1.17143131588805	-0.000233450527104404	-0.000233946914967625
201000	-1.10080419542998	-0.000221606464387007	-0.000222196179161984	-1.17058543372398	-0.000235907475785306	-0.000236753357949377
202000	-1.10039674640124	-0.000218798148445444	-0.00021920559747418	-1.17015363621769	-0.00023308476480976	-0.000233516562316049
203000	-1.09959656445657	-0.000219921977845561	-0.000220722159790229	-1.16963322095574	-0.00023399978594745	-0.000234520201209397
204000	-1.098886338096	-0.000218752822818002	-0.000219463049178574	-1.16905859688554	-0.000232616043238615	-0.000233190667308825
205000	-1.09874591962327	-0.000219666506127254	-0.000219806924599989	-1.16857778134532	-0.000232969711564189	-0.000233450527104404
206000	-1.09784604270348	-0.000220706587467223	-0.000221606464387007	-1.16793985123348	-0.000235269545673463	-0.000235907475785306
207000	-1.09707893187778	-0.000218031037619736	-0.000218798148445444	-1.16724776582651	-0.000232392679402793	-0.00023308476480976
208000	-1.09673045432654	-0.000219573500294322	-0.000219921977845561	-1.16674426071601	-0.000233496280836946	-0.00023399978594745
209000	-1.09623588590999	-0.000218258254401456	-0.000218752822818002	-1.16613838497351	-0.00023201016749612	-0.000232616043238615
210000	-1.09584540054583	-0.000219276020763097	-0.000219666506127254	-1.1657790977685	-0.000232610424359179	-0.000232969711564189
211000	-1.09521116284048	-0.000220072349761867	-0.000220706587467223	-1.16494461390271	-0.000234435061807674	-0.000235269545673463
212000	-1.09452961952159	-0.00021734949430085	-0.000218031037619736	-1.16447605287098	-0.00023192411837106	-0.000232392679402793
213000	-1.09445036656499	-0.000219494247337721	-0.000219573500294322	-1.16413148177878	-0.000233151709744742	-0.000233496280836946
214000	-1.09406876438166	-0.000217876652218119	-0.000218258254401456	-1.16362663883984	-0.000231505324557179	-0.00023201016749612
215000	-1.09335388237812	-0.000218561138759565	-0.000219276020763097	-1.16270803232193	-0.00023169181784128	-0.000232610424359179
216000	-1.09235891261305	-0.000219077379996789	-0.000220072349761867	-1.16203499759191	-0.000233762027077647	-0.000234435061807674
217000	-1.0920461283245	-0.000217036710012308	-0.00021734949430085	-1.16170086156151	-0.000231589982340665	-0.00023192411837106
218000	-1.09164622464815	-0.000219094343661368	-0.000219494247337721	-1.1613586985605	-0.000232809546743726	-0.000233151709744742
219000	-1.09085465831862	-0.000217085085888586	-0.000217876652218119	-1.1605417670038	-0.000230688393000481	-0.000231505324557179
220000	-1.08984074490287	-0.000217547225343822	-0.000218561138759565	-1.15954149943811	-0.000230691550275593	-0.00023169181784128
221000	-1.08879135227698	-0.0002180279873709	-0.000219077379996789	-1.15845405897148	-0.000232674586611013	-0.000233762027077647
222000	-1.08796505592123	-0.000216210413656553	-0.000217036710012308	-1.15784855782094	-0.000230984481190132	-0.000231589982340665
223000	-1.0868867662011	-0.000218016053941243	-0.000219094343661368	-1.15698175202012	-0.000231942740942902	-0.000232809546743726
224000	-1.08620704232889	-0.000216405362016375	-0.000217085085888586	-1.15619366404452	-0.000229900305024884	-0.000230688393000481
225000	-1.08545593193129	-0.000216796114946219	-0.000217547225343822	-1.15543179750629	-0.000229929683737358	-0.000230691550275593
226000	-1.08440316797774	-0.000216975223417349	-0.0002180279873709	-1.15454380050302	-0.00023178658960775	-0.000232674586611013
227000	-1.08353689730829	-0.000215344142987104	-0.000216210413656553	-1.15338545512923	-0.000229826135816343	-0.000230984481190132
228000	-1.08298624712367	-0.000217465403756623	-0.000218016053941243	-1.15303189382994	-0.000231589179643603	-0.000231942740942902
229000	-1.08229314496709	-0.000215712259859795	-0.000216405362016375	-1.15256440306095	-0.0002294328142559	-0.000229900305024884
230000	-1.0810715470648	-0.000215574517043934	-0.000216796114946219	-1.15156809546744	-0.000228933376143843	-0.000229929683737358
231000	-1.08041547599936	-0.000216319152351902	-0.000216975223417349	-1.15078145234655	-0.000230999946486863	-0.00023178658960775
232000	-1.07991229196768	-0.000214840958955424	-0.000215344142987104	-1.15023213999037	-0.00022927682346016	-0.000229826135816343
233000	-1.07917140257933	-0.000216724514368277	-0.000217465403756623	-1.14935479210146	-0.000230711831754696	-0.000231589179643603
234000	-1.07851613421095	-0.000215056991491411	-0.000215712259859795	-1.14880596136351	-0.000228883983517953	-0.0002294328142559
235000	-1.07797388558891	-0.000215032268421898	-0.000215574517043934	-1.14826162572912	-0.000228389040509445	-0.000228933376143843
236000	-1.07751864932841	-0.0002158639160914	-0.000216319152351902	-1.14795381816236	-0.000230692138920105	-0.000230999946486863
237000	-1.07689479317172	-0.000214217102798737	-0.000214840958955424	-1.1472597527693	-0.000228582758067106	-0.00022927682346016
238000	-1.07604168673409	-0.000215871407930646	-0.000216724514368277	-1.1462463209718	-0.000229698399957189	-0.000230711831754696
239000	-1.07574543800503	-0.000214760742762348	-0.000215056991491411	-1.14582608230321	-0.00022846374484936	-0.000228883983517953
240000	-1.07477990046556	-0.000214066730882432	-0.000215032268421898	-1.14508246374485	-0.000227645421951088	-0.000228389040509445
241000	-1.07443832610906	-0.000215522341734896	-0.0002158639160914	-1.14460405629582	-0.000230213731471078	-0.000230692138920105
242000	-1.07383212928774	-0.000213610905977417	-0.000214217102798737	-1.14393551666934	-0.000227914218440627	-0.000228582758067106
243000	-1.07342350296998	-0.000215462781612886	-0.000215871407930646	-1.14313089313426	-0.000228893776422112	-0.000229698399957189
244000	-1.07296072135709	-0.000214297961149462	-0.000214760742762348	-1.1426592818537	-0.00022799213356879	-0.00022846374484936
245000	-1.07206485792262	-0.000213170867447958	-0.000214066730882432	-1.1421640712795	-0.000227150211376893	-0.000227645421951088
246000	-1.07193053994756	-0.000215388023759833	-0.000215522341734896	-1.14179520522288	-0.000229844865414459	-0.000230213731471078
247000	-1.07109691229197	-0.000212777278321828	-0.000213610905977417	-1.14114282656392	-0.000227261839781667	-0.000227914218440627
248000	-1.0703157275111	-0.000214681596832022	-0.000215462781612886	-1.14005522555787	-0.000227806175416064	-0.000228893776422112
249000	-1.06964820463424	-0.000213630438272596	-0.000214297961149462	-1.13954000107026	-0.00022747690908118	-0.00022799213356879
250000	-1.06883897896934	-0.000212361641783058	-0.000213170867447958	-1.13900765237866	-0.00022661786268529	-0.000227150211376893
