Distance from Center (cmd=annotatePeaks.pl /expanse/lustre/projects/csd940/ctea/homer/homer_scripts/reference_peaks/H3K27ac.bed mm10 -size 500000 -hist 1000 -bedGraph /expanse/lustre/projects/csd940/ctea/homer/bwt2_bam/tags/ctrl_M3/tagdirs/tagdirs.DLR.bedGraph /expanse/lustre/projects/csd940/ctea/homer/bwt2_bam/tags/mut_M3/tagdirs/tagdirs.DLR.bedGraph)	/expanse/lustre/projects/csd940/ctea/homer/bwt2_bam/tags/ctrl_M3/tagdirs/tagdirs.DLR.bedGraph Coverage	/expanse/lustre/projects/csd940/ctea/homer/bwt2_bam/tags/ctrl_M3/tagdirs/tagdirs.DLR.bedGraph + Tags	/expanse/lustre/projects/csd940/ctea/homer/bwt2_bam/tags/ctrl_M3/tagdirs/tagdirs.DLR.bedGraph - Tags	/expanse/lustre/projects/csd940/ctea/homer/bwt2_bam/tags/mut_M3/tagdirs/tagdirs.DLR.bedGraph Coverage	/expanse/lustre/projects/csd940/ctea/homer/bwt2_bam/tags/mut_M3/tagdirs/tagdirs.DLR.bedGraph + Tags	/expanse/lustre/projects/csd940/ctea/homer/bwt2_bam/tags/mut_M3/tagdirs/tagdirs.DLR.bedGraph - Tags
-250000	-1.18015047894258	-0.000235452132498528	-0.000235100176593353	-1.19090212447156	-0.000237245411248462	-0.000236756408198213
-249000	-1.18051875635469	-0.000238029432225611	-0.000237661154813507	-1.19116401776636	-0.000240757692513512	-0.000240495799218709
-248000	-1.18141670680152	-0.000236521003906459	-0.000235623053459625	-1.19183469791834	-0.00023914625140472	-0.000238475571252742
-247000	-1.18209022314978	-0.00023615534863809	-0.000235481832289827	-1.19235575533794	-0.000237767217851983	-0.000237246160432386
-246000	-1.18289741531546	-0.000236739498046771	-0.000235932305881094	-1.19296056081768	-0.000238043987799005	-0.000237439182319259
-245000	-1.18360881896506	-0.000236163536148125	-0.000235452132498528	-1.193295446032	-0.000237580296462782	-0.000237245411248462
-244000	-1.18425996682185	-0.00023868058008241	-0.000238029432225611	-1.19370856745331	-0.000241170813934821	-0.000240757692513512
-243000	-1.18494209878525	-0.000237203135869856	-0.000236521003906459	-1.1943178680366	-0.000239755551988013	-0.00023914625140472
-242000	-1.18584721999251	-0.000237060469845347	-0.00023615534863809	-1.1949681596832	-0.000238417509498583	-0.000237767217851983
-241000	-1.18651971959116	-0.000237411997645422	-0.000236739498046771	-1.19560084550757	-0.000238676673623374	-0.000238043987799005
-240000	-1.18661079895114	-0.000236254615508107	-0.000236163536148125	-1.19587568898165	-0.000237855139936855	-0.000237580296462782
-239000	-1.18688013057206	-0.000238949911703322	-0.00023868058008241	-1.19638122759137	-0.00024167635254455	-0.000241170813934821
-238000	-1.18747589233157	-0.000237798897629367	-0.000237203135869856	-1.19694349012683	-0.000240317814523466	-0.000239755551988013
-237000	-1.18832905228234	-0.000237913629796115	-0.000237060469845347	-1.19786873227377	-0.000239342751645529	-0.000238417509498583
-236000	-1.18887708032322	-0.000237960025686306	-0.000237411997645422	-1.19840386364853	-0.000239211804998127	-0.000238676673623374
-235000	-1.19004495103548	-0.000237422486220368	-0.000236254615508107	-1.19939069941671	-0.000238841975705035	-0.000237855139936855
-234000	-1.19072884893241	-0.000239633809600257	-0.000238949911703322	-1.19984309948092	-0.000242128752608766	-0.00024167635254455
-233000	-1.19170080804838	-0.000238770856745331	-0.000237798897629367	-1.20065815807781	-0.000241132873120352	-0.000240317814523466
-232000	-1.19292652646225	-0.000239139348209986	-0.000237913629796115	-1.20194964413764	-0.000240634237705357	-0.000239342751645529
-231000	-1.19382324610692	-0.000238856745330979	-0.000237960025686306	-1.20278990742227	-0.000240052068282764	-0.000239211804998127
-230000	-1.19442029218173	-0.000238019532295179	-0.000237422486220368	-1.2032411837106	-0.000239293251993365	-0.000238841975705035
-229000	-1.19498801305721	-0.000240201530475732	-0.000239633809600257	-1.20375779953979	-0.000242645368437951	-0.000242128752608766
-228000	-1.19572991919516	-0.000239512762883288	-0.000238770856745331	-1.20427671643388	-0.000241651790014449	-0.000241132873120352
-227000	-1.19632755391449	-0.000239736982929309	-0.000239139348209986	-1.20480403489057	-0.000241161556162038	-0.000240634237705357
-226000	-1.19713843848665	-0.000239667629903141	-0.000238856745330979	-1.20543399154492	-0.000240682024937122	-0.000240052068282764
-225000	-1.198043987799	-0.000238925081607535	-0.000238019532295179	-1.20637903355274	-0.000240238294001178	-0.000239293251993365
-224000	-1.19866324182587	-0.000240820784502595	-0.000240201530475732	-1.20702279659656	-0.000243289131481779	-0.000242645368437951
-223000	-1.19921737036442	-0.000240066891421844	-0.000239512762883288	-1.20746968480762	-0.000242098678225504	-0.000241651790014449
-222000	-1.20001316423182	-0.000240532776796704	-0.000239736982929309	-1.20817557660406	-0.000241867447958475	-0.000241161556162038
-221000	-1.20119328945256	-0.000240847755123883	-0.000239667629903141	-1.20857157382137	-0.000241078022154439	-0.000240682024937122
-220000	-1.20176497030021	-0.000239496762455183	-0.000238925081607535	-1.20888114732167	-0.000240547867501471	-0.000240238294001178
-219000	-1.20259806282442	-0.00024165387702681	-0.000240820784502595	-1.20970102210093	-0.000244109006261037	-0.000243289131481779
-218000	-1.20301113073259	-0.000240479959330016	-0.000240066891421844	-1.21009905281747	-0.000242496708942045	-0.000242098678225504
-217000	-1.20352025472253	-0.000241041900786642	-0.000240532776796704	-1.21070145020603	-0.000242469845347032	-0.000241867447958475
-216000	-1.2040318403168	-0.000241359340718146	-0.000240847755123883	-1.21106063038476	-0.000241437202333173	-0.000241078022154439
-215000	-1.2045086423717	-0.000239973564510087	-0.000239496762455183	-1.21171193878097	-0.000241199175897682	-0.000240547867501471
-214000	-1.20552309091882	-0.000242668325573928	-0.00024165387702681	-1.21249638786322	-0.000244893455343286	-0.000244109006261037
-213000	-1.20610435061808	-0.000241061219029272	-0.000240479959330016	-1.21304960667844	-0.000243049927757265	-0.000242496708942045
-212000	-1.20680414191684	-0.000241741692085407	-0.000241041900786642	-1.21360946112271	-0.000243029699791299	-0.000242469845347032
-211000	-1.2074392358324	-0.000241994434633703	-0.000241359340718146	-1.21400267565687	-0.000241830416867341	-0.000241437202333173
-210000	-1.20827013431798	-0.000240804462995665	-0.000239973564510087	-1.21435987584952	-0.00024155637609033	-0.000241199175897682
-209000	-1.20927104404131	-0.000243669235297265	-0.000242668325573928	-1.21514025793332	-0.000245673837427087	-0.000244893455343286
-208000	-1.21011253812811	-0.00024190271311607	-0.000241061219029272	-1.21605977417456	-0.000243969443998501	-0.000243049927757265
-207000	-1.21071156418901	-0.000242340718146305	-0.000241741692085407	-1.21612110023011	-0.000243091025846845	-0.000243029699791299
-206000	-1.2109918660031	-0.000242274736447797	-0.000241994434633703	-1.2169367474715	-0.000242646064108739	-0.000241830416867341
-205000	-1.21157162733451	-0.000241384224327072	-0.000240804462995665	-1.2175043613207	-0.00024212398993953	-0.00024155637609033
-204000	-1.21234103922513	-0.000244438647187885	-0.000243669235297265	-1.21780986782255	-0.000245979343928934	-0.000245673837427087
-203000	-1.21329978059614	-0.000242861454487076	-0.00024190271311607	-1.21848852143201	-0.000244648097607963	-0.000243969443998501
-202000	-1.21372852785359	-0.000242769465403756	-0.000242340718146305	-1.21871659442393	-0.000243319098838765	-0.000243091025846845
-201000	-1.21459511960186	-0.000243141328196072	-0.000242274736447797	-1.21940878685717	-0.000243338256541982	-0.000242646064108739
-200000	-1.21527457590839	-0.000242063680633595	-0.000241384224327072	-1.21998180553326	-0.000242697008615615	-0.00024212398993953
-199000	-1.21587847166479	-0.000245042542944293	-0.000244438647187885	-1.22058163429122	-0.000246579172686895	-0.000245979343928934
-198000	-1.21680515866645	-0.000243788141488736	-0.000242861454487076	-1.22130978755284	-0.000245376250869589	-0.000244648097607963
-197000	-1.21728287044469	-0.000243247177181999	-0.000242769465403756	-1.22184454433563	-0.000243853855621555	-0.000243319098838765
-196000	-1.21801311071868	-0.000243871568470059	-0.000243141328196072	-1.22248600631455	-0.000243979718520897	-0.000243338256541982
-195000	-1.21887312035105	-0.000242923690265961	-0.000242063680633595	-1.22308219617916	-0.000243293198480228	-0.000242697008615615
-194000	-1.21969658051052	-0.000245866003103762	-0.000245042542944293	-1.22367758334671	-0.000247174559854445	-0.000246579172686895
-193000	-1.22076197356451	-0.00024485353454273	-0.000243788141488736	-1.22472157114572	-0.000246420238668594	-0.000245376250869589
-192000	-1.22171579172687	-0.000244200995344357	-0.000243247177181999	-1.22573816021833	-0.000244870444694172	-0.000243853855621555
-191000	-1.22252961952159	-0.000244685396264783	-0.000243871568470059	-1.22633006903195	-0.000244571627334511	-0.000243979718520897
-190000	-1.22313062556858	-0.000243524696312945	-0.000242923690265961	-1.22662637127415	-0.000243589500722427	-0.000243293198480228
-189000	-1.22346502916466	-0.000246200406699845	-0.000245866003103762	-1.22704211483919	-0.00024759030341949	-0.000247174559854445
-188000	-1.22444565740889	-0.000245834162786964	-0.00024485353454273	-1.22772922352438	-0.000247107347353775	-0.000246420238668594
-187000	-1.22495274789961	-0.000244708085835073	-0.000244200995344357	-1.22834253759298	-0.000245483758762775	-0.000244870444694172
-186000	-1.2253345641355	-0.000245067212500669	-0.000244685396264783	-1.22914657248354	-0.000245375662225076	-0.000244571627334511
-185000	-1.22629528549259	-0.000244485417670038	-0.000243524696312945	-1.22970091507465	-0.000244143843313534	-0.000243589500722427
-184000	-1.22690870658747	-0.000246813827794723	-0.000246200406699845	-1.23016241237224	-0.000248051800717077	-0.00024759030341949
-183000	-1.22758596885535	-0.00024651142505485	-0.000245834162786964	-1.23087691978381	-0.000247821854765345	-0.000247107347353775
-182000	-1.22790239203725	-0.000245024509016964	-0.000244708085835073	-1.23098951142505	-0.000245596350404024	-0.000245483758762775
-181000	-1.22845844704875	-0.000245623267512174	-0.000245067212500669	-1.23130893134264	-0.000245695082142665	-0.000245375662225076
-180000	-1.22925691657302	-0.000245283887194305	-0.000244485417670038	-1.23209974848825	-0.000244934660459142	-0.000244143843313534
-179000	-1.22968534275165	-0.00024724225397335	-0.000246813827794723	-1.23245775137796	-0.000248409803606786	-0.000248051800717077
-178000	-1.23054198105635	-0.000247368063359555	-0.00024651142505485	-1.23302054904479	-0.000248384652432173	-0.000247821854765345
-177000	-1.2310619682132	-0.00024554449617381	-0.000245024509016964	-1.23362642478729	-0.000246202226146519	-0.000245596350404024
-176000	-1.23205522555787	-0.000246616524856852	-0.000245623267512174	-1.23413544175095	-0.00024620409910633	-0.000245695082142665
-175000	-1.23254454968695	-0.00024577321132338	-0.000245283887194305	-1.23471375822764	-0.000245512976935837	-0.000244934660459142
-174000	-1.2332881682453	-0.000247985872531706	-0.00024724225397335	-1.23542585754803	-0.000249121902927168	-0.000248409803606786
-173000	-1.2338449189276	-0.000247924814041848	-0.000247368063359555	-1.23576320436667	-0.000248721999250816	-0.000248384652432173
-172000	-1.23470910258468	-0.000246408679830898	-0.00024554449617381	-1.23633847059453	-0.000246777492374378	-0.000246202226146519
-171000	-1.23519018569059	-0.000247097607962755	-0.000246616524856852	-1.23675014716113	-0.000246615775672928	-0.00024620409910633
-170000	-1.23562808369455	-0.000246211109327341	-0.00024577321132338	-1.23719938995023	-0.000245962219724943	-0.000245512976935837
-169000	-1.23687210360143	-0.000249229892438594	-0.000247985872531706	-1.23818938299352	-0.000250111895970461	-0.000249121902927168
-168000	-1.23720297533044	-0.000248255685770856	-0.000247924814041848	-1.23827628832878	-0.000248808904586076	-0.000248721999250816
-167000	-1.23833076470273	-0.000247536469203189	-0.000246408679830898	-1.23900337132766	-0.000247504575373254	-0.000246777492374378
-166000	-1.23893417884091	-0.000247701022100926	-0.000247097607962755	-1.23958051051533	-0.000247192914860598	-0.000246615775672928
-165000	-1.23987172900947	-0.000247148659495906	-0.000246211109327341	-1.24040541552951	-0.000246787124739123	-0.000245962219724943
-164000	-1.24103419489485	-0.000250392358323969	-0.000249229892438594	-1.24111863862578	-0.000250825119066731	-0.000250111895970461
-163000	-1.24151795365762	-0.000248739444533634	-0.000248255685770856	-1.24145989190346	-0.000249150157863756	-0.000248808904586076
-162000	-1.24255065018462	-0.000248569165730187	-0.000247536469203189	-1.24212297318992	-0.00024816765665971	-0.000247504575373254
-161000	-1.24302964627816	-0.000248180018194467	-0.000247701022100926	-1.24265858618291	-0.000247728527853588	-0.000247192914860598
-160000	-1.24373452132499	-0.000247853534542731	-0.000247148659495906	-1.24347054101782	-0.000247599079574035	-0.000246787124739123
-159000	-1.24443479424199	-0.000251092631240969	-0.000250392358323969	-1.24417241932895	-0.000251526997377856	-0.000250825119066731
-158000	-1.24510493926259	-0.000249409589554236	-0.000248739444533634	-1.24498164499385	-0.000249959383528656	-0.000249150157863756
-157000	-1.2459504468347	-0.000249414673302295	-0.000248569165730187	-1.24566334885214	-0.000248849360518007	-0.00024816765665971
-156000	-1.24693979772034	-0.000249169369080109	-0.000248180018194467	-1.24663905388773	-0.000248704232889174	-0.000247728527853588
-155000	-1.2479547278857	-0.000248868464708086	-0.000247853534542731	-1.24757767431905	-0.000248537700005351	-0.000247599079574035
-154000	-1.24857719270081	-0.000251715096056082	-0.000251092631240969	-1.24818531599508	-0.000252134639053887	-0.000251526997377856
-153000	-1.2494069674105	-0.000250239364263927	-0.000249409589554236	-1.24884957457056	-0.000250623642104136	-0.000249959383528656
-152000	-1.2502420399208	-0.000250249745812598	-0.000249414673302295	-1.24963530796811	-0.000249635093915556	-0.000248849360518007
-151000	-1.25126248193932	-0.000250189811098625	-0.000249169369080109	-1.25057901214748	-0.00024964793706855	-0.000248704232889174
-150000	-1.25180087761545	-0.000249406860384225	-0.000248868464708086	-1.25091223845454	-0.000248870926312409	-0.000248537700005351
-149000	-1.25229137903355	-0.00025220559747418	-0.000251715096056082	-1.25167217851983	-0.000252894579119173	-0.000252134639053887
-148000	-1.25339867287419	-0.000251346658104566	-0.000250239364263927	-1.25254406806871	-0.000251495531653021	-0.000250623642104136
-147000	-1.25417541606464	-0.00025102648900305	-0.000250249745812598	-1.25347969176433	-0.000250570717611175	-0.000249635093915556
-146000	-1.25538679295767	-0.000251401187991651	-0.000250189811098625	-1.25441178359287	-0.000250580028897094	-0.00024964793706855
-145000	-1.25605415529512	-0.000250074222721678	-0.000249406860384225	-1.25492181730615	-0.000249380960025686	-0.000248870926312409
-144000	-1.25662845828651	-0.000252779900465564	-0.00025220559747418	-1.25553272328357	-0.000253505485096592	-0.000252894579119173
-143000	-1.25770535666506	-0.000252423556483117	-0.000251346658104566	-1.25624937122063	-0.00025221217959009	-0.000251495531653021
-142000	-1.25868823246107	-0.000252009364799058	-0.00025102648900305	-1.25723021351742	-0.000251551559907958	-0.000250570717611175
-141000	-1.25989784342056	-0.000252610798951142	-0.000251401187991651	-1.25775442821213	-0.000251104243591802	-0.000250580028897094
-140000	-1.26067346283513	-0.000250849842136245	-0.000250074222721678	-1.25843639963611	-0.00025006293144967	-0.000249380960025686
-139000	-1.26119815914807	-0.000253304596778509	-0.000252779900465564	-1.25884240381014	-0.000253911489270616	-0.000253505485096592
-138000	-1.26206394819928	-0.00025328934553433	-0.000252423556483117	-1.25959158773479	-0.000252961363514743	-0.00025221217959009
-137000	-1.26297506287794	-0.000252920479477711	-0.000252009364799058	-1.26026649542463	-0.000252226467597795	-0.000251551559907958
-136000	-1.26390528174667	-0.000253541017819875	-0.000252610798951142	-1.26127441536897	-0.000252112163536148	-0.000251104243591802
-135000	-1.26481463049179	-0.000251759190881361	-0.000250849842136245	-1.26223486916038	-0.000251023385241076	-0.00025006293144967
-134000	-1.26582394177771	-0.00025431390806443	-0.000253304596778509	-1.26294868090116	-0.000254625301011398	-0.000253911489270616
-133000	-1.26662942152298	-0.000254094825279606	-0.00025328934553433	-1.2637105474394	-0.000253723230052977	-0.000252961363514743
-132000	-1.26785990260609	-0.000254150960560818	-0.000252920479477711	-1.26451559907957	-0.000253031519237973	-0.000252226467597795
-131000	-1.26853850270241	-0.000254219617916199	-0.000253541017819875	-1.26504275699684	-0.000252639321453417	-0.000252112163536148
-130000	-1.2694595173115	-0.000252680205490447	-0.000251759190881361	-1.26582303205437	-0.000251803660298603	-0.000251023385241076
-129000	-1.27080146625997	-0.000255655857012896	-0.00025431390806443	-1.26678113126773	-0.000255583400224755	-0.000254625301011398
-128000	-1.27182115909456	-0.000255114518114197	-0.000254094825279606	-1.26760507304543	-0.000254547171830685	-0.000253723230052977
-127000	-1.2726947075507	-0.000255024509016963	-0.000254150960560818	-1.26837817734254	-0.000253804623535078	-0.000253031519237973
-126000	-1.2733057205544	-0.000254830630919891	-0.000254219617916199	-1.26911360839086	-0.000253374752501739	-0.000252639321453417
-125000	-1.274384973511	-0.000253759458447049	-0.000252680205490447	-1.27027029485739	-0.000252960346765131	-0.000251803660298603
-124000	-1.27582597527693	-0.000257096858778831	-0.000255655857012896	-1.27161454487077	-0.000256927650238133	-0.000255583400224755
-123000	-1.27624187938139	-0.000255530422218655	-0.000255114518114197	-1.27226986675229	-0.000255202493712206	-0.000254547171830685
-122000	-1.27694482795526	-0.000255727457590839	-0.000255024509016963	-1.27305206828276	-0.000254586825065553	-0.000253804623535078
-121000	-1.27789302723819	-0.000255778830202815	-0.000254830630919891	-1.27386011665864	-0.000254182800877616	-0.000253374752501739
-120000	-1.27868336276556	-0.000254549793974421	-0.000253759458447049	-1.27437550168566	-0.000253475731792155	-0.000252960346765131
-119000	-1.27982656392144	-0.000258240059934714	-0.000257096858778831	-1.2755180606839	-0.000258070209236367	-0.000256927650238133
-118000	-1.28046160432386	-0.000256165462621073	-0.000255530422218655	-1.27632766094076	-0.00025601209396907	-0.000255202493712206
-117000	-1.28151779311821	-0.000256783646385187	-0.000255727457590839	-1.27753973350458	-0.000255798897629368	-0.000254586825065553
-116000	-1.28251704393429	-0.000256778081018889	-0.000255778830202815	-1.27861138759565	-0.000255254454968695	-0.000254182800877616
-115000	-1.28334820998555	-0.000255380960025686	-0.000254549793974421	-1.2794505271044	-0.000254314871300904	-0.000253475731792155
-114000	-1.2844073955156	-0.000259299245464762	-0.000258240059934714	-1.28029988762241	-0.000258919569754375	-0.000258070209236367
-113000	-1.28537031091133	-0.000257128378016803	-0.000256165462621073	-1.2811455022208	-0.000256857708567452	-0.00025601209396907
-112000	-1.28658254401456	-0.000257995879488415	-0.000256783646385187	-1.28214271953765	-0.00025679611494622	-0.000255798897629368
-111000	-1.288133515278	-0.000258329052282335	-0.000256778081018889	-1.28322405950661	-0.000256335794937657	-0.000255254454968695
-110000	-1.28913426446193	-0.000256381709209611	-0.000255380960025686	-1.28398175202012	-0.000255072563814416	-0.000254314871300904
-109000	-1.28977877668968	-0.000259943757692513	-0.000259299245464762	-1.28479820195858	-0.000259736019692835	-0.000258919569754375
-108000	-1.29103162626425	-0.000258381227591374	-0.000257128378016803	-1.28580740621823	-0.000257866912827099	-0.000256857708567452
-107000	-1.29241247926366	-0.000259376732487826	-0.000257995879488415	-1.28703323165837	-0.000258021940386364	-0.00025679611494622
-106000	-1.2932260394927	-0.000259142612511371	-0.000258329052282335	-1.28780457002194	-0.000257107133301225	-0.000256335794937657
-105000	-1.29449975919088	-0.000257655428907797	-0.000256381709209611	-1.28899491625194	-0.000256262910044416	-0.000255072563814416
-104000	-1.29558008241023	-0.000261024080911864	-0.000259943757692513	-1.28974254829561	-0.000260483651736501	-0.000259736019692835
-103000	-1.29667105474394	-0.000259472199925081	-0.000258381227591374	-1.29054032214909	-0.000258664686680581	-0.000257866912827099
-102000	-1.29772521003906	-0.000260430887782951	-0.000259376732487826	-1.29165211109327	-0.000259133729330551	-0.000258021940386364
-101000	-1.29867062663884	-0.000260088029111147	-0.000259142612511371	-1.29243554342591	-0.000257890565633864	-0.000257107133301225
-100000	-1.29979638251191	-0.000258781184780863	-0.000257655428907797	-1.29326868946326	-0.000257096056081768	-0.000256262910044416
-99000	-1.30095949055493	-0.000262187188954888	-0.000261024080911864	-1.29425547171831	-0.000261470433991545	-0.000260483651736501
-98000	-1.3015035051105	-0.000260016214480655	-0.000259472199925081	-1.295028415476	-0.000259437630438273	-0.000258664686680581
-97000	-1.30250430780757	-0.000261431690480013	-0.000260430887782951	-1.2958884786215	-0.000259993792476053	-0.000259133729330551
-96000	-1.30330507839675	-0.000260888799700327	-0.000260088029111147	-1.29651511746134	-0.000258517204473698	-0.000257890565633864
-95000	-1.30398592604484	-0.000259462032428961	-0.000258781184780863	-1.29693332263071	-0.000257514261251138	-0.000257096056081768
-94000	-1.30533905923904	-0.000263540322149088	-0.000262187188954888	-1.29799090276663	-0.000262528014127468	-0.000261470433991545
-93000	-1.30640236528068	-0.000261079520522288	-0.000260016214480655	-1.2987919409215	-0.00026023866859314	-0.000259437630438273
-92000	-1.30751201369936	-0.0002625413388987	-0.000261431690480013	-1.29973912345481	-0.000260940975009365	-0.000259993792476053
-91000	-1.30870107561406	-0.000262077861615027	-0.000260888799700327	-1.30074035425697	-0.00025951843527586	-0.000258517204473698
-90000	-1.30964563600364	-0.000260406592818538	-0.000259462032428961	-1.30138545512923	-0.000258159362123401	-0.000257514261251138
-89000	-1.31089126130465	-0.000264785947450099	-0.000263540322149088	-1.30242221865468	-0.000263564777652914	-0.000262528014127468
-88000	-1.31219045325627	-0.000262378712473912	-0.000261079520522288	-1.30335821694226	-0.000261174666880719	-0.00026023866859314
-87000	-1.31332573446781	-0.000263676620110238	-0.0002625413388987	-1.3041834965484	-0.000261766254615509	-0.000260940975009365
-86000	-1.31400850858886	-0.000262760635736073	-0.000262077861615027	-1.30484047733719	-0.000260175416064644	-0.00025951843527586
-85000	-1.31518986461176	-0.000261587948841441	-0.000260406592818538	-1.30583555412854	-0.000259154438914753	-0.000258159362123401
-84000	-1.31641087386954	-0.000266006956707873	-0.000264785947450099	-1.30677722480869	-0.000264506448333066	-0.000263564777652914
-83000	-1.31774415368973	-0.000263711992294108	-0.000262378712473912	-1.30785059132017	-0.000262248033392197	-0.000261174666880719
-82000	-1.31881570075454	-0.000264748167175041	-0.000263676620110238	-1.30880885107294	-0.000262724514368277	-0.000261766254615509
-81000	-1.31953309787553	-0.000263478032857067	-0.000262760635736073	-1.3096050195323	-0.000260971584524	-0.000260175416064644
-80000	-1.32067480066356	-0.000262729651629475	-0.000261587948841441	-1.3106757103869	-0.000260225129769359	-0.000259154438914753
-79000	-1.32137978273666	-0.00026671193878097	-0.000266006956707873	-1.31131583453738	-0.000265146572483544	-0.000264506448333066
-78000	-1.32217621876171	-0.000264508428319152	-0.000263711992294108	-1.31203863648526	-0.000262970835340076	-0.000262248033392197
-77000	-1.32356798844116	-0.000266139936854497	-0.000264748167175041	-1.31312168887462	-0.000263807566757639	-0.000262724514368277
-76000	-1.32467319526944	-0.000264583239685342	-0.000263478032857067	-1.31418745652058	-0.000262037352169957	-0.000260971584524
-75000	-1.32571793225237	-0.000263774388612405	-0.000262729651629475	-1.31537796328999	-0.00026141563653877	-0.000260225129769359
-74000	-1.32638732808905	-0.000267381334617649	-0.00026671193878097	-1.3159651629475	-0.000265733772141061	-0.000265146572483544
-73000	-1.32705056991491	-0.000265171670145021	-0.000264508428319152	-1.3168699095628	-0.00026387558195537	-0.000262970835340076
-72000	-1.32785401616097	-0.000266943383100551	-0.000266139936854497	-1.31765275325092	-0.000264590410445764	-0.000263807566757639
-71000	-1.3287506822925	-0.000265479905816879	-0.000264583239685342	-1.31829105795473	-0.000262675656873763	-0.000262037352169957
-70000	-1.32955204152619	-0.000264575747846096	-0.000263774388612405	-1.31895729651629	-0.000262081875100337	-0.00026141563653877
-69000	-1.33071461443784	-0.000268543907529299	-0.000267381334617649	-1.32017129555306	-0.000266947771177824	-0.000265733772141061
-68000	-1.33133237009686	-0.000265789425804035	-0.000265171670145021	-1.32035901963932	-0.000264063306041633	-0.00026387558195537
-67000	-1.33259356772088	-0.000268204580724567	-0.000266943383100551	-1.32136469203189	-0.000265596082838338	-0.000264590410445764
-66000	-1.33359233691871	-0.000266478675014715	-0.000265479905816879	-1.32202226146519	-0.00026333322630706	-0.000262675656873763
-65000	-1.33406030930593	-0.000265043720233317	-0.000264575747846096	-1.32256568737625	-0.000262625301011398	-0.000262081875100337
-64000	-1.33543286776904	-0.000269916465992401	-0.000268543907529299	-1.32355450313052	-0.000267936586932092	-0.000266947771177824
-63000	-1.33652635522021	-0.000266882913255204	-0.000265789425804035	-1.32451913094665	-0.000265027933857762	-0.000264063306041633
-62000	-1.33733022957136	-0.000269008455075721	-0.000268204580724567	-1.32550280943972	-0.000266579761331407	-0.000265596082838338
-61000	-1.33809942740943	-0.000267247872852785	-0.000266478675014715	-1.32592534917322	-0.000263755766040563	-0.00026333322630706
-60000	-1.3389168940975	-0.000265861186921388	-0.000265043720233317	-1.32662883287847	-0.000263328784716647	-0.000262625301011398
-59000	-1.34007850377268	-0.000271078075667576	-0.000269916465992401	-1.3277299727083	-0.00026903772676192	-0.000267936586932092
-58000	-1.34100160539412	-0.000267806014876652	-0.000266882913255204	-1.32826419435972	-0.000265562155509178	-0.000265027933857762
-57000	-1.34197698935089	-0.000269983839032482	-0.000269008455075721	-1.32904596778509	-0.000267361534756782	-0.000266579761331407
-56000	-1.34297335045754	-0.000268244233959437	-0.000267247872852785	-1.32955300476267	-0.000264262803018141	-0.000263755766040563
-55000	-1.34396757103869	-0.000266855407502541	-0.000265861186921388	-1.33081195483491	-0.000264587734788891	-0.000263328784716647
-54000	-1.34530341948948	-0.000272413924118371	-0.000271078075667576	-1.33195371113608	-0.000270179483063091	-0.00026903772676192
-53000	-1.34607534649757	-0.000268577941884733	-0.000267806014876652	-1.33289136833093	-0.000266499812704019	-0.000265562155509178
-52000	-1.34708369454701	-0.000270992187081929	-0.000269983839032482	-1.33371621983197	-0.000268186386257827	-0.000267361534756782
-51000	-1.34777235511318	-0.000268932894525606	-0.000268244233959437	-1.3343699898325	-0.000264916573018676	-0.000264262803018141
-50000	-1.34899170546369	-0.000268074757853054	-0.000266855407502541	-1.33543586450474	-0.000265653609461121	-0.000264587734788891
-49000	-1.35012415047894	-0.000273546369133623	-0.000272413924118371	-1.33619767752983	-0.00027094129608819	-0.000270179483063091
-48000	-1.35091405790121	-0.000269367849307005	-0.000268577941884733	-1.33696371809279	-0.000267265853266977	-0.000266499812704019
-47000	-1.35220153047573	-0.000272279659656446	-0.000270992187081929	-1.33774479584738	-0.000268967464012415	-0.000268186386257827
-46000	-1.35314560924707	-0.000269876973296944	-0.000268932894525606	-1.33873532402205	-0.000265907101193343	-0.000264916573018676
-45000	-1.35451565259271	-0.000269444801198694	-0.000268074757853054	-1.33963584309948	-0.000266554128538556	-0.000265653609461121
-44000	-1.35533381495157	-0.000274364531492481	-0.000273546369133623	-1.34024273559159	-0.000271548188580298	-0.00027094129608819
-43000	-1.35677759940065	-0.000270811633756087	-0.000269367849307005	-1.34111173543105	-0.000268134853106438	-0.000267265853266977
-42000	-1.35742409161449	-0.000272926151870284	-0.000272279659656446	-1.34150783967464	-0.000269363568256007	-0.000268967464012415
-41000	-1.35811906673088	-0.000270571948413335	-0.000269876973296944	-1.34245710922031	-0.000266856370739016	-0.000265907101193343
-40000	-1.35890383689196	-0.000270229571359769	-0.000269444801198694	-1.34288350189972	-0.000266980521217959	-0.000266554128538556
-39000	-1.3598630598812	-0.000275323754481725	-0.000274364531492481	-1.34346743725585	-0.000272132123936427	-0.000271548188580298
-38000	-1.3606752822818	-0.000271623856156686	-0.000270811633756087	-1.34396757103869	-0.000268634986889282	-0.000268134853106438
-37000	-1.36145983839032	-0.000273710707978809	-0.000272926151870284	-1.34451260234388	-0.000269908599561193	-0.000269363568256007
-36000	-1.36266870016589	-0.000271780810188901	-0.000270571948413335	-1.34539085995612	-0.000267734628351261	-0.000266856370739016
-35000	-1.36323331727939	-0.000270794188473271	-0.000270229571359769	-1.34560689249211	-0.000267196553753947	-0.000266980521217959
-34000	-1.36382709905282	-0.000275917536255151	-0.000275323754481725	-1.34588195001873	-0.000272407181463049	-0.000272132123936427
-33000	-1.3645214855247	-0.000272318242628566	-0.000271623856156686	-1.34626542516188	-0.000269018462032429	-0.000268634986889282
-32000	-1.36490522823353	-0.000274094450687644	-0.000273710707978809	-1.34660592925563	-0.000270249103654948	-0.000269908599561193
-31000	-1.36562155509177	-0.000272497137047146	-0.000271780810188901	-1.34726392679403	-0.000268392625889656	-0.000267734628351261
-30000	-1.36590158934018	-0.000271074222721677	-0.000270794188473271	-1.34751650880291	-0.000267449135762829	-0.000267196553753947
-29000	-1.36670471450741	-0.000276720661422379	-0.000275917536255151	-1.34794766415155	-0.000272838336811687	-0.000272407181463049
-28000	-1.36703976026114	-0.000272653288382298	-0.000272318242628566	-1.34835372183871	-0.000269424519719592	-0.000269018462032429
-27000	-1.36771761117354	-0.000274772301600044	-0.000274094450687644	-1.34870904907155	-0.000270604430887783	-0.000270249103654948
-26000	-1.36861395622625	-0.000273393482099854	-0.000272497137047146	-1.34931037619736	-0.000268993953015466	-0.000268392625889656
-25000	-1.36906491143576	-0.000271525177931182	-0.000271074222721677	-1.34958163429122	-0.000267720393856692	-0.000267449135762829
-24000	-1.36953026167924	-0.000277186011665864	-0.000276720661422379	-1.34964007063734	-0.000272896773157809	-0.000272838336811687
-23000	-1.36974934446407	-0.000272872371167121	-0.000272653288382298	-1.34991443249318	-0.000269698881575427	-0.000269424519719592
-22000	-1.37036281907208	-0.000275385776208059	-0.000274772301600044	-1.3503811205651	-0.000271071118959705	-0.000270604430887783
-21000	-1.37110365494729	-0.000274134317975062	-0.000273393482099854	-1.35087708032322	-0.000269489912773587	-0.000268993953015466
-20000	-1.37169101514422	-0.000272112538128112	-0.000271525177931182	-1.35103761973565	-0.000267880933269117	-0.000267720393856692
-19000	-1.37217370364424	-0.000277668700165891	-0.000277186011665864	-1.3514840798416	-0.000273343233263767	-0.000272896773157809
-18000	-1.37291496762455	-0.000273613635147429	-0.000272872371167121	-1.35185861829079	-0.000270073420024616	-0.000269698881575427
-17000	-1.37425589982341	-0.000276726708406913	-0.000275385776208059	-1.35244876117087	-0.000271661261839782	-0.000271071118959705
-16000	-1.37531096484187	-0.000275189382993525	-0.000274134317975062	-1.35332948038744	-0.000270370631990153	-0.000269489912773587
-15000	-1.37629068336277	-0.000273092256649006	-0.000272112538128112	-1.35382940011773	-0.000268380852999411	-0.000267880933269117
-14000	-1.37718333600899	-0.000278561352812115	-0.000277668700165891	-1.35450034783539	-0.000274014180981431	-0.000273343233263767
-13000	-1.37818140953604	-0.00027461170867448	-0.000273613635147429	-1.35534981537968	-0.000270922887568899	-0.000270073420024616
-12000	-1.37984946754428	-0.000278394766415155	-0.000276726708406913	-1.35639241183711	-0.000272703858297212	-0.000271661261839782
-11000	-1.38097479531225	-0.000276314710761491	-0.000275189382993525	-1.35728131856371	-0.000271259538716755	-0.000270370631990153
-10000	-1.38134296569808	-0.000273460427034837	-0.000273092256649006	-1.35750200674266	-0.00026860154117836	-0.000268380852999411
-9000	-1.38213544175095	-0.000279353828864986	-0.000278561352812115	-1.35805442286081	-0.000274566597099588	-0.000274014180981431
-8000	-1.38322978541232	-0.000275706052335848	-0.00027461170867448	-1.35880671054744	-0.000271675175255525	-0.000270922887568899
-7000	-1.38433627655589	-0.000279501257558731	-0.000278394766415155	-1.35972858136673	-0.000273625729116498	-0.000272703858297212
-6000	-1.38528474340451	-0.000277263177610104	-0.000276314710761491	-1.36087269224595	-0.000272403649595976	-0.000271259538716755
-5000	-1.38618986461176	-0.000274365548242093	-0.000273460427034837	-1.36165318135602	-0.000269382030288435	-0.00026860154117836
-4000	-1.387627869642	-0.000280791833895221	-0.000279353828864986	-1.36282586825066	-0.00027573928399422	-0.000274566597099588
-3000	-1.38876448868197	-0.000276842671375822	-0.000275706052335848	-1.36371825333119	-0.000272567560336061	-0.000271675175255525
-2000	-1.38878487718735	-0.000279521646064108	-0.000279501257558731	-1.36424787285279	-0.00027415534863809	-0.000273625729116498
-1000	-1.38903820838016	-0.000277516508802911	-0.000277263177610104	-1.36409600256863	-0.00027225177931182	-0.000272403649595976
0	-1.38889752234173	-0.000274224862203671	-0.000274365548242093	-1.36407015572323	-0.000269356183443035	-0.000269382030288435
1000	-1.38890827848237	-0.000280802590035854	-0.000280791833895221	-1.36431834965484	-0.00027598747792583	-0.00027573928399422
2000	-1.38850757210895	-0.000276441965002408	-0.000276842671375822	-1.36409787552844	-0.000272347086209665	-0.000272567560336061
3000	-1.38741954299781	-0.000278433616952961	-0.000279521646064108	-1.36326911756836	-0.000273326590678012	-0.00027415534863809
4000	-1.38634045058062	-0.000276437416385723	-0.000277516508802911	-1.36208133996896	-0.000271064001712421	-0.00027225177931182
5000	-1.38523058810938	-0.000273114999732435	-0.000274224862203671	-1.36079381388131	-0.00026806865735538	-0.000269356183443035
6000	-1.3847596724996	-0.000280331674426071	-0.000280802590035854	-1.36044608551399	-0.000275639749558517	-0.00027598747792583
7000	-1.38414903408787	-0.000275831326590678	-0.000276441965002408	-1.35960154117836	-0.00027150254187403	-0.000272347086209665
8000	-1.38337956868411	-0.000277664151549205	-0.000278433616952961	-1.35909429014823	-0.000272819339647882	-0.000273326590678012
9000	-1.38239990367635	-0.000275457751377964	-0.000276437416385723	-1.35830384759458	-0.000270273559158774	-0.000271064001712421
10000	-1.38172290897415	-0.000272438005030235	-0.000273114999732435	-1.35822250762562	-0.000267987317386418	-0.00026806865735538
11000	-1.38063017070691	-0.000279238936158827	-0.000280331674426071	-1.35778958634345	-0.000275206828276341	-0.000275639749558517
12000	-1.37941654626211	-0.000274617702145877	-0.000275831326590678	-1.35699598651469	-0.000270708942045272	-0.00027150254187403
13000	-1.37836576229464	-0.000276613367581741	-0.000277664151549205	-1.35624096965805	-0.000272064322791245	-0.000272819339647882
14000	-1.37670792529566	-0.00027379991437898	-0.000275457751377964	-1.35510429710494	-0.000269136886605662	-0.000270273559158774
15000	-1.37611243110184	-0.000271842510836411	-0.000272438005030235	-1.35468957028951	-0.000267572590570986	-0.000267987317386418
16000	-1.37521651415422	-0.000278343019211216	-0.000279238936158827	-1.35390330176058	-0.000274420559747417	-0.000275206828276341
17000	-1.37405950660887	-0.000273460694600524	-0.000274617702145877	-1.35318547653449	-0.000269991116819179	-0.000270708942045272
18000	-1.37314726815433	-0.000275701129127201	-0.000276613367581741	-1.35275790656606	-0.000271636752822817	-0.000272064322791245
19000	-1.37250377267619	-0.000273156418900839	-0.00027379991437898	-1.35250024080912	-0.000268879220848719	-0.000269136886605662
20000	-1.37202343875421	-0.000271362176914433	-0.000271842510836411	-1.35251265585701	-0.000267585005618879	-0.000267572590570986
21000	-1.37128378016803	-0.000277603360625034	-0.000278343019211216	-1.3520202814791	-0.000273928185369508	-0.000274420559747417
22000	-1.37065136190935	-0.000272828276341841	-0.000273460694600524	-1.35156520575801	-0.000269536041098089	-0.000269991116819179
23000	-1.37028185369508	-0.000275331620912934	-0.000275701129127201	-1.35114555573393	-0.000271217102798738	-0.000271636752822817
24000	-1.36982067747632	-0.000272695242682079	-0.000273156418900839	-1.35060223684915	-0.000268335901963932	-0.000268879220848719
25000	-1.36936924064858	-0.000270910740086691	-0.000271362176914433	-1.35052480333922	-0.000267507572108953	-0.000267585005618879
26000	-1.36900775940493	-0.000277241879381388	-0.000277603360625034	-1.35036683255739	-0.000273770214587681	-0.000273928185369508
27000	-1.36862776261572	-0.00027244827955263	-0.000272828276341841	-1.34983132659068	-0.000269000535131375	-0.000269536041098089
28000	-1.3680516936908	-0.000274755551988013	-0.000275331620912934	-1.34922598597956	-0.000270611762187616	-0.000271217102798738
29000	-1.36737710707979	-0.000272020656071065	-0.000272695242682079	-1.34856231604859	-0.000267672232032963	-0.000268335901963932
30000	-1.36731064376304	-0.000270844276769948	-0.000270910740086691	-1.34855038261893	-0.000267495638679296	-0.000267507572108953
31000	-1.36665526836838	-0.000276586503986728	-0.000277241879381388	-1.34817439931503	-0.00027339423128378	-0.000273770214587681
32000	-1.36581259699256	-0.000271605608176808	-0.00027244827955263	-1.34770487504682	-0.000268531010863167	-0.000269000535131375
33000	-1.36525049499652	-0.000274193449991973	-0.000274755551988013	-1.3472984427677	-0.000270205329908493	-0.000270611762187616
34000	-1.36476721785198	-0.000271537378926526	-0.000272020656071065	-1.34704099106331	-0.00026741478032857	-0.000267672232032963
35000	-1.36417215176326	-0.000270249210681222	-0.000270844276769948	-1.34650682292503	-0.000266961470541018	-0.000267495638679296
36000	-1.36328699095628	-0.000275701343179751	-0.000276586503986728	-1.34619457376786	-0.000273081982126613	-0.00027339423128378
37000	-1.36275635468508	-0.000271074971905603	-0.000271605608176808	-1.34567164338845	-0.000268008080483759	-0.000268531010863167
38000	-1.3616864130144	-0.000273123508321293	-0.000274193449991973	-1.34518558356076	-0.000269719270080805	-0.000270205329908493
39000	-1.36121421308931	-0.000271065179001445	-0.000271537378926526	-1.3447566757639	-0.000266985872531707	-0.00026741478032857
40000	-1.36041750949858	-0.000269452507090491	-0.000270249210681222	-1.34431861722053	-0.000266523411997645	-0.000266961470541018
41000	-1.35959324664205	-0.00027487708032322	-0.000275701343179751	-1.34356220902231	-0.0002723255739284	-0.000273081982126613
42000	-1.35840370310911	-0.000269885428372665	-0.000271074971905603	-1.34293460694601	-0.000267380478407448	-0.000268008080483759
43000	-1.35789843206507	-0.000272618237277251	-0.000273123508321293	-1.34278155937283	-0.000269566222507626	-0.000269719270080805
44000	-1.35723593942313	-0.000270402686359501	-0.000271065179001445	-1.34224321720983	-0.000266447530368705	-0.000266985872531707
45000	-1.35653759297908	-0.000268754160646439	-0.000269452507090491	-1.34180986782255	-0.000266090062610371	-0.000266523411997645
46000	-1.35554899127736	-0.000273888478621501	-0.00027487708032322	-1.34071953764649	-0.000271235243752341	-0.0002723255739284
47000	-1.35487991651951	-0.000269216353614813	-0.000269885428372665	-1.340019853374	-0.000266680794134961	-0.000267380478407448
48000	-1.35394263391663	-0.000271680954674373	-0.000272618237277251	-1.33919714239846	-0.000268743511532082	-0.000269566222507626
49000	-1.35305543961042	-0.000269515492053299	-0.000270402686359501	-1.33867811847809	-0.000265928506448333	-0.000266447530368705
50000	-1.3520978220153	-0.000267796543051319	-0.000268754160646439	-1.33793257344678	-0.000265344517579066	-0.000266090062610371
51000	-1.35076860919356	-0.000272559265799754	-0.000273888478621501	-1.33657922620003	-0.000269881896505592	-0.000271235243752341
52000	-1.34950944506876	-0.00026795718949002	-0.000269216353614813	-1.33590410445764	-0.000266005672392572	-0.000266680794134961
53000	-1.34875763900037	-0.000270929148605983	-0.000271680954674373	-1.33512366886071	-0.000267963075935143	-0.000268743511532082
54000	-1.34762032428961	-0.000268378177342538	-0.000269515492053299	-1.33438449189276	-0.000265189329480387	-0.000265928506448333
55000	-1.34686964199711	-0.000267045860758816	-0.000267796543051319	-1.33359030341949	-0.000264550329105795	-0.000265344517579066
56000	-1.34524771231337	-0.000270937336116017	-0.000272559265799754	-1.33217343607856	-0.00026846502916466	-0.000269881896505592
57000	-1.34441098089581	-0.000267120458072457	-0.00026795718949002	-1.33119510889923	-0.000265027345213249	-0.000266005672392572
58000	-1.34325413388987	-0.000269772301600043	-0.000270929148605983	-1.32995537004335	-0.000266723337079253	-0.000267963075935143
59000	-1.34240017124204	-0.000267524214694707	-0.000268378177342538	-1.32938374270884	-0.000264617702145877	-0.000265189329480387
60000	-1.34121838711404	-0.000265864076630813	-0.000267045860758816	-1.32846823995291	-0.000263634826349869	-0.000264550329105795
61000	-1.34015342216514	-0.000269872371167122	-0.000270937336116017	-1.32781623588591	-0.000267813025097662	-0.00026846502916466
62000	-1.33916412479264	-0.000266131160699952	-0.000267120458072457	-1.32710146090865	-0.000264312570235992	-0.000265027345213249
63000	-1.33806063038476	-0.000268668807192166	-0.000269772301600043	-1.32594894846685	-0.000265570824637449	-0.000266723337079253
64000	-1.33749579921871	-0.000266959383528657	-0.000267524214694707	-1.32562128752609	-0.000264290041205116	-0.000264617702145877
65000	-1.33636790282014	-0.000264736180232247	-0.000265864076630813	-1.32474698988602	-0.000262760528709798	-0.000263634826349869
66000	-1.33510932733986	-0.000268613795686842	-0.000269872371167122	-1.32394247337721	-0.000267008508588859	-0.000267813025097662
67000	-1.33433740033178	-0.000265359233691871	-0.000266131160699952	-1.3232920211912	-0.000263662118049981	-0.000264312570235992
68000	-1.33275218066035	-0.000267083587520736	-0.000268668807192166	-1.32238866591748	-0.000264667469363728	-0.000265570824637449
69000	-1.33158527318457	-0.000265792476052871	-0.000266959383528657	-1.32117718199818	-0.000263078557285813	-0.000264290041205116
70000	-1.33056729277038	-0.000263718199818056	-0.000264736180232247	-1.3202424680259	-0.000261825814737518	-0.000262760528709798
71000	-1.32956092470702	-0.000267607427623481	-0.000268613795686842	-1.31949906352009	-0.000266265104083052	-0.000267008508588859
72000	-1.32821785198266	-0.000264016160967518	-0.000265359233691871	-1.31857960079199	-0.000262742655321882	-0.000263662118049981
73000	-1.32684609621662	-0.000265711831754695	-0.000267083587520736	-1.3174853641569	-0.000263573232728635	-0.000264667469363728
74000	-1.32552860277198	-0.000264474982608231	-0.000265792476052871	-1.31640295392519	-0.000261996147054102	-0.000263078557285813
75000	-1.32447995933002	-0.00026266955637609	-0.000263718199818056	-1.31549376571948	-0.000260916626531813	-0.000261825814737518
76000	-1.3236253010114	-0.000266752769304864	-0.000267607427623481	-1.31452421469471	-0.000265295553058275	-0.000266265104083052
77000	-1.3227118317547	-0.000263102691710815	-0.000264016160967518	-1.31365162947504	-0.00026187007010221	-0.000262742655321882
78000	-1.32131396157757	-0.000264313961577567	-0.000265711831754695	-1.31275094985819	-0.000262672553111789	-0.000263573232728635
79000	-1.31995858083159	-0.000263119601862257	-0.000264474982608231	-1.3114315299406	-0.000260676727136512	-0.000261996147054102
80000	-1.318980146626	-0.000261691122170492	-0.00026266955637609	-1.31025482956066	-0.00025973992615187	-0.000260916626531813
81000	-1.31813105367368	-0.000265903676352544	-0.000266752769304864	-1.30935404291754	-0.000264394766415155	-0.000265295553058275
82000	-1.31715481350672	-0.000262126451543854	-0.000263102691710815	-1.30884042382405	-0.000261356451008724	-0.00026187007010221
83000	-1.31664124792637	-0.000263800395997217	-0.000264313961577567	-1.30799951838176	-0.000261831647669503	-0.000262672553111789
84000	-1.3157545352384	-0.000262232889174292	-0.000263119601862257	-1.30738358216942	-0.000260060790924172	-0.000260676727136512
85000	-1.31453598758495	-0.000260472574517044	-0.000261691122170492	-1.30656381441644	-0.000258920158398887	-0.00025973992615187
86000	-1.31327371969819	-0.000264641408465778	-0.000265903676352544	-1.30523149783272	-0.000263062449831433	-0.000264394766415155
87000	-1.31273623374538	-0.000261588965591052	-0.000262126451543854	-1.30455755337935	-0.000260682506555359	-0.000261356451008724
88000	-1.3116015946915	-0.000262665756943329	-0.000263800395997217	-1.30368191791085	-0.000260956012200995	-0.000261831647669503
89000	-1.3108307914593	-0.000261462085942099	-0.000262232889174292	-1.30316230534596	-0.000259541178359287	-0.000260060790924172
90000	-1.30957055707176	-0.000259212340129502	-0.000260472574517044	-1.30193353668326	-0.000257691389736181	-0.000258920158398887
91000	-1.30808513940172	-0.000263155990795741	-0.000264641408465778	-1.30053893080751	-0.000261667843955691	-0.000263062449831433
92000	-1.30723042756997	-0.000260734253759298	-0.000261588965591052	-1.3000452721143	-0.00026018884786215	-0.000260682506555359
93000	-1.30624947824691	-0.000261684807620271	-0.000262665756943329	-1.29909659121314	-0.000260007331299834	-0.000260956012200995
94000	-1.3053717022529	-0.000260584309948092	-0.000261462085942099	-1.29838449189276	-0.000258829079038904	-0.000259541178359287
95000	-1.30413057205544	-0.000257971209932038	-0.000259212340129502	-1.29737609033018	-0.000256682988173597	-0.000257691389736181
96000	-1.30350072242736	-0.000262526141167656	-0.000263155990795741	-1.29659244394499	-0.000260884197570503	-0.000261667843955691
97000	-1.3025417670038	-0.000259775298335742	-0.000260734253759298	-1.29580355327233	-0.00025939995718949	-0.00026018884786215
98000	-1.3014285332049	-0.000260571573821373	-0.000261684807620271	-1.29509985551453	-0.000259303633542034	-0.000260007331299834
99000	-1.30017327553914	-0.000259329052282335	-0.000260584309948092	-1.29382677797399	-0.000257556001498367	-0.000258829079038904
100000	-1.2989393161021	-0.000256737250494996	-0.000257971209932038	-1.29285021672821	-0.000255706426927812	-0.000256682988173597
101000	-1.29779574035426	-0.000261382565419811	-0.000262526141167656	-1.29189067266014	-0.000259924653502435	-0.000260884197570503
102000	-1.29658505913202	-0.000258564617113501	-0.000259775298335742	-1.29093294803874	-0.000258442232568095	-0.00025939995718949
103000	-1.29560924707016	-0.000259595761759512	-0.000260571573821373	-1.29003114464601	-0.000258401830149303	-0.000259303633542034
104000	-1.29452763953551	-0.000258247444747686	-0.000259329052282335	-1.28894076095681	-0.000256465617809172	-0.000257556001498367
105000	-1.29353213463905	-0.000255741745598544	-0.000256737250494996	-1.28797822015305	-0.000254743886124043	-0.000255706426927812
106000	-1.29250286295285	-0.000260353293733611	-0.000261382565419811	-1.28727270294857	-0.000259219136297961	-0.000259924653502435
107000	-1.29124814041847	-0.000257309894579119	-0.000258564617113501	-1.2861787873923	-0.000257348317011826	-0.000258442232568095
108000	-1.29000433456414	-0.000258351955905175	-0.000259595761759512	-1.28516267993792	-0.000257385722694922	-0.000258401830149303
109000	-1.2886214480655	-0.00025686455824905	-0.000258247444747686	-1.28404757317922	-0.000255350511050462	-0.000256465617809172
110000	-1.28754422860812	-0.000254664526141167	-0.000255741745598544	-1.28331331941992	-0.000254009632364746	-0.000254743886124043
111000	-1.28621769144325	-0.000259026756568738	-0.000260353293733611	-1.28252640873334	-0.000258432225611388	-0.000259219136297961
112000	-1.28493433938032	-0.000256026542516188	-0.000257309894579119	-1.28130539947557	-0.000256127307754053	-0.000257348317011826
113000	-1.28405907850377	-0.00025747669502863	-0.000258351955905175	-1.28064542195109	-0.000256725745170439	-0.000257385722694922
114000	-1.2830711189597	-0.000255876598704982	-0.00025686455824905	-1.27976604056296	-0.000254471129662332	-0.000255350511050462
115000	-1.28189655910526	-0.000253489966286724	-0.000254664526141167	-1.27850377267619	-0.000252747364477979	-0.000254009632364746
116000	-1.28095804570022	-0.000258088243163696	-0.000259026756568738	-1.27756408198213	-0.000257492534917322	-0.000258432225611388
117000	-1.27978300422754	-0.000254851501043507	-0.000256026542516188	-1.27631631615562	-0.000254879541927543	-0.000256127307754053
118000	-1.27892711510676	-0.000256620805907851	-0.00025747669502863	-1.27512174238776	-0.00025553117140258	-0.000256725745170439
119000	-1.27752774656178	-0.000254477230160004	-0.000255876598704982	-1.27413388986996	-0.000253483277144539	-0.000254471129662332
120000	-1.27683202226147	-0.000252794241986407	-0.000253489966286724	-1.27362326751217	-0.00025223674212019	-0.000252747364477979
121000	-1.2759138973618	-0.000257170118264033	-0.000258088243163696	-1.27283234334029	-0.000256701610745438	-0.000257492534917322
122000	-1.27423920372451	-0.000253176807406218	-0.000254851501043507	-1.2713230052978	-0.000253370203885054	-0.000254879541927543
123000	-1.2732674586611	-0.000255649060844437	-0.000256620805907851	-1.27042960346765	-0.000254637769572429	-0.00025553117140258
124000	-1.27208893883448	-0.000253298710333386	-0.000254477230160004	-1.26926933162091	-0.000252323005297801	-0.000253483277144539
125000	-1.27100503023492	-0.000251710333386847	-0.000252794241986407	-1.26854759993578	-0.000251515010435062	-0.00025223674212019
126000	-1.26999068871408	-0.00025615577674319	-0.000257170118264033	-1.26777219457377	-0.000255926205383421	-0.000256701610745438
127000	-1.26885551452882	-0.000252041633220957	-0.000253176807406218	-1.26680729919195	-0.000252405308503237	-0.000253370203885054
128000	-1.26818290790389	-0.000254976454219511	-0.000255649060844437	-1.26625119066731	-0.000254081661047787	-0.000254637769572429
129000	-1.26704248943116	-0.000252158291860653	-0.000253298710333386	-1.26552672981217	-0.000251598544442661	-0.000252323005297801
130000	-1.26591448600631	-0.000250582329962006	-0.000251710333386847	-1.2648634879863	-0.000250851768609194	-0.000251515010435062
131000	-1.26509204259646	-0.000255333333333333	-0.00025615577674319	-1.26428367314176	-0.000255346390538877	-0.000255926205383421
132000	-1.26396318296142	-0.000250912773585915	-0.000252041633220957	-1.2634960667844	-0.000251617702145877	-0.000252405308503237
133000	-1.26232867769037	-0.000253341948948467	-0.000254976454219511	-1.26237881950019	-0.000252964413763579	-0.000254081661047787
134000	-1.26155016856638	-0.000251379782736662	-0.000252158291860653	-1.26172146411944	-0.000250941189061915	-0.000251598544442661
135000	-1.26060828383368	-0.000249640445229304	-0.000250582329962006	-1.26086166853963	-0.000249991973029378	-0.000250851768609194
136000	-1.25921806603521	-0.000253943115534863	-0.000255333333333333	-1.25978048911008	-0.000254265211109328	-0.000255346390538877
137000	-1.25858136672553	-0.000250276074276234	-0.000250912773585915	-1.25927120458072	-0.000251108417616525	-0.000251617702145877
138000	-1.25731979450955	-0.000252080376732488	-0.000253341948948467	-1.25818799165195	-0.000251881200834805	-0.000252964413763579
139000	-1.25640900090972	-0.000250468989136833	-0.000251379782736662	-1.2575507572109	-0.00025030395462086	-0.000250941189061915
140000	-1.2555481885803	-0.000248779632899877	-0.000249640445229304	-1.2563945523626	-0.000248835768181089	-0.000249991973029378
141000	-1.25431417563012	-0.000252709102584685	-0.000253943115534863	-1.2552877401402	-0.000253158398886927	-0.000254265211109328
142000	-1.25322127682346	-0.000249183175469577	-0.000250276074276234	-1.2541089527479	-0.00024992963022422	-0.000251108417616525
143000	-1.25257103869	-0.000251430138599026	-0.000252080376732488	-1.25320458072457	-0.000250976828811474	-0.000251881200834805
144000	-1.25183501899716	-0.000249732969443999	-0.000250468989136833	-1.25249456841655	-0.000249593942312838	-0.00025030395462086
145000	-1.251360839086	-0.000248305452988709	-0.000248779632899877	-1.25193080751324	-0.000248272007277787	-0.000248835768181089
146000	-1.25008005565366	-0.000251428319152352	-0.000252709102584685	-1.25070134317975	-0.000251928934553433	-0.000253158398886927
147000	-1.24915224487612	-0.000248255364692032	-0.000249183175469577	-1.25009723337079	-0.000249325520415262	-0.00024992963022422
148000	-1.24838037138117	-0.000250658265104083	-0.000251430138599026	-1.24945298870873	-0.000250332584149409	-0.000250976828811474
149000	-1.24712773585915	-0.000248480333921978	-0.000249732969443999	-1.24838572269492	-0.000248526676299031	-0.000249593942312838
150000	-1.24665976347193	-0.000247837480601487	-0.000248305452988709	-1.24804029539252	-0.000247926579975385	-0.000248272007277787
151000	-1.24597088885321	-0.000250739444533634	-0.000251428319152352	-1.24755182747364	-0.000251440466634558	-0.000251928934553433
152000	-1.24500973939102	-0.000247294215229839	-0.000248255364692032	-1.24639460587574	-0.00024816829881736	-0.000249325520415262
153000	-1.24433076470273	-0.000249979290415797	-0.000250658265104083	-1.24588649863542	-0.000249824476909081	-0.000250332584149409
154000	-1.24362246481511	-0.000247772034034355	-0.000248480333921978	-1.24505479745277	-0.000247694975116391	-0.000248526676299031
155000	-1.24253796757104	-0.000246752983357414	-0.000247837480601487	-1.24439032482474	-0.000247262107347354	-0.000247926579975385
156000	-1.24166308128646	-0.00024986455824905	-0.000250739444533634	-1.24379060309306	-0.000250840744902874	-0.000251440466634558
157000	-1.24100717076042	-0.000246638304703805	-0.000247294215229839	-1.24330780756676	-0.000247685503291058	-0.00024816829881736
158000	-1.2397622411302	-0.000248734360785572	-0.000249979290415797	-1.24206207523947	-0.000248578744581795	-0.000249824476909081
159000	-1.23882768769733	-0.000246837480601488	-0.000247772034034355	-1.24123080216193	-0.00024686370203885	-0.000247694975116391
160000	-1.2378549258843	-0.000245780221544389	-0.000246752983357414	-1.24028442232568	-0.000246315727511104	-0.000247262107347354
161000	-1.23702338524108	-0.000249033017605822	-0.00024986455824905	-1.23945288168245	-0.000250009204259646	-0.000250840744902874
162000	-1.23599395301547	-0.000245608872478194	-0.000246638304703805	-1.23853909134693	-0.000246771712955531	-0.000247685503291058
163000	-1.23505795472789	-0.000247798362497993	-0.000248734360785572	-1.23782913255204	-0.000247868785786911	-0.000248578744581795
164000	-1.23397110290576	-0.000245750628779366	-0.000246837480601488	-1.23709418312196	-0.000246128752608766	-0.00024686370203885
165000	-1.2328741906138	-0.000244683309252421	-0.000245780221544389	-1.23597051426125	-0.000245192058650398	-0.000246315727511104
166000	-1.23207518595815	-0.00024823401295018	-0.000249033017605822	-1.23516401776636	-0.000249202707764756	-0.000250009204259646
167000	-1.23124482260395	-0.000244778509123989	-0.000245608872478194	-1.2347196981859	-0.000246327393375073	-0.000246771712955531
168000	-1.23006517900144	-0.000246618718895489	-0.000247798362497993	-1.23390656606197	-0.000247055653662974	-0.000247868785786911
169000	-1.22881982126612	-0.000244505271044041	-0.000245750628779366	-1.23314100711725	-0.000245363193664045	-0.000246128752608766
170000	-1.22809022314978	-0.000243953711136084	-0.000244683309252421	-1.23237015037192	-0.000244421201905068	-0.000245192058650398
171000	-1.22732321935035	-0.000247467009150747	-0.00024823401295018	-1.23143902177985	-0.000248271579172687	-0.000249202707764756
172000	-1.22636966875368	-0.000243824958527319	-0.000244778509123989	-1.23063546850752	-0.000245523840102745	-0.000246327393375073
173000	-1.22546476159897	-0.000245713811740783	-0.000246618718895489	-1.2297028415476	-0.000246123026703055	-0.000247055653662974
174000	-1.22440418472735	-0.00024344469417242	-0.000244505271044041	-1.22882222935731	-0.000244482581473752	-0.000245363193664045
175000	-1.22383277144539	-0.000243382297854123	-0.000243953711136084	-1.22857713918767	-0.000244176111735431	-0.000244421201905068
176000	-1.22270953068978	-0.000246343768395141	-0.000247467009150747	-1.22765045218601	-0.000247344892171028	-0.000248271579172687
177000	-1.22157253705785	-0.000242687964895382	-0.000243824958527319	-1.22654936586932	-0.000244422753786054	-0.000245523840102745
178000	-1.22094921603254	-0.000245090490715471	-0.000245713811740783	-1.22580483758763	-0.000245378498421362	-0.000246123026703055
179000	-1.2201309466474	-0.000242626424787285	-0.00024344469417242	-1.224680419543	-0.000243358163429123	-0.000244482581473752
180000	-1.21971258093862	-0.000242963932145342	-0.000243382297854123	-1.22434505271044	-0.000243840744902873	-0.000244176111735431
181000	-1.21888323433403	-0.00024551442179055	-0.000246343768395141	-1.2236408733344	-0.000246640712794991	-0.000247344892171028
182000	-1.21793027238187	-0.000241735002943223	-0.000242687964895382	-1.22263926794028	-0.000243421148391931	-0.000244422753786054
183000	-1.21692556322577	-0.000244085781559373	-0.000245090490715471	-1.22165847915663	-0.000244397709637716	-0.000245378498421362
184000	-1.21620329640927	-0.000241904157970782	-0.000242626424787285	-1.22074030074383	-0.000242439985016321	-0.000243358163429123
185000	-1.21565954941938	-0.000242420185155456	-0.000242963932145342	-1.22043254669021	-0.000243532990849254	-0.000243840744902873
186000	-1.21486145448708	-0.000244716326858244	-0.00024551442179055	-1.2196300101675	-0.000245838176272275	-0.000246640712794991
187000	-1.21385909990903	-0.000240732648365174	-0.000241735002943223	-1.21867105474394	-0.000242462192968374	-0.000243421148391931
188000	-1.21286611013004	-0.000243092791780382	-0.000244085781559373	-1.21811944132284	-0.000243846096216621	-0.000244397709637716
189000	-1.21201407395516	-0.000241052121795901	-0.000241904157970782	-1.2173738427784	-0.000241694386471879	-0.000242439985016321
190000	-1.21105870391181	-0.00024146481511211	-0.000242420185155456	-1.21653689730829	-0.000242696045379141	-0.000243532990849254
191000	-1.21035950125756	-0.000244017124203991	-0.000244716326858244	-1.21596446727672	-0.000245265746240703	-0.000245838176272275
192000	-1.20989377642211	-0.000240266923529727	-0.000240732648365174	-1.21541515492053	-0.00024191288061219	-0.000242462192968374
193000	-1.20853122491572	-0.000241730240273987	-0.000243092791780382	-1.21415786375555	-0.00024258880505164	-0.000243846096216621
194000	-1.20751811419704	-0.000240039011077219	-0.000241052121795901	-1.21351870284155	-0.000241055225557874	-0.000241694386471879
195000	-1.20656509873174	-0.000240511799646814	-0.00024146481511211	-1.21267078717825	-0.000241848129715846	-0.000242696045379141
196000	-1.20569572430032	-0.000243147749772569	-0.000244017124203991	-1.21196596564457	-0.000244560924707016	-0.000245265746240703
197000	-1.20489077968641	-0.000239461978915824	-0.000240266923529727	-1.2114780863702	-0.000241425001337829	-0.00024191288061219
198000	-1.20424781933965	-0.000241087279927222	-0.000241730240273987	-1.21073933750736	-0.000241850056188794	-0.00024258880505164
199000	-1.20359142719538	-0.000239382618932948	-0.000240039011077219	-1.21020351046182	-0.000240519398512335	-0.000241055225557874
200000	-1.20299042114839	-0.000239910793599828	-0.000240511799646814	-1.20997281532616	-0.000241617434580189	-0.000241848129715846
201000	-1.20226312409697	-0.000242420452721142	-0.000243147749772569	-1.20934130679082	-0.00024392941617167	-0.000244560924707016
202000	-1.2018720500883	-0.000239070904907154	-0.000239461978915824	-1.20900866912827	-0.000241092363675282	-0.000241425001337829
203000	-1.20117814523466	-0.000240393375073581	-0.000241087279927222	-1.20828522502274	-0.000241126612083268	-0.000241850056188794
204000	-1.20056654358645	-0.000238771017284742	-0.000239382618932948	-1.2076490073313	-0.000239883180820891	-0.000240519398512335
205000	-1.20013142826564	-0.000239475678279017	-0.000239910793599828	-1.20721795900894	-0.000241186386257827	-0.000241617434580189
206000	-1.1991967678065	-0.000241485792262	-0.000242420452721142	-1.20650511050463	-0.000243216567667362	-0.00024392941617167
207000	-1.1983057205544	-0.000238179857655054	-0.000239070904907154	-1.20598908331996	-0.000240576336490608	-0.000241092363675282
208000	-1.19753844918928	-0.000239626103708461	-0.000240393375073581	-1.20562535452454	-0.000240762883287847	-0.000241126612083268
209000	-1.19699320383154	-0.000238225771927007	-0.000238771017284742	-1.20499347139723	-0.000239251297693583	-0.000239883180820891
210000	-1.19655246963129	-0.000239034944078771	-0.000239475678279017	-1.20477454915182	-0.000240967464012415	-0.000241186386257827
211000	-1.19593878097073	-0.000240872103601434	-0.000241485792262	-1.20414614437844	-0.000242588162893991	-0.000243216567667362
212000	-1.19535864504736	-0.000237599721731686	-0.000238179857655054	-1.20367512174239	-0.000240105313854551	-0.000240576336490608
213000	-1.1948724781934	-0.000239139936854498	-0.000239626103708461	-1.20349232086477	-0.000240580082410232	-0.000240762883287847
214000	-1.19417225878953	-0.000237525552523145	-0.000238225771927007	-1.20325771927008	-0.000239016696098892	-0.000239251297693583
215000	-1.19318338952213	-0.000238046074811365	-0.000239034944078771	-1.20206721250067	-0.000239776957243002	-0.000240967464012415
216000	-1.19216011130733	-0.000239848825386632	-0.000240872103601434	-1.20124107668433	-0.000241762027077648	-0.000242588162893991
217000	-1.1917893722909	-0.000237228982715257	-0.000237599721731686	-1.20075833467116	-0.000239622571841387	-0.000240105313854551
218000	-1.19112885963504	-0.00023847942419864	-0.000239139936854498	-1.20044239310751	-0.000240264140846578	-0.000240580082410232
219000	-1.1903691336223	-0.000236765826510408	-0.000237525552523145	-1.20001653555948	-0.000238590838550864	-0.000239016696098892
220000	-1.18952293037941	-0.00023719987156847	-0.000238046074811365	-1.19914935516669	-0.000238909776850216	-0.000239776957243002
221000	-1.1885159201584	-0.000238841815165623	-0.000239848825386632	-1.19839701396693	-0.000241009685877883	-0.000241762027077648
222000	-1.18762155509178	-0.000236334617648633	-0.000237228982715257	-1.19789211751485	-0.000239117675389308	-0.000239622571841387
223000	-1.18684684540055	-0.000237704714507412	-0.00023847942419864	-1.19712045807246	-0.000239492481404184	-0.000240264140846578
224000	-1.18593685449778	-0.000235855835607642	-0.000236765826510408	-1.19647835393589	-0.000237948734414299	-0.000238590838550864
225000	-1.18503077005405	-0.000236293787124739	-0.00023719987156847	-1.19557194841334	-0.000238003371327661	-0.000238909776850216
226000	-1.18366061968213	-0.000237471664793706	-0.000238841815165623	-1.19457430299138	-0.000240012040455931	-0.000241009685877883
227000	-1.1824345266763	-0.000235108524642799	-0.000236334617648633	-1.19321196553754	-0.000237755337935463	-0.000239117675389308
228000	-1.18188409054423	-0.000237154278375341	-0.000237704714507412	-1.19282383475143	-0.000239104350618077	-0.000239492481404184
229000	-1.18122662813721	-0.000235198373200621	-0.000235855835607642	-1.19197120993204	-0.000237096109594905	-0.000237948734414299
230000	-1.18016102103066	-0.000235228180018194	-0.000236293787124739	-1.19092229892439	-0.000236954460320009	-0.000238003371327661
231000	-1.17945202547225	-0.000236762669235297	-0.000237471664793706	-1.19016680044951	-0.000239256541981057	-0.000240012040455931
232000	-1.17866217156312	-0.000234318670733665	-0.000235108524642799	-1.18976218761706	-0.000237350725103013	-0.000237755337935463
233000	-1.17803601434152	-0.000236528121153743	-0.000237154278375341	-1.18898539091347	-0.000238327553914486	-0.000239104350618077
234000	-1.17742997805961	-0.000234592336918714	-0.000235198373200621	-1.18849488949537	-0.000236605608176807	-0.000237096109594905
235000	-1.1768286509338	-0.000234626852892385	-0.000235228180018194	-1.18787750842832	-0.000236337079252957	-0.000236954460320009
236000	-1.17602161930754	-0.000235955637609033	-0.000236762669235297	-1.18718879434901	-0.00023856782790175	-0.000239256541981057
237000	-1.17537646492214	-0.000233673516348264	-0.000234318670733665	-1.18644576443517	-0.000236607695189168	-0.000237350725103013
238000	-1.1744637983625	-0.000235615454594103	-0.000236528121153743	-1.18570760421684	-0.000237589393696152	-0.000238327553914486
239000	-1.1741390806443	-0.000234267619200514	-0.000234592336918714	-1.18560946112271	-0.000236507465082678	-0.000236605608176807
240000	-1.17312891314818	-0.000233616685396265	-0.000234626852892385	-1.18484989564938	-0.000235577513779633	-0.000236337079252957
241000	-1.17279975383957	-0.000235626478300422	-0.000235955637609033	-1.18455246963129	-0.000238270401883662	-0.00023856782790175
242000	-1.17211714025793	-0.000232990902766628	-0.000233673516348264	-1.18389736180232	-0.000235952587360197	-0.000236607695189168
243000	-1.17158596885535	-0.000235084283191523	-0.000235615454594103	-1.18311719377107	-0.000236809225664901	-0.000237589393696152
244000	-1.17113661903997	-0.000233818269385134	-0.000234267619200514	-1.18267501471611	-0.00023606528602772	-0.000236507465082678
245000	-1.17035992936266	-0.000232839995718949	-0.000233616685396265	-1.18216214480655	-0.00023506464387007	-0.000235577513779633
246000	-1.16979541927543	-0.000235061968213196	-0.000235626478300422	-1.18192042596457	-0.000238028683041686	-0.000238270401883662
247000	-1.16931273077541	-0.000232508214266603	-0.000232990902766628	-1.1815387702681	-0.000235570931663724	-0.000235952587360197
248000	-1.1682915930861	-0.000234063145502221	-0.000235084283191523	-1.18085722694922	-0.000236127682346016	-0.000236809225664901
249000	-1.16762412372237	-0.000233150800021405	-0.000233818269385134	-1.17995408572805	-0.00023516214480655	-0.00023606528602772
250000	-1.16676828811473	-0.000231984160111307	-0.000232839995718949	-1.1794797987906	-0.000234590356932627	-0.00023506464387007
