Distance from Center (cmd=annotatePeaks.pl tss mm10 -size 500000 -hist 1000 -bedGraph /expanse/lustre/projects/csd940/ctea/homer/bwt2_bam/tags/ctrl_M1/tagdirs/tagdirs.DLR.bedGraph /expanse/lustre/projects/csd940/ctea/homer/bwt2_bam/tags/mut_M1/tagdirs/tagdirs.DLR.bedGraph)	/expanse/lustre/projects/csd940/ctea/homer/bwt2_bam/tags/ctrl_M1/tagdirs/tagdirs.DLR.bedGraph Coverage	/expanse/lustre/projects/csd940/ctea/homer/bwt2_bam/tags/ctrl_M1/tagdirs/tagdirs.DLR.bedGraph + Tags	/expanse/lustre/projects/csd940/ctea/homer/bwt2_bam/tags/ctrl_M1/tagdirs/tagdirs.DLR.bedGraph - Tags	/expanse/lustre/projects/csd940/ctea/homer/bwt2_bam/tags/mut_M1/tagdirs/tagdirs.DLR.bedGraph Coverage	/expanse/lustre/projects/csd940/ctea/homer/bwt2_bam/tags/mut_M1/tagdirs/tagdirs.DLR.bedGraph + Tags	/expanse/lustre/projects/csd940/ctea/homer/bwt2_bam/tags/mut_M1/tagdirs/tagdirs.DLR.bedGraph - Tags
-250000	-0.887680634129866	-0.000175186312589715	-0.000175397344422866	-0.872218821244617	-0.000172236489909651	-0.000172178987587605
-249000	-0.887621421937009	-0.000179156801486109	-0.000179216013678967	-0.872068458160939	-0.000175075360972725	-0.000175225724056405
-248000	-0.888087878915815	-0.00017254916406316	-0.000172082707084354	-0.872098391454868	-0.000169380119057672	-0.000169350185763743
-247000	-0.888226800641729	-0.000180657308114497	-0.000180518386388584	-0.872335577978553	-0.00017725612175969	-0.000177018935236004
-246000	-0.88816402094064	-0.000180614434687158	-0.000180677214388247	-0.872290340285401	-0.000178342248585663	-0.000178387486278814
-245000	-0.888220615553492	-0.000175242907202567	-0.000175186312589715	-0.872275268090855	-0.000172221417715106	-0.000172236489909651
-244000	-0.888133517689775	-0.000179069703622392	-0.000179156801486109	-0.872326965295955	-0.000175127058177827	-0.000175075360972725
-243000	-0.888649054293676	-0.000173064700667061	-0.00017254916406316	-0.872076838638858	-0.000169129992400574	-0.000169380119057672
-242000	-0.888947373976189	-0.000180955627797011	-0.000180657308114497	-0.872282318669256	-0.000177461601790088	-0.00017725612175969
-241000	-0.8885701047032	-0.00018023716541417	-0.000180614434687158	-0.872435573756649	-0.000178495503673056	-0.000178342248585663
-240000	-0.888635122013003	-0.00017530792451237	-0.000175242907202567	-0.872378620282023	-0.00017216446424048	-0.000172221417715106
-239000	-0.888740754031918	-0.000179175335641307	-0.000179069703622392	-0.872184264966647	-0.000174932702862451	-0.000175127058177827
-238000	-0.88834374736131	-0.000172667693996453	-0.000173064700667061	-0.872436713670523	-0.00016938244110445	-0.000169129992400574
-237000	-0.888452208055391	-0.000181064088491091	-0.000180955627797011	-0.872646774465929	-0.000177671662585493	-0.000177461601790088
-236000	-0.889162374398379	-0.000180947331757157	-0.00018023716541417	-0.872511019167441	-0.000178359748374567	-0.000178495503673056
-235000	-0.889688866841172	-0.000175834416955164	-0.00017530792451237	-0.872927277716795	-0.000172580722789834	-0.00017216446424048
-234000	-0.890195030819894	-0.000179681499620029	-0.000179175335641307	-0.873246200287089	-0.000175251625432746	-0.000174932702862451
-233000	-0.890016972051001	-0.000172489635227559	-0.000172667693996453	-0.873165160854513	-0.000169301401671873	-0.00016938244110445
-232000	-0.89057027357933	-0.00018161739001942	-0.000181064088491091	-0.873454910073461	-0.000177961411804441	-0.000177671662585493
-231000	-0.89072608291818	-0.000181103141096007	-0.000180947331757157	-0.873630583467027	-0.000178535421768132	-0.000178359748374567
-230000	-0.891077366376763	-0.000176185700413746	-0.000175834416955164	-0.873847737059867	-0.000172797876382674	-0.000172580722789834
-229000	-0.891597209321962	-0.000180201342565229	-0.000179681499620029	-0.874050726167356	-0.000175454614540235	-0.000175251625432746
-228000	-0.891567655999325	-0.000172460081904923	-0.000172489635227559	-0.874399096512708	-0.000169649772017225	-0.000169301401671873
-227000	-0.891230558135608	-0.000181280292155703	-0.00018161739001942	-0.874054483661235	-0.000177616798952967	-0.000177961411804441
-226000	-0.891883285485097	-0.000181755868445496	-0.000181103141096007	-0.874304293675589	-0.000178785231782487	-0.000178535421768132
-225000	-0.892545976526218	-0.000176848391454867	-0.000176185700413746	-0.874835936840328	-0.000173329519547413	-0.000172797876382674
-224000	-0.892379211348476	-0.000180034577387487	-0.000180201342565229	-0.875090749810014	-0.000175709427509922	-0.000175454614540235
-223000	-0.891605336485688	-0.000171686207042134	-0.000172460081904923	-0.874718652368488	-0.000169277674575699	-0.000169649772017225
-222000	-0.891267288693743	-0.000180942244363759	-0.000181280292155703	-0.874353626614878	-0.000177251773199358	-0.000177616798952967
-221000	-0.891427024402601	-0.000181915604154353	-0.000181755868445496	-0.874828527400152	-0.000179260132567762	-0.000178785231782487
-220000	-0.891757958287596	-0.000177179325339862	-0.000176848391454867	-0.87512279405556	-0.000173623786202819	-0.000173329519547413
-219000	-0.891898822088998	-0.000180175441188889	-0.000180034577387487	-0.875275415857469	-0.00017586204931183	-0.000175709427509922
-218000	-0.892657118128853	-0.00017244450308199	-0.000171686207042134	-0.87557947732838	-0.00016958173604661	-0.000169277674575699
-217000	-0.892683927214388	-0.000180969053449294	-0.000180942244363759	-0.875875601621211	-0.000177547897492189	-0.000177251773199358
-216000	-0.892619944270877	-0.000181851621210841	-0.000181915604154353	-0.875496622477413	-0.000178881153423964	-0.000179260132567762
-215000	-0.892235983281263	-0.000176795364350249	-0.000177179325339862	-0.875331060542092	-0.000173458224267499	-0.000173623786202819
-214000	-0.892146795575445	-0.00018008625348307	-0.000180175441188889	-0.875590053195981	-0.000176121041965718	-0.00017586204931183
-213000	-0.892379971291058	-0.000172677678797602	-0.00017244450308199	-0.875802161614456	-0.000169793844465084	-0.00016958173604661
-212000	-0.892280735455543	-0.00018086981761378	-0.000180969053449294	-0.875619120999747	-0.00017736485687748	-0.000177547897492189
-211000	-0.891517795322131	-0.00018108868107743	-0.000181851621210841	-0.8754348560331	-0.000178696888457318	-0.000178881153423964
-210000	-0.891380203495736	-0.000176657772523853	-0.000176795364350249	-0.875131828928481	-0.00017315519716288	-0.000173458224267499
-209000	-0.891150067550452	-0.000179856117537786	-0.00018008625348307	-0.87484870809761	-0.000175837921134848	-0.000176121041965718
-208000	-0.890939985645529	-0.00017246759689268	-0.000172677678797602	-0.874715697036224	-0.000169660833403698	-0.000169793844465084
-207000	-0.890921810352107	-0.000180851642320359	-0.00018086981761378	-0.874898442117707	-0.000177547601958963	-0.00017736485687748
-206000	-0.890975470742211	-0.000181142341467534	-0.00018108868107743	-0.874539664780883	-0.000178338111120493	-0.000178696888457318
-205000	-0.890462530608798	-0.000176144832390443	-0.000176657772523853	-0.873792282360888	-0.000172407814742887	-0.00017315519716288
-204000	-0.890248184581609	-0.000179641771510597	-0.000179856117537786	-0.873514861099384	-0.000175560499873342	-0.000175837921134848
-203000	-0.889854449886009	-0.000172073862197078	-0.00017246759689268	-0.872952123617327	-0.000169098095921642	-0.000169660833403698
-202000	-0.890229460440767	-0.000181226652875116	-0.000180851642320359	-0.873129485772186	-0.000177724964113823	-0.000177547601958963
-201000	-0.889857067466014	-0.000180769948492781	-0.000181142341467534	-0.873047559739931	-0.000178256185088239	-0.000178338111120493
-200000	-0.8892549607363	-0.000175542725660728	-0.000176144832390443	-0.873065080638352	-0.000172425335641308	-0.000172407814742887
-199000	-0.889516064341805	-0.000179902875116103	-0.000179641771510597	-0.872974795237693	-0.000175470214472684	-0.000175560499873342
-198000	-0.889632293337837	-0.00017219009119311	-0.000172073862197078	-0.872905978214979	-0.000169029278898928	-0.000169098095921642
-197000	-0.889770011821329	-0.000181364371358609	-0.000181226652875116	-0.872843536266149	-0.000177662522164993	-0.000177724964113823
-196000	-0.889917145149033	-0.000180917081820483	-0.000180769948492781	-0.873010744743731	-0.000178423393565819	-0.000178256185088239
-195000	-0.890415519716288	-0.000176041100227981	-0.000175542725660728	-0.873226547327535	-0.000172641138225113	-0.000172425335641308
-194000	-0.89101118804357	-0.000180498543443384	-0.000179902875116103	-0.873699168285063	-0.000175942835430212	-0.000175470214472684
-193000	-0.890460166342987	-0.000171639069492526	-0.00017219009119311	-0.873322046778688	-0.000168652157392553	-0.000169029278898928
-192000	-0.890647977708351	-0.000181552182723972	-0.000181364371358609	-0.873489719665625	-0.000177830195051929	-0.000177662522164993
-191000	-0.890629506881702	-0.000180898610993836	-0.000180917081820483	-0.87349575698725	-0.000178429430887445	-0.000178423393565819
-190000	-0.8910616186777	-0.000176473212023981	-0.000176041100227981	-0.873948746094739	-0.000173094127332602	-0.000172641138225113
-189000	-0.89096020856202	-0.000180397133327705	-0.000180498543443384	-0.87372464747108	-0.000175718736806553	-0.000175942835430212
-188000	-0.890850481296969	-0.000171529342227476	-0.000171639069492526	-0.87356911255594	-0.000168496622477413	-0.000168652157392553
-187000	-0.890613104787638	-0.000181314806214641	-0.000181552182723972	-0.873476652875116	-0.000177737735371105	-0.000177830195051929
-186000	-0.890309296630921	-0.000180594802837119	-0.000180898610993836	-0.873005868445495	-0.000177958646457821	-0.000178429430887445
-185000	-0.890469771172845	-0.000176633686565903	-0.000176473212023981	-0.872744997044668	-0.000172833255931773	-0.000173094127332602
-184000	-0.890296842016381	-0.000180224204171241	-0.000180397133327705	-0.872669509414844	-0.000175643249176729	-0.000175718736806553
-183000	-0.890448492780545	-0.000171680992991641	-0.000171529342227476	-0.872937368065524	-0.000168764481128093	-0.000168496622477413
-182000	-0.890259583720341	-0.000181125897154437	-0.000181314806214641	-0.872706809929916	-0.000177507177235498	-0.000177737735371105
-181000	-0.889913809845478	-0.000180249028962257	-0.000180594802837119	-0.872193743139407	-0.000177445579667314	-0.000177958646457821
-180000	-0.88993088744406	-0.000176650764164485	-0.000176633686565903	-0.872204867854429	-0.000172844380646795	-0.000172833255931773
-179000	-0.889812146415604	-0.000180105463142784	-0.000180224204171241	-0.872586021278392	-0.000176024402600693	-0.000175643249176729
-178000	-0.890260428100988	-0.000172129274677025	-0.000171680992991641	-0.872768935236004	-0.000168947395085705	-0.000168764481128093
-177000	-0.889893671367052	-0.000180759140420503	-0.000181125897154437	-0.872339842100819	-0.000177078084100313	-0.000177507177235498
-176000	-0.889501942075488	-0.000179857299670692	-0.000180249028962257	-0.872111289369248	-0.000177217026935743	-0.000177445579667314
-175000	-0.88946924343494	-0.000176618065523938	-0.000176650764164485	-0.872155070505784	-0.000172888161783332	-0.000172844380646795
-174000	-0.889546863125897	-0.000180183082833742	-0.000180105463142784	-0.872331630499029	-0.000176200962593938	-0.000176024402600693
-173000	-0.889790530271046	-0.000172372941822173	-0.000172129274677025	-0.87247321202398	-0.000169088976610657	-0.000168947395085705
-172000	-0.889950878155873	-0.000180919488305327	-0.000180759140420503	-0.872655239381913	-0.000177260111458245	-0.000177078084100313
-171000	-0.889676855526471	-0.00017958327704129	-0.000179857299670692	-0.87256928143207	-0.000177131068985899	-0.000177217026935743
-170000	-0.889995968082412	-0.00017693717807988	-0.000176618065523938	-0.873287997129106	-0.000173606877480369	-0.000172888161783332
-169000	-0.889984315629486	-0.000180171430380815	-0.000180183082833742	-0.873314257367221	-0.000176227222832054	-0.000176200962593938
-168000	-0.890419277210166	-0.000172807903402854	-0.000172372941822173	-0.873868382166681	-0.000169643101410116	-0.000169088976610657
-167000	-0.890544942159926	-0.000181045153255087	-0.000180919488305327	-0.873923857975175	-0.00017731558726674	-0.000177260111458245
-166000	-0.890587731149202	-0.000179626066030568	-0.00017958327704129	-0.873600375749388	-0.000176807586760112	-0.000177131068985899
-165000	-0.890811766444313	-0.000177161213374989	-0.00017693717807988	-0.873885079793971	-0.000173891581524953	-0.000173606877480369
-164000	-0.891403677277717	-0.000180763341214218	-0.000180171430380815	-0.874399729798193	-0.000176741872836276	-0.000176227222832054
-163000	-0.891821561259816	-0.000173225787384953	-0.000172807903402854	-0.874585746854682	-0.000169829118466604	-0.000169643101410116
-162000	-0.892145676771088	-0.000181369268766359	-0.000181045153255087	-0.8749716710293	-0.000177701511441358	-0.00017731558726674
-161000	-0.892220383348814	-0.000179700772608293	-0.000179626066030568	-0.875297981930254	-0.000177133897661065	-0.000176807586760112
-160000	-0.89269091446424	-0.000177631744490416	-0.000177161213374989	-0.875740395170143	-0.00017433399476484	-0.000173891581524953
-159000	-0.892699653803935	-0.000180772080553913	-0.000180763341214218	-0.875608460694081	-0.000176609938360213	-0.000176741872836276
-158000	-0.892955290044752	-0.000173481423625771	-0.000173225787384953	-0.87577932111796	-0.000169999978890484	-0.000169829118466604
-157000	-0.893236215485941	-0.000181650194207549	-0.000181369268766359	-0.876206366630077	-0.000178128556953475	-0.000177701511441358
-156000	-0.893324031073208	-0.000179788588195559	-0.000179700772608293	-0.876397069999156	-0.000177324601030144	-0.000177133897661065
-155000	-0.893758464915984	-0.000178066178333193	-0.000177631744490416	-0.876222853162205	-0.000174159777927891	-0.00017433399476484
-154000	-0.893617390019421	-0.00018063100565735	-0.000180772080553913	-0.876111373807312	-0.00017649845900532	-0.000176609938360213
-153000	-0.894240732922401	-0.000174104766528751	-0.000173481423625771	-0.876898463227223	-0.000170787068310394	-0.000169999978890484
-152000	-0.894651165245293	-0.000182060626530439	-0.000181650194207549	-0.877172971375496	-0.000178403065101748	-0.000178128556953475
-151000	-0.89501361563793	-0.000180151038588196	-0.000179788588195559	-0.877486426581103	-0.00017763805623575	-0.000177324601030144
-150000	-0.894591910833404	-0.000177644473528667	-0.000178066178333193	-0.87711105716457	-0.000173784408511356	-0.000174159777927891
-149000	-0.893698640547159	-0.000179737735371104	-0.00018063100565735	-0.876958013172338	-0.000176345415013088	-0.00017649845900532
-148000	-0.894090433167272	-0.000174496559148864	-0.000174104766528751	-0.8770984336739	-0.000170927488811957	-0.000170787068310394
-147000	-0.894183631681162	-0.00018215382504433	-0.000182060626530439	-0.877250401080807	-0.000178555032508655	-0.000178403065101748
-146000	-0.894550346196065	-0.0001805177531031	-0.000180151038588196	-0.87729717976864	-0.000177684834923584	-0.00017763805623575
-145000	-0.894777357932956	-0.000177871485265557	-0.000177644473528667	-0.877119902051845	-0.000173607130794562	-0.000173784408511356
-144000	-0.895677974330828	-0.000180638351768978	-0.000179737735371104	-0.877140483830111	-0.000176365996791353	-0.000176345415013088
-143000	-0.895577239719666	-0.000174395824537701	-0.000174496559148864	-0.877134003208646	-0.000170921008190492	-0.000170927488811957
-142000	-0.895641687072532	-0.000182218272397196	-0.00018215382504433	-0.877165435278223	-0.000178586464578232	-0.000178555032508655
-141000	-0.895825656505953	-0.00018070172253652	-0.0001805177531031	-0.876824643249177	-0.000177344042894536	-0.000177684834923584
-140000	-0.895814932871739	-0.000177860761631344	-0.000177871485265557	-0.877142700329308	-0.000173925187874694	-0.000173607130794562
-139000	-0.89602182723972	-0.000180845246136959	-0.000180638351768978	-0.877177995440344	-0.000176401291902389	-0.000176365996791353
-138000	-0.896005995102592	-0.000174379992400574	-0.000174395824537701	-0.877012201300346	-0.000170755214050494	-0.000170921008190492
-137000	-0.896096660474542	-0.000182308937769145	-0.000182218272397196	-0.877147851051254	-0.00017872211432914	-0.000178586464578232
-136000	-0.895856455290045	-0.000180461517352023	-0.00018070172253652	-0.876762834585831	-0.000176959026429114	-0.000177344042894536
-135000	-0.895746326944186	-0.000177750633285486	-0.000177860761631344	-0.876649075403192	-0.000173811428692053	-0.000173925187874694
-134000	-0.895997424639027	-0.0001810963438318	-0.000180845246136959	-0.876669340538715	-0.000176421557037912	-0.000176401291902389
-133000	-0.896209554167019	-0.000174592121928565	-0.000174379992400574	-0.876400004221903	-0.000170485877733683	-0.000170755214050494
-132000	-0.896875327197501	-0.000182974710799628	-0.000182308937769145	-0.876424702355822	-0.000178746812463058	-0.00017872211432914
-131000	-0.897011166934054	-0.000180597357088575	-0.000180461517352023	-0.876798488558642	-0.000177332812631935	-0.000176959026429114
-130000	-0.897092375242759	-0.00017783184159419	-0.000177750633285486	-0.876660474541924	-0.000173673414675336	-0.000173811428692053
-129000	-0.896794646626699	-0.000180798615215739	-0.0001810963438318	-0.876790129190239	-0.000176551211686227	-0.000176421557037912
-128000	-0.896899624250612	-0.000174697099552479	-0.000174592121928565	-0.876933019505193	-0.000170628768048637	-0.000170485877733683
-127000	-0.897155556024656	-0.000183230642573673	-0.000182974710799628	-0.877005404036139	-0.000178819196994005	-0.000178746812463058
-126000	-0.89688100565735	-0.00018032280672127	-0.000180597357088575	-0.877105083171494	-0.000177432491767288	-0.000177332812631935
-125000	-0.897128113653635	-0.000178078949590475	-0.00017783184159419	-0.877292240141856	-0.000173860571645698	-0.000173673414675336
-124000	-0.897271742801655	-0.000180942244363759	-0.000180798615215739	-0.87726587435616	-0.000176524845900531	-0.000176551211686227
-123000	-0.897637317402685	-0.000175062674153508	-0.000174697099552479	-0.877459195305244	-0.00017082208899772	-0.000170628768048637
-122000	-0.89745706324411	-0.000183050388415097	-0.000183230642573673	-0.877438887950688	-0.000178798889639449	-0.000178819196994005
-121000	-0.897710250781052	-0.000180575994258212	-0.00018032280672127	-0.87782253229756	-0.00017781613611416	-0.000177432491767288
-120000	-0.897789706999916	-0.000178158405809338	-0.000178078949590475	-0.878129316896057	-0.000174167356244194	-0.000173860571645698
-119000	-0.897447732837963	-0.000180600270201806	-0.000180942244363759	-0.877946656252639	-0.000176342185257114	-0.000176524845900531
-118000	-0.897454150130879	-0.000175069091446424	-0.000175062674153508	-0.87793441273326	-0.000170809845478341	-0.00017082208899772
-117000	-0.897392151481888	-0.000182988389766107	-0.000183050388415097	-0.87794234991134	-0.00017880682681753	-0.000178798889639449
-116000	-0.897635459765262	-0.000180819302541585	-0.000180575994258212	-0.877910284556278	-0.000177784070759098	-0.00017781613611416
-115000	-0.897719813391877	-0.000178242759435952	-0.000178158405809338	-0.878198746094739	-0.000174455817782657	-0.000174167356244194
-114000	-0.897731360297222	-0.000180611817107152	-0.000180600270201806	-0.878113294773284	-0.000176256733935659	-0.000176342185257114
-113000	-0.897903529511104	-0.000175241260660306	-0.000175069091446424	-0.878324009963692	-0.000171020560668749	-0.000170809845478341
-112000	-0.898286498353458	-0.000183371358608461	-0.000182988389766107	-0.878955986658786	-0.000179438803512623	-0.00017880682681753
-111000	-0.898621084184751	-0.000181153888372878	-0.000180819302541585	-0.879248860086127	-0.000178076944186439	-0.000177784070759098
-110000	-0.898681204086802	-0.000178302879338006	-0.000178242759435952	-0.879492738326438	-0.000174699696022968	-0.000174455817782657
-109000	-0.898650278645613	-0.000180580891665963	-0.000180611817107152	-0.879221565481719	-0.000175985561090941	-0.000176256733935659
-108000	-0.898698239466351	-0.000175289221481044	-0.000175241260660306	-0.878865279067804	-0.000170664274254834	-0.000171020560668749
-107000	-0.898775141433758	-0.000183448260575867	-0.000183371358608461	-0.878998247910158	-0.000179571772354977	-0.000179438803512623
-106000	-0.898999535590644	-0.000181378282529764	-0.000181153888372878	-0.878947162881027	-0.00017802585915731	-0.000178076944186439
-105000	-0.899522038334881	-0.000178825382082242	-0.000178302879338006	-0.879152431816263	-0.000174904964958203	-0.000174699696022968
-104000	-0.89924729798193	-0.000180306151313012	-0.000180580891665963	-0.878972557628979	-0.000175805686903657	-0.000175985561090941
-103000	-0.899783880773453	-0.000175825804272566	-0.000175289221481044	-0.879792451237018	-0.000171484167862872	-0.000170664274254834
-102000	-0.899873258464916	-0.000183537638267331	-0.000183448260575867	-0.879999641138225	-0.000179778962256185	-0.000179571772354977
-101000	-0.90010466098117	-0.000181609685046019	-0.000181378282529764	-0.880053364856877	-0.000178079582875961	-0.00017802585915731
-100000	-0.900152157392553	-0.000178872878493626	-0.000178825382082242	-0.879967533564131	-0.000174819133665456	-0.000174904964958203
-99000	-0.900208477581694	-0.000180362471502153	-0.000180306151313012	-0.880255488474204	-0.000176093641813729	-0.000175805686903657
-98000	-0.900611690450055	-0.000176229017140927	-0.000175825804272566	-0.880690175631175	-0.000171918855019843	-0.000171484167862872
-97000	-0.90078356413071	-0.000183709511947985	-0.000183537638267331	-0.880449041627966	-0.000179537828252977	-0.000179778962256185
-96000	-0.900571075740944	-0.000181397196656252	-0.000181609685046019	-0.880043105632019	-0.000177673646880013	-0.000178079582875961
-95000	-0.90085763742295	-0.00017915944017563	-0.000178872878493626	-0.880002132061133	-0.000174778160094572	-0.000174819133665456
-94000	-0.901686460356329	-0.000181191294435531	-0.000180362471502153	-0.880523157139238	-0.000176614666891834	-0.000176093641813729
-93000	-0.901777189056827	-0.000176319745841425	-0.000176229017140927	-0.88043116186777	-0.000171826859748374	-0.000171918855019843
-92000	-0.902192518787469	-0.000184124841678628	-0.000183709511947985	-0.88064616228996	-0.000179752828675166	-0.000179537828252977
-91000	-0.90200667060711	-0.000181211348475894	-0.000181397196656252	-0.880522756058431	-0.000177550240648485	-0.000177673646880013
-90000	-0.902169129443553	-0.000179321899012075	-0.00017915944017563	-0.880858608460694	-0.000175114012496834	-0.000174778160094572
-89000	-0.902745567001604	-0.000181767731993581	-0.000181191294435531	-0.881177024402601	-0.000176933082833742	-0.000176614666891834
-88000	-0.901801486109938	-0.00017537566494976	-0.000176319745841425	-0.88085708857553	-0.000171506923921305	-0.000171826859748374
-87000	-0.902095879422444	-0.000184419234991133	-0.000184124841678628	-0.881019948492781	-0.000179915688592418	-0.000179752828675166
-86000	-0.902537574938782	-0.000181653043992231	-0.000181211348475894	-0.881606624166174	-0.000178136916321878	-0.000177550240648485
-85000	-0.902753377522587	-0.00017953770159588	-0.000179321899012075	-0.881527906780377	-0.000175035295111035	-0.000175114012496834
-84000	-0.902733471248839	-0.000181747825719834	-0.000181767731993581	-0.881779848855864	-0.000177185024909229	-0.000176933082833742
-83000	-0.903128155872667	-0.000175770349573587	-0.00017537566494976	-0.882008823777759	-0.000171735898843198	-0.000171506923921305
-82000	-0.903300641729292	-0.000184591720847758	-0.000184419234991133	-0.882118023304906	-0.000180024888119564	-0.000179915688592418
-81000	-0.903475386304146	-0.000181827788567086	-0.000181653043992231	-0.882333044836612	-0.000178351937853583	-0.000178136916321878
-80000	-0.903196719581187	-0.000179259034872921	-0.00017953770159588	-0.882442962087309	-0.000175145212361733	-0.000175035295111035
-79000	-0.902502786456134	-0.000181053892594782	-0.000181747825719834	-0.882407540319176	-0.000177149603141097	-0.000177185024909229
-78000	-0.902069070336908	-0.00017533663345436	-0.000175770349573587	-0.882036413915393	-0.000171364772439416	-0.000171735898843198
-77000	-0.902024465929241	-0.000184547116440092	-0.000184591720847758	-0.882349826901967	-0.000180338301106139	-0.000180024888119564
-76000	-0.902030439922317	-0.000181833762560163	-0.000181827788567086	-0.882176074474373	-0.00017817818542599	-0.000178351937853583
-75000	-0.901809381068986	-0.000179037976019589	-0.000179259034872921	-0.881608819555856	-0.000174577957443215	-0.000175145212361733
-74000	-0.902536920543781	-0.000181781432069577	-0.000181053892594782	-0.88190906020434	-0.000177449843789581	-0.000177149603141097
-73000	-0.902949801570548	-0.000175749514481128	-0.00017533663345436	-0.882410200118213	-0.000171865912353289	-0.000171364772439416
-72000	-0.902738220889977	-0.000184335535759521	-0.000184547116440092	-0.8823732373554	-0.000180301338343325	-0.000180338301106139
-71000	-0.902597504855189	-0.000181693046525374	-0.000181833762560163	-0.882565355062062	-0.000178370303132653	-0.00017817818542599
-70000	-0.902630287933801	-0.000179070759098202	-0.000179037976019589	-0.882878219201216	-0.00017489082158237	-0.000174577957443215
-69000	-0.902661804441442	-0.000181812948577219	-0.000181781432069577	-0.882576078696276	-0.00017714770328464	-0.000177449843789581
-68000	-0.902430866334544	-0.00017551857637423	-0.000175749514481128	-0.882761040276957	-0.000172050873933969	-0.000171865912353289
-67000	-0.902626256016212	-0.000184530925441189	-0.000184335535759521	-0.882867664443131	-0.000180407962509498	-0.000180301338343325
-66000	-0.902062188634636	-0.000181128979143799	-0.000181693046525374	-0.882293337836697	-0.000177795976526218	-0.000178370303132653
-65000	-0.902485202229165	-0.000179493772692729	-0.000179070759098202	-0.882347019336317	-0.000174944503081989	-0.00017489082158237
-64000	-0.902953179093135	-0.000182280925441188	-0.000181812948577219	-0.882641708182048	-0.000177442392130373	-0.00017714770328464
-63000	-0.903170374905007	-0.000175735772186101	-0.00017551857637423	-0.88262097863717	-0.000172030144389091	-0.000172050873933969
-62000	-0.903400130879	-0.000184760681415182	-0.000184530925441189	-0.883044182217344	-0.000180831166089673	-0.000180407962509498
-61000	-0.902863273663768	-0.000180592121928565	-0.000181128979143799	-0.883098665878578	-0.000177850460187452	-0.000177795976526218
-60000	-0.903517077598581	-0.000180147576627544	-0.000179493772692729	-0.883945474119733	-0.000175791311323145	-0.000174944503081989
-59000	-0.903989888541755	-0.000182753736384364	-0.000182280925441188	-0.884295343240733	-0.000177792261251373	-0.000177442392130373
-58000	-0.904496516929832	-0.00017624240057418	-0.000175735772186101	-0.884844887275184	-0.000172579688423541	-0.000172030144389091
-57000	-0.904785147344423	-0.000185049311829773	-0.000184760681415182	-0.885270244026007	-0.000181256522840497	-0.000180831166089673
-56000	-0.9056048298573	-0.000181411804441443	-0.000180592121928565	-0.885273579329562	-0.000177853795491007	-0.000177850460187452
-55000	-0.906184623828422	-0.000180727370598667	-0.000180147576627544	-0.886276112471502	-0.000176793844465085	-0.000175791311323145
-54000	-0.906543063412987	-0.000183112175968926	-0.000182753736384364	-0.886786202820231	-0.0001783023516001	-0.000177792261251373
-53000	-0.90687296293169	-0.000176572300092882	-0.00017624240057418	-0.887360107236342	-0.000173153592839653	-0.000172579688423541
-52000	-0.907159545723212	-0.000185335894621296	-0.000185049311829773	-0.88753202313603	-0.000181428438740184	-0.000181256522840497
-51000	-0.907956767710884	-0.000182209026429115	-0.000181411804441443	-0.888343684032762	-0.000178665456387739	-0.000177853795491007
-50000	-0.908686354808748	-0.00018145695769653	-0.000180727370598667	-0.889042873427341	-0.000177493033859662	-0.000176793844465085
-49000	-0.908819070336908	-0.000183244891497086	-0.000183112175968926	-0.888562737482057	-0.000177822215654817	-0.0001783023516001
-48000	-0.90962494722621	-0.000177378176982184	-0.000176572300092882	-0.888764333361479	-0.000173355188719075	-0.000173153592839653
-47000	-0.910263868952124	-0.000185974816347209	-0.000185335894621296	-0.889409102423372	-0.000182073207802078	-0.000181428438740184
-46000	-0.910862724816347	-0.000182807882293338	-0.000182209026429115	-0.889581398294351	-0.000178837752258719	-0.000178665456387739
-45000	-0.911638879506882	-0.000182233112387065	-0.00018145695769653	-0.890224710799629	-0.000178136346364942	-0.000177493033859662
-44000	-0.911405872667398	-0.000183011884657604	-0.000183244891497086	-0.890248079034029	-0.000177845583889217	-0.000177822215654817
-43000	-0.912403487292071	-0.000178375791606856	-0.000177378176982184	-0.8907967364688	-0.000173903846153846	-0.000173355188719075
-42000	-0.912581609389513	-0.000186152938444651	-0.000185974816347209	-0.890876066030567	-0.000182152537363844	-0.000182073207802078
-41000	-0.912684961580681	-0.000182911234484505	-0.000182807882293338	-0.891156484843367	-0.000179118171071519	-0.000178837752258719
-40000	-0.913347293760027	-0.000182895444566411	-0.000182233112387065	-0.891499408933547	-0.000178479270455121	-0.000178136346364942
-39000	-0.913472367643334	-0.000183136958540911	-0.000183011884657604	-0.891543274508148	-0.000177889449463819	-0.000177845583889217
-38000	-0.914568964789327	-0.000179472388752851	-0.000178375791606856	-0.892623532888626	-0.000174984104534325	-0.000173903846153846
-37000	-0.915163429874187	-0.000186747403529511	-0.000186152938444651	-0.893055961327366	-0.000182584965802583	-0.000182152537363844
-36000	-0.915353711052943	-0.000183101515663261	-0.000182911234484505	-0.893234505615131	-0.000179296715359283	-0.000179118171071519
-35000	-0.91529078358524	-0.000182832517098709	-0.000182895444566411	-0.893386916321878	-0.000178631681161869	-0.000178479270455121
-34000	-0.915362344845056	-0.000183208519800725	-0.000183136958540911	-0.893881913366546	-0.000178384446508486	-0.000177889449463819
-33000	-0.915864181372963	-0.000179974225280758	-0.000179472388752851	-0.894609706155535	-0.000175711897323314	-0.000174984104534325
-32000	-0.916511969095668	-0.000187395191252216	-0.000186747403529511	-0.895233175715613	-0.000183208435362662	-0.000182584965802583
-31000	-0.9166734991134	-0.000183263045680993	-0.000183101515663261	-0.896199949337161	-0.000180263488980832	-0.000179296715359283
-30000	-0.916841066452757	-0.000183000084438064	-0.000182832517098709	-0.896042387908469	-0.000178474119733176	-0.000178631681161869
-29000	-0.917565460609643	-0.000183932913957612	-0.000183208519800725	-0.896810710968505	-0.000179152769568521	-0.000178384446508486
-28000	-0.918744511525796	-0.00018115327619691	-0.000179974225280758	-0.898076247572406	-0.000176977433927213	-0.000175711897323314
-27000	-0.919522587182302	-0.000188173266908722	-0.000187395191252216	-0.898509837034535	-0.000183642024824791	-0.000183208435362662
-26000	-0.919828527400152	-0.000183568985898842	-0.000183263045680993	-0.898321561259816	-0.000180075213206113	-0.000180263488980832
-25000	-0.920088997720172	-0.000183260554758084	-0.000183000084438064	-0.898283627459259	-0.000178436185932618	-0.000178474119733176
-24000	-0.9209751963185	-0.00018481911255594	-0.000183932913957612	-0.898811808663345	-0.000179680950772608	-0.000179152769568521
-23000	-0.921825572067888	-0.000182003651946298	-0.00018115327619691	-0.899389512792367	-0.000177555138056235	-0.000176977433927213
-22000	-0.922649624250612	-0.000188997319091446	-0.000188173266908722	-0.899673900194208	-0.000183926412226631	-0.000183642024824791
-21000	-0.924183716119227	-0.000185103077767458	-0.000183568985898842	-0.900719771172845	-0.000181121084184751	-0.000180075213206113
-20000	-0.924566621633032	-0.00018364346027189	-0.000183260554758084	-0.900823165583045	-0.00017853958034282	-0.000178436185932618
-19000	-0.925280271046188	-0.000185532761969095	-0.00018481911255594	-0.901391328210757	-0.000180249113400321	-0.000179680950772608
-18000	-0.926291416870725	-0.000183014797770835	-0.000182003651946298	-0.90171291058009	-0.000177876720425568	-0.000177555138056235
-17000	-0.927173900194208	-0.000189879802414929	-0.000188997319091446	-0.902789981423626	-0.000185003483070169	-0.000183926412226631
-16000	-0.928155112724816	-0.000186084290298067	-0.000185103077767458	-0.903243181626277	-0.000181574284387402	-0.000181121084184751
-15000	-0.929219707844296	-0.000184708055391371	-0.00018364346027189	-0.904048636325255	-0.000179345035041796	-0.00017853958034282
-14000	-0.930961454023474	-0.000187274508148273	-0.000185532761969095	-0.905018829688424	-0.00018121930676349	-0.000180249113400321
-13000	-0.931542430127501	-0.000183595773874864	-0.000183014797770835	-0.904855547580849	-0.000177713438317994	-0.000177876720425568
-12000	-0.933019990711813	-0.000191357362999239	-0.000189879802414929	-0.905270096259394	-0.000185418031748712	-0.000185003483070169
-11000	-0.93375667060711	-0.000186820970193364	-0.000186084290298067	-0.90535257113907	-0.000181656759267079	-0.000181574284387402
-10000	-0.93341627965887	-0.000184367664443131	-0.000184708055391371	-0.904231275859157	-0.000178223739761885	-0.000179345035041796
-9000	-0.933689120155366	-0.00018754734864477	-0.000187274508148273	-0.903689120155366	-0.000180677151059698	-0.00018121930676349
-8000	-0.933395465675927	-0.000183302119395424	-0.000183595773874864	-0.90272536519463	-0.000176749683357257	-0.000177713438317994
-7000	-0.933363083678122	-0.000191324981001435	-0.000191357362999239	-0.901832263784514	-0.000184524930338597	-0.000185418031748712
-6000	-0.934428607616313	-0.000187886494131554	-0.000186820970193364	-0.90163415097526	-0.000181458646457822	-0.000181656759267079
-5000	-0.935488875284978	-0.000185427932111795	-0.000184367664443131	-0.901969454530102	-0.000178559043316728	-0.000178223739761885
-4000	-0.936457590982015	-0.000188516064341805	-0.00018754734864477	-0.902162606603057	-0.000180870303132653	-0.000180677151059698
-3000	-0.93651047032002	-0.00018335499873343	-0.000183302119395424	-0.901850122435194	-0.000176437199189395	-0.000176749683357257
-2000	-0.936875960482986	-0.000191690471164402	-0.000191324981001435	-0.902096787131639	-0.000184771595035042	-0.000184524930338597
-1000	-0.937387570716879	-0.000188398104365448	-0.000187886494131554	-0.902458815333953	-0.000181820674660138	-0.000181458646457822
0	-0.937200202651355	-0.000185240564046272	-0.000185427932111795	-0.902280735455543	-0.000178380963438318	-0.000178559043316728
1000	-0.936995651439669	-0.000188311513130118	-0.000188516064341805	-0.902213332770413	-0.000180802900447522	-0.000180870303132653
2000	-0.937170417124039	-0.0001835297644178	-0.00018335499873343	-0.902282740859579	-0.000176506607278562	-0.000176437199189395
3000	-0.936386346364941	-0.000190906400405303	-0.000191690471164402	-0.901901059697712	-0.000184389913873173	-0.000184771595035042
4000	-0.93571797686397	-0.000187729734864477	-0.000188398104365448	-0.901732078020772	-0.000181651692983197	-0.000181820674660138
5000	-0.935657476990627	-0.000185180064172929	-0.000185240564046272	-0.901535527315714	-0.00017818441273326	-0.000178380963438318
6000	-0.935672633623237	-0.000188326669762729	-0.000188311513130118	-0.902244131554505	-0.000181511504686313	-0.000180802900447522
7000	-0.935899075403192	-0.000183756206197754	-0.0001835297644178	-0.903200941484421	-0.000177463417208478	-0.000176506607278562
8000	-0.935842987418728	-0.000190850312420839	-0.000190906400405303	-0.904105167609558	-0.000185294139998311	-0.000184389913873173
9000	-0.936041205775564	-0.000187927953221313	-0.000187729734864477	-0.90483030059951	-0.000182376825973149	-0.000181651692983197
10000	-0.93614886430803	-0.000185287722705395	-0.000185180064172929	-0.905664633116609	-0.000179018745250359	-0.00017818441273326
11000	-0.935886578569619	-0.000188064384024318	-0.000188326669762729	-0.906203115764587	-0.000182049987334291	-0.000181511504686313
12000	-0.934966900278646	-0.00018283652790678	-0.000183756206197754	-0.905826120915309	-0.000177086422359199	-0.000177463417208478
13000	-0.934304905851558	-0.000190188317993751	-0.000190850312420839	-0.905813180781896	-0.000185281199864898	-0.000185294139998311
14000	-0.933492358355147	-0.000187115405724901	-0.000187927953221313	-0.905510005910665	-0.000182073651101916	-0.000182376825973149
15000	-0.932923203580174	-0.000184718567930422	-0.000185287722705395	-0.905404901629655	-0.00017891364096935	-0.000179018745250359
16000	-0.932342734104534	-0.000187483914548679	-0.000188064384024318	-0.905353943257621	-0.000181999028962257	-0.000182049987334291
17000	-0.932125876044921	-0.000182619669847167	-0.00018283652790678	-0.905791754622984	-0.000177524233724562	-0.000177086422359199
18000	-0.932004707422106	-0.000190067149370937	-0.000190188317993751	-0.905801992738326	-0.000185291437980242	-0.000185281199864898
19000	-0.932189120155366	-0.000187299818458161	-0.000187115405724901	-0.906312463058347	-0.000182584121421936	-0.000182073651101916
20000	-0.93154618762138	-0.000184075635396437	-0.000184718567930422	-0.906148632103352	-0.000178749810014355	-0.00017891364096935
21000	-0.931930486363253	-0.00018786821329055	-0.000187483914548679	-0.906771763911171	-0.000182622160770075	-0.000181999028962257
22000	-0.931090074305497	-0.000181779257789411	-0.000182619669847167	-0.906108122941822	-0.000176860592755214	-0.000177524233724562
23000	-0.930685953727941	-0.00018966302879338	-0.000190067149370937	-0.906040108080723	-0.000185223423119142	-0.000185291437980242
24000	-0.930179641982606	-0.000186793506712826	-0.000187299818458161	-0.905706725491852	-0.000182250738833067	-0.000182584121421936
25000	-0.929771341720848	-0.000183667335134679	-0.000184075635396437	-0.905443236511019	-0.000178486321033523	-0.000178749810014355
26000	-0.929615469053449	-0.000187712340623152	-0.00018786821329055	-0.90468612260407	-0.000181865046863126	-0.000182622160770075
27000	-0.929192307692308	-0.000181356096428271	-0.000181779257789411	-0.904332960398548	-0.000176507430549693	-0.000176860592755214
28000	-0.928826986405472	-0.000189297707506545	-0.00018966302879338	-0.90404050916153	-0.000184930971882125	-0.000185223423119142
29000	-0.928598686988094	-0.00018656520729545	-0.000186793506712826	-0.9039284598497	-0.000182138689521236	-0.000182250738833067
30000	-0.928514734442287	-0.00018358338258887	-0.000183667335134679	-0.904180528582285	-0.000178738389766106	-0.000178486321033523
31000	-0.928529933293929	-0.000187727539474796	-0.000187712340623152	-0.904206598834755	-0.000181891117115596	-0.000181865046863126
32000	-0.92767548340792	-0.000180501646542261	-0.000181356096428271	-0.903344866165667	-0.000175645697880605	-0.000176507430549693
33000	-0.927664675335641	-0.000189286899434265	-0.000189297707506545	-0.903298509668158	-0.000184884615384616	-0.000184930971882125
34000	-0.927252490922908	-0.000186153022882716	-0.00018656520729545	-0.902891898167694	-0.000181732078020771	-0.000182138689521236
35000	-0.926861204931183	-0.000183192096597147	-0.00018358338258887	-0.902444249767795	-0.000178290741366208	-0.000178738389766106
36000	-0.92671345942751	-0.000187579793971123	-0.000187727539474796	-0.902973148695432	-0.000182420016043231	-0.000181891117115596
37000	-0.927551739424132	-0.000181339926538884	-0.000180501646542261	-0.903498163472093	-0.000176170712657266	-0.000175645697880605
38000	-0.927967913535422	-0.000189703073545555	-0.000189286899434265	-0.903479270455121	-0.000184865722367644	-0.000184884615384616
39000	-0.92727463480537	-0.000185459744152664	-0.000186153022882716	-0.903740310732078	-0.000181993118297729	-0.000181732078020771
40000	-0.927129717976864	-0.00018304717976864	-0.000183192096597147	-0.903496643586929	-0.000178047074221059	-0.000178290741366208
41000	-0.927102740015199	-0.000187552816009457	-0.000187579793971123	-0.903242907202567	-0.00018216627965887	-0.000182420016043231
42000	-0.926875559402178	-0.000181112745925863	-0.000181339926538884	-0.903107574094402	-0.0001760353795491	-0.000176170712657266
43000	-0.927186608122942	-0.000190014122266318	-0.000189703073545555	-0.90369009119311	-0.000185448239466351	-0.000184865722367644
44000	-0.927138309549945	-0.000185411445579668	-0.000185459744152664	-0.903450139322807	-0.000181753166427427	-0.000181993118297729
45000	-0.92717449126066	-0.000183083361479355	-0.00018304717976864	-0.903243540488052	-0.000177840475386304	-0.000178047074221059
46000	-0.927079941737735	-0.000187458266486531	-0.000187552816009457	-0.903222198767204	-0.000182144937938022	-0.00018216627965887
47000	-0.926595816093895	-0.000180628620282024	-0.000181112745925863	-0.903172549185173	-0.00017598572996707	-0.0001760353795491
48000	-0.926533374145065	-0.000189951680317487	-0.000190014122266318	-0.903101874525036	-0.000185377564806214	-0.000185448239466351
49000	-0.927080279489994	-0.000185958350924597	-0.000185411445579668	-0.903277590137634	-0.000181928882040024	-0.000181753166427427
50000	-0.92737351177911	-0.000183376593768471	-0.000183083361479355	-0.903713311660897	-0.000178276196909567	-0.000177840475386304
51000	-0.92692962087309	-0.000187014375580512	-0.000187458266486531	-0.903369163218779	-0.000181800789495904	-0.000182144937938022
52000	-0.926815608376256	-0.000180514607785189	-0.000180628620282024	-0.903134108756227	-0.000175750675504518	-0.00017598572996707
53000	-0.926886937431394	-0.000190023009372625	-0.000189951680317487	-0.903165181964029	-0.000185408638014017	-0.000185377564806214
54000	-0.92706641053787	-0.000186137824031072	-0.000185958350924597	-0.903014628894706	-0.000181778328970701	-0.000181928882040024
55000	-0.927057671198176	-0.000183367854428776	-0.000183376593768471	-0.902816220552225	-0.000178077788567086	-0.000178276196909567
56000	-0.92661458245377	-0.000186571286836105	-0.000187014375580512	-0.902855146500042	-0.000181839715443723	-0.000181800789495904
57000	-0.926460504095246	-0.000180360529426665	-0.000180514607785189	-0.902869712066199	-0.000175765241070674	-0.000175750675504518
58000	-0.925602022291649	-0.000189164527569028	-0.000190023009372625	-0.901897175546736	-0.000184436101494553	-0.000185408638014017
59000	-0.92498710208562	-0.000185522903825044	-0.000186137824031072	-0.901550916153002	-0.000181432069576966	-0.000181778328970701
60000	-0.924500823271131	-0.000182881575614287	-0.000183367854428776	-0.901808895550114	-0.000178335767964199	-0.000178077788567086
61000	-0.924482268006417	-0.000186552731571392	-0.000186571286836105	-0.90179376002702	-0.000181824579920629	-0.000181839715443723
62000	-0.924215063750739	-0.000180093325170987	-0.000180360529426665	-0.901031812040868	-0.000175003293084522	-0.000175765241070674
63000	-0.923543717807988	-0.000188493181626278	-0.000189164527569028	-0.900583150384193	-0.000183987439837879	-0.000184436101494553
64000	-0.922967723549776	-0.000184946909566833	-0.000185522903825044	-0.900392932533986	-0.000181241851726758	-0.000181432069576966
65000	-0.922558811112049	-0.00018247266317656	-0.000182881575614287	-0.900126973739762	-0.000178069809169974	-0.000178335767964199
66000	-0.922438402431816	-0.000186432322891159	-0.000186552731571392	-0.900138330659461	-0.000181835936840328	-0.000181824579920629
67000	-0.922134678713164	-0.000179789601452334	-0.000180093325170987	-0.900292134594275	-0.000175157097019337	-0.000175003293084522
68000	-0.921381195642996	-0.00018773969855611	-0.000188493181626278	-0.89993667145149	-0.000183631976695094	-0.000183987439837879
69000	-0.921330005066284	-0.000184895718990121	-0.000184946909566833	-0.900137507388331	-0.0001814426876636	-0.000181241851726758
70000	-0.920847230431479	-0.000181989888541754	-0.00018247266317656	-0.899763510090349	-0.000177695811871992	-0.000178069809169974
71000	-0.92076443890906	-0.000186349531368741	-0.000186432322891159	-0.899527315713924	-0.000181599742463903	-0.000181835936840328
72000	-0.920871105294267	-0.000179896267837542	-0.000179789601452334	-0.899674174617918	-0.00017530395592333	-0.000175157097019337
73000	-0.920405619353204	-0.000187274212615047	-0.00018773969855611	-0.899636325255425	-0.000183594127332601	-0.000183631976695094
74000	-0.920512982352444	-0.00018500308198936	-0.000184895718990121	-0.899238389766107	-0.00018104475217428	-0.0001814426876636
75000	-0.92044802837119	-0.0001819249345605	-0.000181989888541754	-0.899198387232965	-0.00017765580933885	-0.000177695811871992
76000	-0.920355906442624	-0.000186257409440176	-0.000186349531368741	-0.899507409440176	-0.000181908764671114	-0.000181599742463903
77000	-0.919961074052183	-0.0001795014354471	-0.000179896267837542	-0.899185531537617	-0.000174982078020772	-0.00017530395592333
78000	-0.920023494891497	-0.000187336633454361	-0.000187274212615047	-0.899187452503589	-0.000183596048298572	-0.000183594127332601
79000	-0.919753884150975	-0.000184733471248839	-0.00018500308198936	-0.898639956092206	-0.000180497255762897	-0.00018104475217428
80000	-0.919728658279152	-0.000181899708688678	-0.0001819249345605	-0.898704846744913	-0.000177720699991556	-0.00017765580933885
81000	-0.919774043738917	-0.000186302794899942	-0.000186257409440176	-0.899162606603057	-0.000182366524529256	-0.000181908764671114
82000	-0.919936439246812	-0.000179663830954994	-0.0001795014354471	-0.899202566917166	-0.000175022038334881	-0.000174982078020772
83000	-0.919898758760449	-0.000187298952967998	-0.000187336633454361	-0.899472473190915	-0.000183865954572321	-0.000183596048298572
84000	-0.920016739846323	-0.000184851452334713	-0.000184733471248839	-0.899262539052605	-0.000180287321624588	-0.000180497255762897
85000	-0.919439837878916	-0.00018132280672127	-0.000181899708688678	-0.898726294013341	-0.000177184454952291	-0.000177720699991556
86000	-0.918799100734611	-0.000185662057755636	-0.000186302794899942	-0.898239930760787	-0.000181880161276704	-0.000182366524529256
87000	-0.919068310394326	-0.00017993304061471	-0.000179663830954994	-0.898689352360044	-0.000175471459934138	-0.000175022038334881
88000	-0.919425293422275	-0.000187655935995947	-0.000187298952967998	-0.898790488052014	-0.000183967090264291	-0.000183865954572321
89000	-0.918789896985561	-0.000184216055897998	-0.000184851452334713	-0.898649940893355	-0.00018014677446593	-0.000180287321624588
90000	-0.918368192181035	-0.000180901101916743	-0.00018132280672127	-0.898583255931774	-0.000177117769990712	-0.000177184454952291
91000	-0.918199970446677	-0.000185493836021278	-0.000185662057755636	-0.898317592670776	-0.000181614498015706	-0.000181880161276704
92000	-0.918290213628304	-0.000180023283796335	-0.00017993304061471	-0.897919952714684	-0.000175073819978048	-0.000175471459934138
93000	-0.918269484083425	-0.000187635206451067	-0.000187655935995947	-0.898008338258887	-0.000184055475808496	-0.000183967090264291
94000	-0.918205648906527	-0.000184152220721101	-0.000184216055897998	-0.897869015452166	-0.000180007451659207	-0.00018014677446593
95000	-0.918009984801148	-0.000180705437811366	-0.000180901101916743	-0.897626023811534	-0.000176874778350081	-0.000177117769990712
96000	-0.917529152241831	-0.00018501300346196	-0.000185493836021278	-0.896687769146331	-0.000180676243350505	-0.000181614498015706
97000	-0.917577830786118	-0.000180071962340624	-0.000180023283796335	-0.896725111880436	-0.00017511116271215	-0.000175073819978048
98000	-0.91784716710293	-0.00018790454276788	-0.000187635206451067	-0.896554251456557	-0.000183884615384615	-0.000184055475808496
99000	-0.917920163809845	-0.000184225217428017	-0.000184152220721101	-0.896879295786541	-0.000180332495989193	-0.000180007451659207
100000	-0.917693595372794	-0.000180478869374313	-0.000180705437811366	-0.896450371527485	-0.000176445854091024	-0.000176874778350081
101000	-0.917490184074981	-0.000184809592164147	-0.00018501300346196	-0.896142214810437	-0.000180368086633455	-0.000180676243350505
102000	-0.916605463142785	-0.000179187241408427	-0.000180071962340624	-0.895754728531622	-0.000174723676433336	-0.00017511116271215
103000	-0.9161933420586	-0.000187492421683695	-0.00018790454276788	-0.895819661403361	-0.000183949548256353	-0.000183884615384615
104000	-0.916242273917082	-0.000184274149286499	-0.000184225217428017	-0.895668622815165	-0.000180181457400997	-0.000180332495989193
105000	-0.915488748627881	-0.000179725344085113	-0.000180478869374313	-0.894924174617918	-0.000175701405893777	-0.000176445854091024
106000	-0.91541402094064	-0.000184734864476906	-0.000184809592164147	-0.894855969771173	-0.000180299881786708	-0.000180368086633455
107000	-0.915242653888373	-0.00017901587435616	-0.000179187241408427	-0.894794055560247	-0.00017466176222241	-0.000174723676433336
108000	-0.914828295195474	-0.000187078062990796	-0.000187492421683695	-0.894286730558136	-0.000183442223254242	-0.000183949548256353
109000	-0.914478151650764	-0.000183924005741788	-0.000184274149286499	-0.894203791269104	-0.000180098518111966	-0.000180181457400997
110000	-0.914030271046188	-0.000179277463480537	-0.000179725344085113	-0.893947986152157	-0.00017544560077683	-0.000175701405893777
111000	-0.914397956598835	-0.000185102550029554	-0.000184734864476906	-0.894097357088576	-0.000180449252723127	-0.000180299881786708
112000	-0.91399432154015	-0.000178612239297475	-0.00017901587435616	-0.893753398632103	-0.000174317803765937	-0.00017466176222241
113000	-0.913222346533817	-0.000186306087984464	-0.000187078062990796	-0.893613674744575	-0.000183302499366713	-0.000183442223254242
114000	-0.913426095583889	-0.00018412775479186	-0.000183924005741788	-0.894125833825889	-0.000180610677193279	-0.000180098518111966
115000	-0.913558410031242	-0.000179409777927889	-0.000179277463480537	-0.894247044667736	-0.000175566811618679	-0.00017544560077683
116000	-0.913118698809423	-0.000184662838807735	-0.000185102550029554	-0.893950688170227	-0.000180152896225618	-0.000180449252723127
117000	-0.913138900616398	-0.00017863244110445	-0.000178612239297475	-0.893692497677953	-0.000174059613273664	-0.000174317803765937
118000	-0.913078337414507	-0.000186245524782573	-0.000186306087984464	-0.89314092712995	-0.000182750928818712	-0.000183302499366713
119000	-0.912707295448788	-0.000183756712826141	-0.00018412775479186	-0.892855167609558	-0.000180324917672886	-0.000180610677193279
120000	-0.912665773030482	-0.000179368255509585	-0.000179409777927889	-0.892489994089335	-0.000175201638098455	-0.000175566811618679
121000	-0.912808241155113	-0.000184805306932366	-0.000184662838807735	-0.892758802668243	-0.000180421704804526	-0.000180152896225618
122000	-0.91277364265811	-0.000178597842607447	-0.00017863244110445	-0.892789115933463	-0.000174089926538883	-0.000174059613273664
123000	-0.912560774297053	-0.000186032656421514	-0.000186245524782573	-0.892401692983197	-0.000182363505868445	-0.000182750928818712
124000	-0.912382314447353	-0.000183578252976443	-0.000183756712826141	-0.892031727602803	-0.000179954952292493	-0.000180324917672886
125000	-0.912200139322807	-0.000179186080385038	-0.000179368255509585	-0.891889702778012	-0.000175059613273663	-0.000175201638098455
126000	-0.911701849193617	-0.000184307016803174	-0.000184805306932366	-0.89147817276028	-0.000180010174786794	-0.000180421704804526
127000	-0.91156641053787	-0.000178462403951701	-0.000178597842607447	-0.891109727265051	-0.000173721481043655	-0.000174089926538883
128000	-0.911867812209744	-0.000186334058093388	-0.000186032656421514	-0.891245968082412	-0.000182499746685806	-0.000182363505868445
129000	-0.911365511272482	-0.000183075952039178	-0.000183578252976443	-0.890853225534071	-0.000179562209744153	-0.000179954952292493
130000	-0.911327535252892	-0.000179148104365448	-0.000179186080385038	-0.890575149877565	-0.000174781537617159	-0.000175059613273663
131000	-0.910771742801655	-0.000183751224351938	-0.000184307016803174	-0.889987883137718	-0.000179422908046947	-0.000180010174786794
132000	-0.910402220721101	-0.000178092881871147	-0.000178462403951701	-0.88983245377016	-0.000173566051676096	-0.000173721481043655
133000	-0.910306130203496	-0.000186237967575783	-0.000186334058093388	-0.889875411635565	-0.000182542704551212	-0.000182499746685806
134000	-0.910217195811872	-0.000182987017647557	-0.000183075952039178	-0.889556256860593	-0.00017924305496918	-0.000179562209744153
135000	-0.90983228489403	-0.000178763193447606	-0.000179148104365448	-0.889281706493287	-0.000174506987249853	-0.000174781537617159
136000	-0.908956049987334	-0.000182874989445242	-0.000183751224351938	-0.888494279321118	-0.000178635480874779	-0.000179422908046947
137000	-0.908297813054125	-0.000177434644937938	-0.000178092881871147	-0.88806729713755	-0.000173139069492527	-0.000173566051676096
138000	-0.908143755805117	-0.000186083910326776	-0.000186237967575783	-0.887818035970616	-0.000182293443384278	-0.000182542704551212
139000	-0.907447120661994	-0.000182290382504434	-0.000182987017647557	-0.88744108334037	-0.000178866102338933	-0.00017924305496918
140000	-0.907364139153931	-0.000178680211939543	-0.000178763193447606	-0.887407054800304	-0.000174472958709787	-0.000174506987249853
141000	-0.907383686565904	-0.000182894536857216	-0.000182874989445242	-0.88734761040277	-0.000178576036477243	-0.000178635480874779
142000	-0.906996221396606	-0.000177047179768639	-0.000177434644937938	-0.887436798108587	-0.000173228257198345	-0.000173139069492527
143000	-0.906594127332602	-0.000185681816262772	-0.000186083910326776	-0.887269357426328	-0.000182126002702018	-0.000182293443384278
144000	-0.906915498606772	-0.000182611753778604	-0.000182290382504434	-0.887508401587436	-0.000179105146500043	-0.000178866102338933
145000	-0.907343937346956	-0.000179108650679727	-0.000178680211939543	-0.887704129021363	-0.000174668686143713	-0.000174472958709787
146000	-0.907815165076416	-0.000183365764586675	-0.000182894536857216	-0.888288334881364	-0.000179160242337246	-0.000178576036477243
147000	-0.907822067888204	-0.000177054082580427	-0.000177047179768639	-0.888172612513721	-0.000173112534830702	-0.000173228257198345
148000	-0.907461770666216	-0.000185321519040784	-0.000185681816262772	-0.888507852740015	-0.000182461242928312	-0.000182126002702018
149000	-0.907261124715022	-0.000182411107827409	-0.000182611753778604	-0.888614877986997	-0.000179212171747024	-0.000179105146500043
150000	-0.90719163218779	-0.000179039158152496	-0.000179108650679727	-0.888831926032255	-0.000174885734188972	-0.000174668686143713
151000	-0.907161382251119	-0.000183335514650004	-0.000183365764586675	-0.888909165751921	-0.000179237482056911	-0.000179160242337246
152000	-0.907087773368234	-0.000176980473697543	-0.000177054082580427	-0.888929114244702	-0.000173132483323482	-0.000173112534830702
153000	-0.906845161698894	-0.000185078907371442	-0.000185321519040784	-0.888855885333108	-0.000182388014016718	-0.000182461242928312
154000	-0.907610086126826	-0.000183176032255341	-0.000182411107827409	-0.889146288947057	-0.000179502575360973	-0.000179212171747024
155000	-0.907555686903656	-0.000178984758929325	-0.000179039158152496	-0.889269209659715	-0.00017500865490163	-0.000174885734188972
156000	-0.907564679557544	-0.000183344507303893	-0.000183335514650004	-0.889360043907794	-0.000179328316304991	-0.000179237482056911
157000	-0.907894663514312	-0.00017731045765431	-0.000176980473697543	-0.889315059528836	-0.000173087498944524	-0.000173132483323482
158000	-0.908037448281685	-0.000185221692138816	-0.000185078907371442	-0.888856603056658	-0.000181929557544542	-0.000182388014016718
159000	-0.907906421514819	-0.000183045005488475	-0.000183176032255341	-0.889107764080047	-0.000179753736384361	-0.000179502575360973
160000	-0.907443320949084	-0.00017852165836359	-0.000178984758929325	-0.888710081904923	-0.000174610972726505	-0.00017500865490163
161000	-0.907128894705733	-0.000183030081060542	-0.000183344507303893	-0.888350375749388	-0.000178968610149456	-0.000179328316304991
162000	-0.906468166849616	-0.000176649729798193	-0.00017731045765431	-0.887799227391708	-0.000172536350586844	-0.000173087498944524
163000	-0.906396584480284	-0.000185150109769484	-0.000185221692138816	-0.887651186354809	-0.000181781516507642	-0.000181929557544542
164000	-0.906439162374398	-0.000183087583382589	-0.000183045005488475	-0.888020307354555	-0.000180122857384108	-0.000179753736384361
165000	-0.906263763404543	-0.000178346259393735	-0.00017852165836359	-0.88792691885502	-0.000174517584226969	-0.000174610972726505
166000	-0.90617366798953	-0.000182939985645529	-0.000183030081060542	-0.888019969602297	-0.000179061660896732	-0.000178968610149456
167000	-0.906083150384193	-0.000176559212192855	-0.000176649729798193	-0.888079181795153	-0.000172595562779701	-0.000172536350586844
168000	-0.905937600270202	-0.000185004559655494	-0.000185150109769484	-0.888034514058938	-0.000181736848771426	-0.000181781516507642
169000	-0.905766275436967	-0.000182916258549354	-0.000183087583382589	-0.887856033099721	-0.000179944376424892	-0.000180122857384108
170000	-0.905565777252385	-0.000178145761209153	-0.000178346259393735	-0.887499641138225	-0.000174161192265473	-0.000174517584226969
171000	-0.905627269272988	-0.000183001477666131	-0.000182939985645529	-0.887298108587351	-0.000178860128345858	-0.000179061660896732
172000	-0.90579502659799	-0.000176726969517858	-0.000176559212192855	-0.887939605674238	-0.000173237059866587	-0.000172595562779701
173000	-0.905614181372963	-0.000184823714430464	-0.000185004559655494	-0.888076268681922	-0.00018187351177911	-0.000181736848771426
174000	-0.905608418475049	-0.00018291049565144	-0.000182916258549354	-0.887715591488643	-0.000179583699231614	-0.000179944376424892
175000	-0.905625897154437	-0.000178163239888542	-0.000178145761209153	-0.887790403613949	-0.00017423600439078	-0.000174161192265473
176000	-0.90571516929832	-0.000183090749810015	-0.000183001477666131	-0.888214768217512	-0.000179284492949421	-0.000178860128345858
177000	-0.905909039094824	-0.000176920839314362	-0.000176726969517858	-0.88850369416533	-0.000173525985814405	-0.000173237059866587
178000	-0.905799100734611	-0.000184713776070252	-0.000184823714430464	-0.888564088491092	-0.000181933906104872	-0.00018187351177911
179000	-0.905437262517943	-0.000182548657434773	-0.00018291049565144	-0.8881232373554	-0.000179142848095922	-0.000179583699231614
180000	-0.904988347547074	-0.000177714324917673	-0.000178163239888542	-0.887798066368319	-0.000173910833403698	-0.00017423600439078
181000	-0.904973803090433	-0.000183076205353373	-0.000183090749810015	-0.887906020434012	-0.000179392447015115	-0.000179284492949421
182000	-0.905285759520392	-0.000177232795744322	-0.000176920839314362	-0.888097568183737	-0.00017371753356413	-0.000173525985814405
183000	-0.905131470066706	-0.000184559486616567	-0.000184713776070252	-0.887964430465254	-0.000181800768386389	-0.000181933906104872
184000	-0.904787110529427	-0.000182204297897492	-0.000182548657434773	-0.887960060795407	-0.000179138478426075	-0.000179142848095922
185000	-0.904592501899856	-0.000177519716288102	-0.000177714324917673	-0.887864962425061	-0.000173815735033354	-0.000173910833403698
186000	-0.904433716119227	-0.000182917419572744	-0.000183076205353373	-0.887673245799206	-0.00017920073038926	-0.000179392447015115
187000	-0.90459562610825	-0.000177394705733346	-0.000177232795744322	-0.888059866587858	-0.000174104154352784	-0.00017371753356413
188000	-0.903445642995862	-0.00018340950350418	-0.000184559486616567	-0.887662796588702	-0.000181403698387234	-0.000181800768386389
189000	-0.902856413071012	-0.000181615067972643	-0.000182204297897492	-0.887379950181542	-0.000178855632018914	-0.000179138478426075
190000	-0.902489614118044	-0.000177152917335135	-0.000177519716288102	-0.887008802668243	-0.000173444587520054	-0.000173815735033354
191000	-0.9023916448535	-0.000182819450308199	-0.000182917419572744	-0.886924174617918	-0.000179116102338935	-0.00017920073038926
192000	-0.9026281980917	-0.000177631258971545	-0.000177394705733346	-0.887108334036984	-0.00017428831377185	-0.000174104154352784
193000	-0.90299123955079	-0.000183772544963269	-0.00018340950350418	-0.887050810605421	-0.00018134617495567	-0.000181403698387234
194000	-0.902693299839568	-0.000181317128261422	-0.000181615067972643	-0.886718525711391	-0.000178523347124884	-0.000178855632018914
195000	-0.902742421683695	-0.000177202039179261	-0.000177152917335135	-0.886652474035295	-0.000173378535843959	-0.000173444587520054
196000	-0.902540741366208	-0.000182617769990712	-0.000182819450308199	-0.886482373553998	-0.000178946001857638	-0.000179116102338935
197000	-0.902312357510766	-0.000177402875116102	-0.000177631258971545	-0.88627039179262	-0.000174076332010471	-0.00017428831377185
198000	-0.90214291142447	-0.000183603098876973	-0.000183772544963269	-0.886108566241662	-0.000181184349404712	-0.00018134617495567
199000	-0.901845816093895	-0.000181020032930846	-0.000181317128261422	-0.88622916490754	-0.000178643945790762	-0.000178523347124884
200000	-0.902044984378958	-0.000177401207464324	-0.000177202039179261	-0.886200181541839	-0.000173349552478257	-0.000173378535843959
201000	-0.902420206028878	-0.000182992991640631	-0.000182617769990712	-0.886213396098961	-0.00017895921641476	-0.000178946001857638
202000	-0.902077239719666	-0.00017705990880689	-0.000177402875116102	-0.885814278476737	-0.000173677214388246	-0.000174076332010471
203000	-0.902217385797518	-0.000183743244954826	-0.000183603098876973	-0.886088301106139	-0.000181458372034113	-0.000181184349404712
204000	-0.902270750654395	-0.000181073397787723	-0.000181020032930846	-0.885996348053703	-0.000178551992738326	-0.000178643945790762
205000	-0.902448091699738	-0.000177578548509668	-0.000177401207464324	-0.886309148864308	-0.000173662353288862	-0.000173349552478257
206000	-0.902071413493203	-0.000182616313434097	-0.000182992991640631	-0.886252765346618	-0.00017890283289707	-0.00017895921641476
207000	-0.901997086886769	-0.000176985582200456	-0.00017705990880689	-0.885789305919108	-0.000173213754960736	-0.000173677214388246
208000	-0.902139470573334	-0.000183885628641392	-0.000183743244954826	-0.885666912944355	-0.00018133597905936	-0.000181458372034113
209000	-0.902257135016465	-0.000181191062230854	-0.000181073397787723	-0.885787363843621	-0.000178672443637592	-0.000178551992738326
210000	-0.902368677699907	-0.00017769009119311	-0.000177578548509668	-0.886172929156464	-0.000174047918601705	-0.000173662353288862
211000	-0.902345309465507	-0.000182592945199697	-0.000182616313434097	-0.886269589631006	-0.000178999493371612	-0.00017890283289707
212000	-0.902056299079625	-0.000176696571814574	-0.000176985582200456	-0.885910875622731	-0.000172855040952462	-0.000173213754960736
213000	-0.902636536350587	-0.000184465865912354	-0.000183885628641392	-0.886060732078021	-0.000181485835514649	-0.00018133597905936
214000	-0.902656632609981	-0.000181211158490248	-0.000181191062230854	-0.885751076585325	-0.000178362788144895	-0.000178672443637592
215000	-0.902716456978806	-0.000177749915561934	-0.00017769009119311	-0.886166828506291	-0.000174463670522671	-0.000174047918601705
216000	-0.902246706915477	-0.000182123195136367	-0.000182592945199697	-0.886242316136114	-0.000179074981001435	-0.000178999493371612
217000	-0.902094253989699	-0.000176544118888795	-0.000176696571814574	-0.886186080385038	-0.000172798805201384	-0.000172855040952462
218000	-0.901712952799122	-0.000184084564721777	-0.000184465865912354	-0.88642674997889	-0.000181726505108503	-0.000181485835514649
219000	-0.901134826479777	-0.000180633032170902	-0.000181211158490248	-0.886325487629824	-0.000178261525795828	-0.000178362788144895
220000	-0.901081546060964	-0.000177696635143123	-0.000177749915561934	-0.886192117706662	-0.00017433030059951	-0.000174463670522671
221000	-0.900582116017901	-0.000181623765093304	-0.000182123195136367	-0.885690745588111	-0.000178573608882884	-0.000179074981001435
222000	-0.900506797264207	-0.000176468800135101	-0.000176544118888795	-0.885850206873258	-0.000172958266486533	-0.000172798805201384
223000	-0.90076642320358	-0.000184344190661149	-0.000184084564721777	-0.886077577471924	-0.000181953875707169	-0.000181726505108503
224000	-0.900708752005404	-0.000180575360972726	-0.000180633032170902	-0.885781432069577	-0.000177965380393481	-0.000178261525795828
225000	-0.900982732415773	-0.000177970615553492	-0.000177696635143123	-0.885850059106645	-0.000174398927636579	-0.00017433030059951
226000	-0.900757113906949	-0.00018139814658448	-0.000181623765093304	-0.885256037321625	-0.000177979587097865	-0.000178573608882884
227000	-0.900778244532635	-0.000176489930760786	-0.000176468800135101	-0.885135544203327	-0.000172837773368235	-0.000172958266486533
228000	-0.90063415097526	-0.000184200097103775	-0.000184344190661149	-0.885038039348138	-0.00018185637085198	-0.000181953875707169
229000	-0.90012693152073	-0.000180068141518196	-0.000180575360972726	-0.884272080553914	-0.000177199421599256	-0.000177965380393481
230000	-0.900415266402094	-0.000178258950434855	-0.000177970615553492	-0.884459110867179	-0.000174585957949843	-0.000174398927636579
231000	-0.900054610318331	-0.000181037490500718	-0.00018139814658448	-0.884108397365532	-0.000177628873596217	-0.000177979587097865
232000	-0.899770265135523	-0.000176205585577978	-0.000176489930760786	-0.883862492611669	-0.000172591868614372	-0.000172837773368235
233000	-0.899971797686397	-0.000184401629654649	-0.000184200097103775	-0.883724035295111	-0.000181717913535422	-0.00018185637085198
234000	-0.899518787469391	-0.000179615131301189	-0.000180068141518196	-0.883399772017225	-0.000176875158321372	-0.000177199421599256
235000	-0.899321434602719	-0.000178061597568184	-0.000178258950434855	-0.883315545047707	-0.000174501730980326	-0.000174585957949843
236000	-0.899576606434181	-0.000181292662332179	-0.000181037490500718	-0.883026450223761	-0.000177339778772271	-0.000177628873596217
237000	-0.898985476652875	-0.000175614455796673	-0.000176205585577978	-0.8826898167694	-0.00017225523516001	-0.000172591868614372
238000	-0.89825595288356	-0.000183672105885333	-0.000184401629654649	-0.882346386050832	-0.000181374482816854	-0.000181717913535422
239000	-0.897554314785105	-0.000178913493202736	-0.000179615131301189	-0.881899413155451	-0.000176428185425989	-0.000176875158321372
240000	-0.897196360719412	-0.000177703643502491	-0.000178061597568184	-0.881817043823356	-0.00017441936164823	-0.000174501730980326
241000	-0.897780271046188	-0.000181876572658955	-0.000181292662332179	-0.882488157561429	-0.000178010892510343	-0.000177339778772271
242000	-0.897814552900448	-0.000175648737650934	-0.000175614455796673	-0.882765008865997	-0.000172532086464577	-0.00017225523516001
243000	-0.897561766444313	-0.000183419319429199	-0.000183672105885333	-0.882848053702609	-0.000181457527653466	-0.000181374482816854
244000	-0.897077197500633	-0.000178428924259058	-0.000178913493202736	-0.882522924934561	-0.00017610305665794	-0.000176428185425989
245000	-0.897269188550198	-0.000177895634552055	-0.000177703643502491	-0.882476673984632	-0.000174373110698302	-0.00017441936164823
246000	-0.897808684454952	-0.000182416068563709	-0.000181876572658955	-0.883250506628388	-0.000178784725154099	-0.000178010892510343
247000	-0.897955184497171	-0.000175795237693151	-0.000175648737650934	-0.883583593684033	-0.000172865173520223	-0.000172532086464577
248000	-0.897817276028033	-0.000183281410960061	-0.000183419319429199	-0.883488009794815	-0.000181361943764249	-0.000181457527653466
249000	-0.89736177488812	-0.000177973423119142	-0.000178428924259058	-0.883102655577134	-0.00017571770244026	-0.00017610305665794
250000	-0.897192835430212	-0.000177726695094148	-0.000177895634552055	-0.882805349151397	-0.000174075804272565	-0.000174373110698302
