
SUMMARISING RUN PARAMETERS
==========================
Input filename: Bap1_Math1_ctrl_3139_1.fastq.gz
Trimming mode: paired-end
Trim Galore version: 0.6.10
Cutadapt version: 4.9
Python version: could not detect
Number of cores used for trimming: 4
Quality Phred score cutoff: 20
Quality encoding type selected: ASCII+33
Using Illumina adapter for trimming (count: 226819). Second best hit was smallRNA (count: 0)
Adapter sequence: 'AGATCGGAAGAGC' (Illumina TruSeq, Sanger iPCR; auto-detected)
Maximum trimming error rate: 0.1 (default)
Minimum required adapter overlap (stringency): 1 bp
Minimum required sequence length for both reads before a sequence pair gets removed: 20 bp
Running FastQC on the data once trimming has completed
Output file will be GZIP compressed


This is cutadapt 4.9 with Python 3.12.8
Command line parameters: -j 4 -e 0.1 -q 20 -O 1 -a AGATCGGAAGAGC Bap1_Math1_ctrl_3139_1.fastq.gz
Processing single-end reads on 4 cores ...
Finished in 70.817 s (4.226 µs/read; 14.20 M reads/minute).

=== Summary ===

Total reads processed:              16,755,383
Reads with adapters:                 9,381,486 (56.0%)
Reads written (passing filters):    16,755,383 (100.0%)

Total basepairs processed: 1,692,293,683 bp
Quality-trimmed:               8,021,845 bp (0.5%)
Total written (filtered):  1,475,000,263 bp (87.2%)

=== Adapter 1 ===

Sequence: AGATCGGAAGAGC; Type: regular 3'; Length: 13; Trimmed: 9381486 times

Minimum overlap: 1
No. of allowed errors:
1-9 bp: 0; 10-13 bp: 1

Bases preceding removed adapters:
  A: 35.9%
  C: 2.1%
  G: 17.4%
  T: 33.3%
  none/other: 11.4%

Overview of removed sequences
length	count	expect	max.err	error counts
1	4097724	4188845.8	0	4097724
2	1046311	1047211.4	0	1046311
3	463639	261802.9	0	463639
4	154402	65450.7	0	154402
5	51749	16362.7	0	51749
6	51280	4090.7	0	51280
7	50248	1022.7	0	50248
8	50301	255.7	0	50301
9	51153	63.9	0	50762 391
10	50307	16.0	1	49146 1161
11	50438	4.0	1	49323 1115
12	49315	1.0	1	48498 817
13	50438	0.2	1	49256 1182
14	47947	0.2	1	47102 845
15	48125	0.2	1	47080 1045
16	47213	0.2	1	46337 876
17	47324	0.2	1	46255 1069
18	46459	0.2	1	45614 845
19	46646	0.2	1	45751 895
20	46613	0.2	1	45611 1002
21	46080	0.2	1	45118 962
22	45190	0.2	1	44371 819
23	44925	0.2	1	44061 864
24	44414	0.2	1	43636 778
25	44285	0.2	1	43324 961
26	42880	0.2	1	42084 796
27	42858	0.2	1	41950 908
28	41936	0.2	1	40939 997
29	41190	0.2	1	40386 804
30	39679	0.2	1	38948 731
31	39426	0.2	1	38568 858
32	39160	0.2	1	38275 885
33	37669	0.2	1	36920 749
34	36185	0.2	1	35497 688
35	36163	0.2	1	35404 759
36	36340	0.2	1	35333 1007
37	34375	0.2	1	33692 683
38	32825	0.2	1	32123 702
39	32012	0.2	1	31322 690
40	31465	0.2	1	30769 696
41	30516	0.2	1	29756 760
42	32714	0.2	1	31431 1283
43	29558	0.2	1	28213 1345
44	49773	0.2	1	47558 2215
45	29146	0.2	1	28143 1003
46	46865	0.2	1	45623 1242
47	9081	0.2	1	8420 661
48	147803	0.2	1	145359 2444
49	96800	0.2	1	95192 1608
50	59282	0.2	1	58452 830
51	6409	0.2	1	6175 234
52	36930	0.2	1	36372 558
53	3266	0.2	1	3143 123
54	2746	0.2	1	2635 111
55	620	0.2	1	560 60
56	2078	0.2	1	1925 153
57	901	0.2	1	798 103
58	6215	0.2	1	6026 189
59	14617	0.2	1	14363 254
60	2213	0.2	1	2093 120
61	8691	0.2	1	8496 195
62	2395	0.2	1	2294 101
63	1070	0.2	1	970 100
64	7066	0.2	1	6925 141
65	11029	0.2	1	10823 206
66	3195	0.2	1	3106 89
67	919	0.2	1	831 88
68	1132	0.2	1	1004 128
69	4403	0.2	1	4272 131
70	5686	0.2	1	5505 181
71	3640	0.2	1	3456 184
72	2072	0.2	1	1867 205
73	1868	0.2	1	1732 136
74	15897	0.2	1	15521 376
75	11000	0.2	1	10776 224
76	9759	0.2	1	9505 254
77	8374	0.2	1	8200 174
78	6685	0.2	1	6532 153
79	6809	0.2	1	6688 121
80	6014	0.2	1	5879 135
81	6554	0.2	1	6397 157
82	7498	0.2	1	7330 168
83	10313	0.2	1	10104 209
84	9992	0.2	1	9752 240
85	11373	0.2	1	11142 231
86	11782	0.2	1	11555 227
87	20296	0.2	1	19954 342
88	15811	0.2	1	15585 226
89	18871	0.2	1	18566 305
90	9584	0.2	1	9410 174
91	5973	0.2	1	5837 136
92	4719	0.2	1	4623 96
93	7103	0.2	1	6659 444
94	73864	0.2	1	67943 5921
95	25563	0.2	1	23744 1819
96	15654	0.2	1	14411 1243
97	7360	0.2	1	6498 862
98	6512	0.2	1	5507 1005
99	4812	0.2	1	3759 1053
100	16603	0.2	1	14693 1910
101	1029323	0.2	1	997897 31426

RUN STATISTICS FOR INPUT FILE: Bap1_Math1_ctrl_3139_1.fastq.gz
=============================================
16755383 sequences processed in total

