
SUMMARISING RUN PARAMETERS
==========================
Input filename: Bap1_Math1_mut_3391_1.fastq.gz
Trimming mode: paired-end
Trim Galore version: 0.6.10
Cutadapt version: 4.9
Python version: could not detect
Number of cores used for trimming: 4
Quality Phred score cutoff: 20
Quality encoding type selected: ASCII+33
Using Illumina adapter for trimming (count: 230214). Second best hit was Nextera (count: 1)
Adapter sequence: 'AGATCGGAAGAGC' (Illumina TruSeq, Sanger iPCR; auto-detected)
Maximum trimming error rate: 0.1 (default)
Minimum required adapter overlap (stringency): 1 bp
Minimum required sequence length for both reads before a sequence pair gets removed: 20 bp
Running FastQC on the data once trimming has completed
Output file will be GZIP compressed


This is cutadapt 4.9 with Python 3.12.8
Command line parameters: -j 4 -e 0.1 -q 20 -O 1 -a AGATCGGAAGAGC Bap1_Math1_mut_3391_1.fastq.gz
Processing single-end reads on 4 cores ...
Finished in 62.719 s (4.624 µs/read; 12.98 M reads/minute).

=== Summary ===

Total reads processed:              13,563,377
Reads with adapters:                 7,412,838 (54.7%)
Reads written (passing filters):    13,563,377 (100.0%)

Total basepairs processed: 1,369,901,077 bp
Quality-trimmed:               6,114,992 bp (0.4%)
Total written (filtered):  1,193,140,101 bp (87.1%)

=== Adapter 1 ===

Sequence: AGATCGGAAGAGC; Type: regular 3'; Length: 13; Trimmed: 7412838 times

Minimum overlap: 1
No. of allowed errors:
1-9 bp: 0; 10-13 bp: 1

Bases preceding removed adapters:
  A: 33.9%
  C: 2.2%
  G: 17.1%
  T: 35.3%
  none/other: 11.5%

Overview of removed sequences
length	count	expect	max.err	error counts
1	3072299	3390844.2	0	3072299
2	847599	847711.1	0	847599
3	349271	211927.8	0	349271
4	131359	52981.9	0	131359
5	44265	13245.5	0	44265
6	43783	3311.4	0	43783
7	43227	827.8	0	43227
8	43036	207.0	0	43036
9	43586	51.7	0	43262 324
10	42802	12.9	1	41781 1021
11	43137	3.2	1	42243 894
12	41983	0.8	1	41203 780
13	43563	0.2	1	42526 1037
14	40961	0.2	1	40251 710
15	41845	0.2	1	40924 921
16	40938	0.2	1	40168 770
17	40818	0.2	1	39899 919
18	39763	0.2	1	39032 731
19	40162	0.2	1	39376 786
20	39652	0.2	1	38814 838
21	39809	0.2	1	38910 899
22	38355	0.2	1	37643 712
23	38088	0.2	1	37350 738
24	37909	0.2	1	37271 638
25	38062	0.2	1	37195 867
26	37027	0.2	1	36394 633
27	36423	0.2	1	35706 717
28	36468	0.2	1	35563 905
29	35291	0.2	1	34539 752
30	34615	0.2	1	33996 619
31	33620	0.2	1	32951 669
32	33665	0.2	1	32932 733
33	32245	0.2	1	31620 625
34	31672	0.2	1	30932 740
35	31125	0.2	1	30449 676
36	31110	0.2	1	30398 712
37	28435	0.2	1	27894 541
38	28940	0.2	1	28293 647
39	28141	0.2	1	27490 651
40	27246	0.2	1	26531 715
41	26936	0.2	1	26153 783
42	26083	0.2	1	25268 815
43	26868	0.2	1	25406 1462
44	39691	0.2	1	37974 1717
45	25204	0.2	1	24322 882
46	32523	0.2	1	31607 916
47	14863	0.2	1	14083 780
48	127132	0.2	1	125004 2128
49	32098	0.2	1	31278 820
50	46865	0.2	1	46139 726
51	9180	0.2	1	8827 353
52	59089	0.2	1	58275 814
53	16254	0.2	1	15988 266
54	1190	0.2	1	1125 65
55	2825	0.2	1	2768 57
56	1520	0.2	1	1437 83
57	624	0.2	1	547 77
58	5115	0.2	1	4948 167
59	10405	0.2	1	10195 210
60	3063	0.2	1	2928 135
61	7653	0.2	1	7500 153
62	996	0.2	1	928 68
63	719	0.2	1	653 66
64	5133	0.2	1	4996 137
65	8735	0.2	1	8564 171
66	1229	0.2	1	1160 69
67	1275	0.2	1	1228 47
68	556	0.2	1	512 44
69	1048	0.2	1	988 60
70	1457	0.2	1	1364 93
71	1052	0.2	1	968 84
72	994	0.2	1	872 122
73	3280	0.2	1	3139 141
74	18178	0.2	1	17769 409
75	10246	0.2	1	9992 254
76	8734	0.2	1	8499 235
77	7030	0.2	1	6876 154
78	5738	0.2	1	5602 136
79	5664	0.2	1	5554 110
80	4959	0.2	1	4836 123
81	5393	0.2	1	5266 127
82	6360	0.2	1	6216 144
83	8188	0.2	1	8008 180
84	8113	0.2	1	7913 200
85	9071	0.2	1	8868 203
86	9727	0.2	1	9543 184
87	17028	0.2	1	16727 301
88	12797	0.2	1	12564 233
89	15383	0.2	1	15153 230
90	7397	0.2	1	7287 110
91	4611	0.2	1	4508 103
92	3903	0.2	1	3802 101
93	6311	0.2	1	5859 452
94	61583	0.2	1	56815 4768
95	20906	0.2	1	19441 1465
96	13199	0.2	1	12172 1027
97	5938	0.2	1	5193 745
98	5155	0.2	1	4296 859
99	3928	0.2	1	3032 896
100	13556	0.2	1	11938 1618
101	819792	0.2	1	792030 27762

RUN STATISTICS FOR INPUT FILE: Bap1_Math1_mut_3391_1.fastq.gz
=============================================
13563377 sequences processed in total

