Distance from Center (cmd=annotatePeaks.pl /expanse/lustre/projects/csd940/ctea/homer/homer_scripts/reference_peaks/H3K27me3.bed mm10 -size 500000 -hist 1000 -bedGraph /expanse/lustre/projects/csd940/ctea/homer/bwt2_bam/tags/ctrl_M1/tagdirs/tagdirs.25x50kb.PC1.bedGraph /expanse/lustre/projects/csd940/ctea/homer/bwt2_bam/tags/mut_M1/tagdirs/tagdirs.25x50kb.PC1.bedGraph)	/expanse/lustre/projects/csd940/ctea/homer/bwt2_bam/tags/ctrl_M1/tagdirs/tagdirs.25x50kb.PC1.bedGraph Coverage	/expanse/lustre/projects/csd940/ctea/homer/bwt2_bam/tags/ctrl_M1/tagdirs/tagdirs.25x50kb.PC1.bedGraph + Tags	/expanse/lustre/projects/csd940/ctea/homer/bwt2_bam/tags/ctrl_M1/tagdirs/tagdirs.25x50kb.PC1.bedGraph - Tags	/expanse/lustre/projects/csd940/ctea/homer/bwt2_bam/tags/mut_M1/tagdirs/tagdirs.25x50kb.PC1.bedGraph Coverage	/expanse/lustre/projects/csd940/ctea/homer/bwt2_bam/tags/mut_M1/tagdirs/tagdirs.25x50kb.PC1.bedGraph + Tags	/expanse/lustre/projects/csd940/ctea/homer/bwt2_bam/tags/mut_M1/tagdirs/tagdirs.25x50kb.PC1.bedGraph - Tags
-250000	0.284184641659814	9.48472389145424e-06	9.64539186539314e-06	0.349885318489468	1.22206970712885e-05	1.20717945474097e-05
-249000	0.284156113606174	1.37825921943197e-05	1.381112024796e-05	0.349898412296793	1.63966095262192e-05	1.63835157188943e-05
-248000	0.284248086532988	8.32424568283889e-06	8.23227275602506e-06	0.35011797077614	1.08783604276045e-05	1.06588019482573e-05
-247000	0.284802454298185	1.28462268328167e-05	1.22918590676197e-05	0.350617306597508	1.56124992093111e-05	1.51131633879436e-05
-246000	0.284829464229236	9.02156999177685e-06	8.9945600607249e-06	0.350720475678411	1.20863432222152e-05	1.19831741413119e-05
-245000	0.284533936365362	1.09576823328484e-05	1.12532101967234e-05	0.350548042254412	1.32916060471883e-05	1.34640394711873e-05
-244000	0.284404326649377	9.85590486431779e-06	9.98551458030235e-06	0.350557404010374	1.27060535138212e-05	1.26966917578594e-05
-243000	0.284133658042887	1.37064330444683e-05	1.39771016509583e-05	0.350502561831868	1.68495793535328e-05	1.69044215320387e-05
-242000	0.283805047757606	9.63950914036307e-06	9.96811942564361e-06	0.350472642165855	1.21728129546461e-05	1.22027326206591e-05
-241000	0.283504396229996	1.14718198494529e-05	1.17724713770637e-05	0.350170029729901	1.4377316718325e-05	1.46799291542792e-05
-240000	0.283727243974951	1.23850338414827e-05	1.21621860965273e-05	0.350517110506673	1.48147257891075e-05	1.44676450123347e-05
-239000	0.283276930862167	9.52729457903725e-06	9.97760769182111e-06	0.350271617433108	1.26276171800873e-05	1.2873110253653e-05
-238000	0.2832530204314	1.13186792333481e-05	1.13425896641154e-05	0.350550825479157	1.47737364792207e-05	1.4494528433171e-05
-237000	0.28275374786514	1.15217281295465e-05	1.20210006958062e-05	0.350306470997533	1.41157568473654e-05	1.43601113289898e-05
-236000	0.28226801189196	1.18099184009109e-05	1.22956543740907e-05	0.350032323360111	1.46643683977481e-05	1.49385160351698e-05
-235000	0.28223182997027	9.04946549433866e-06	9.08564741602883e-06	0.350190018343981	1.2281611740148e-05	1.21239167562781e-05
-234000	0.282397495097729	1.2567018786767e-05	1.2401353659308e-05	0.350558922132962	1.5138718451515e-05	1.4769814662534e-05
-233000	0.281852931874249	1.23475235625277e-05	1.2892086786008e-05	0.350310139793788	1.49192864823835e-05	1.51680688215573e-05
-232000	0.281194888987286	1.05582263267759e-05	1.1216269213739e-05	0.349913656777785	1.35664494907964e-05	1.39629325067999e-05
-231000	0.281203365171738	1.12768676070593e-05	1.12683914226074e-05	0.350044784616358	1.34542349294705e-05	1.33231070908976e-05
-230000	0.280618824720096	1.20237839205516e-05	1.26083243721931e-05	0.34964488582453	1.50397242077298e-05	1.54396229995572e-05
-229000	0.279491745208426	1.13527104813714e-05	1.24797899930419e-05	0.348888860775508	1.37410335884623e-05	1.4497058637485e-05
-228000	0.279248086532988	1.00438990448479e-05	1.02875577202859e-05	0.348913467012461	1.29234613195015e-05	1.28988550825479e-05
-227000	0.27891998228857	1.24631538996774e-05	1.27912581440951e-05	0.348755392497944	1.56599405401986e-05	1.58180150547157e-05
-226000	0.278487443861092	1.11514327281928e-05	1.15839711556708e-05	0.348557024479727	1.42444809918401e-05	1.44428490100576e-05
-225000	0.278157821494086	9.15510152444811e-06	9.48472389145424e-06	0.348554241254981	1.22179138465431e-05	1.22206970712885e-05
-224000	0.278643936997913	1.42687076981466e-05	1.37825921943197e-05	0.349175469669176	1.70178379404137e-05	1.63966095262192e-05
-223000	0.278605161616801	8.28547030172687e-06	8.32424568283889e-06	0.349277563413246	1.09804541716744e-05	1.08783604276045e-05
-222000	0.279160478208615	1.34015434246315e-05	1.28462268328167e-05	0.349758998039092	1.60939338351572e-05	1.56124992093111e-05
-221000	0.278920361819217	8.78145360237839e-06	9.02156999177685e-06	0.349611234107154	1.19385792902777e-05	1.20863432222152e-05
-220000	0.27873964197609	1.0776962489721e-05	1.09576823328484e-05	0.34982288569802	1.35032576380543e-05	1.32916060471883e-05
-219000	0.278495287494465	9.6115503826934e-06	9.85590486431779e-06	0.349673477133279	1.25566449490796e-05	1.27060535138212e-05
-218000	0.277732747169334	1.29438927193371e-05	1.37064330444683e-05	0.349088304130559	1.62644063508128e-05	1.68495793535328e-05
-217000	0.277804668226959	9.71143019798848e-06	9.63950914036307e-06	0.34949307356569	1.2577582389778e-05	1.21728129546461e-05
-216000	0.277666392561199	1.13335441836928e-05	1.14718198494529e-05	0.349241950787526	1.41261939401607e-05	1.4377316718325e-05
-215000	0.277520399772282	1.2239041052565e-05	1.23850338414827e-05	0.349165601872351	1.47383768739325e-05	1.48147257891075e-05
-214000	0.277351065848567	9.35796065532292e-06	9.52729457903725e-06	0.349256436207224	1.27184515149598e-05	1.26276171800873e-05
-213000	0.277037004238092	1.1004617622873e-05	1.13186792333481e-05	0.349240116389398	1.47574166613954e-05	1.47737364792207e-05
-212000	0.276939464861788	1.14241887532418e-05	1.15217281295465e-05	0.349171168321842	1.4046808779809e-05	1.41157568473654e-05
-211000	0.276442659244734	1.13131127838573e-05	1.18099184009109e-05	0.348923018533747	1.44162186096527e-05	1.46643683977481e-05
-210000	0.276355809981656	8.96261623126067e-06	9.04946549433866e-06	0.349083686507686	1.24422797140869e-05	1.2281611740148e-05
-209000	0.276437598836106	1.2648807641217e-05	1.2567018786767e-05	0.349556202163325	1.56112341071542e-05	1.5138718451515e-05
-208000	0.275733189955089	1.16431146815105e-05	1.23475235625277e-05	0.348992852172813	1.43559364918717e-05	1.49192864823835e-05
-207000	0.274817635524069	9.64267189575559e-06	1.05582263267759e-05	0.348366057309128	1.29396546271111e-05	1.35664494907964e-05
-206000	0.274846226832817	1.13054589158074e-05	1.12768676070593e-05	0.348553355683471	1.36415333038143e-05	1.34542349294705e-05
-205000	0.274558289581884	1.17358466696186e-05	1.20237839205516e-05	0.34847719653362	1.49635650578784e-05	1.50397242077298e-05
-204000	0.273866847997976	1.06612688974635e-05	1.13527104813714e-05	0.348127206021886	1.33910430767284e-05	1.37410335884623e-05
-203000	0.273777658295907	9.95470934277944e-06	1.00438990448479e-05	0.348259092921753	1.30553482193687e-05	1.29234613195015e-05
-202000	0.273498323739642	1.2183819343412e-05	1.24631538996774e-05	0.348203491681953	1.56043393003985e-05	1.56599405401986e-05
-201000	0.272835346954267	1.04884559428174e-05	1.11514327281928e-05	0.34781346068695	1.38544499968372e-05	1.42444809918401e-05
-200000	0.272485229932317	8.80498450249858e-06	9.15510152444811e-06	0.347668163704219	1.20726168638117e-05	1.22179138465431e-05
-199000	0.272923777595041	1.47072553608704e-05	1.42687076981466e-05	0.348300335252072	1.76500094882662e-05	1.70178379404137e-05
-198000	0.272912391675628	8.27408438231388e-06	8.28547030172687e-06	0.348440065785312	1.11201847049149e-05	1.09804541716744e-05
-197000	0.272459105572775	1.29482573217787e-05	1.34015434246315e-05	0.348235119235878	1.58889872857233e-05	1.60939338351572e-05
-196000	0.272039534442406	8.36188247200961e-06	8.78145360237839e-06	0.347945221076602	1.16486811310013e-05	1.19385792902777e-05
-195000	0.272159529381998	1.08969574293124e-05	1.0776962489721e-05	0.348282940097413	1.38409766588652e-05	1.35032576380543e-05
-194000	0.271889619836802	9.34164083749763e-06	9.6115503826934e-06	0.348132835726485	1.24065405781517e-05	1.25566449490796e-05
-193000	0.271006894806756	1.20611676892909e-05	1.29438927193371e-05	0.347397684863053	1.55292554873806e-05	1.62644063508128e-05
-192000	0.271181415649314	9.88595104054652e-06	9.71143019798848e-06	0.347708204187488	1.28881017142134e-05	1.2577582389778e-05
-191000	0.270707065595547	1.0859194129926e-05	1.13335441836928e-05	0.347395344424062	1.38133341767348e-05	1.41261939401607e-05
-190000	0.270244227971409	1.17762034284268e-05	1.2239041052565e-05	0.347091150610412	1.44341830602821e-05	1.47383768739325e-05
-189000	0.270080270731862	9.19400341577582e-06	9.35796065532292e-06	0.347217913846543	1.28452147510911e-05	1.27184515149598e-05
-188000	0.269660573091277	1.05849199822886e-05	1.1004617622873e-05	0.346932759820355	1.44722626352078e-05	1.47574166613954e-05
-187000	0.269560250490227	1.13238661521918e-05	1.14241887532418e-05	0.346847491934974	1.39615408944272e-05	1.4046808779809e-05
-186000	0.269487380605984	1.12402428996141e-05	1.13131127838573e-05	0.347017584919982	1.45863115946613e-05	1.44162186096527e-05
-185000	0.269248845594282	8.72408121955848e-06	8.96261623126067e-06	0.347137073818711	1.25617686128155e-05	1.24422797140869e-05
-184000	0.268712442279714	1.21124043266494e-05	1.2648807641217e-05	0.346882218989183	1.53563792776267e-05	1.56112341071542e-05
-183000	0.268198114997786	1.11287873995825e-05	1.16431146815105e-05	0.346389335188816	1.38630526915048e-05	1.43559364918717e-05
-182000	0.267650515529129	9.09507242709849e-06	9.64267189575559e-06	0.346048453412613	1.25987728509077e-05	1.29396546271111e-05
-181000	0.267040989309887	1.06959326965653e-05	1.13054589158074e-05	0.345770130938073	1.33632108292745e-05	1.36415333038143e-05
-180000	0.26699734328547	1.16922006452021e-05	1.17358466696186e-05	0.345886773356949	1.50802074767537e-05	1.49635650578784e-05
-179000	0.266446454551205	1.01103801631982e-05	1.06612688974635e-05	0.345454234929471	1.29585046492504e-05	1.33910430767284e-05
-178000	0.266218419887406	9.72667467898033e-06	9.95470934277944e-06	0.345529192232273	1.31303055221709e-05	1.30553482193687e-05
-177000	0.265398127648808	1.13635271048137e-05	1.2183819343412e-05	0.344843759883611	1.49189069517363e-05	1.56043393003985e-05
-176000	0.264716174331077	9.80650262508698e-06	1.04884559428174e-05	0.344270605351382	1.32812954646088e-05	1.38544499968372e-05
-175000	0.264574799165033	8.66360933645391e-06	8.80498450249858e-06	0.34422771838826	1.20297299006895e-05	1.20726168638117e-05
-174000	0.26377670946929	1.39091656651275e-05	1.47072553608704e-05	0.343823265228667	1.72455563286735e-05	1.76500094882662e-05
-173000	0.263679233348093	8.17660826111708e-06	8.27408438231388e-06	0.343913846543108	1.12107660193561e-05	1.11201847049149e-05
-172000	0.26269726105383	1.1966285027516e-05	1.29482573217787e-05	0.343173508760832	1.51486495034474e-05	1.58889872857233e-05
-171000	0.262059206780948	7.72382819912709e-06	8.36188247200961e-06	0.342710734391802	1.1185906761971e-05	1.16486811310013e-05
-170000	0.26223714339933	1.10748940476943e-05	1.08969574293124e-05	0.343070466190145	1.42007084572079e-05	1.38409766588652e-05
-169000	0.261898285786577	9.0027832247454e-06	9.34164083749763e-06	0.342934151432728	1.2270225820735e-05	1.24065405781517e-05
-168000	0.261869884243153	1.20327661458663e-05	1.20611676892909e-05	0.34280435195142	1.53994560060725e-05	1.55292554873806e-05
-167000	0.261702827503321	9.71889430071478e-06	9.88595104054652e-06	0.34294528433171	1.30290340945031e-05	1.28881017142134e-05
-166000	0.261065152761085	1.02215193876906e-05	1.0859194129926e-05	0.342580871655386	1.34489215004112e-05	1.38133341767348e-05
-165000	0.260239294072996	1.09503447403378e-05	1.17762034284268e-05	0.342137516604466	1.39908280093618e-05	1.44341830602821e-05
-164000	0.260165032576381	9.11974191915997e-06	9.19400341577582e-06	0.342543930672402	1.32516288190271e-05	1.28452147510911e-05
-163000	0.259633436650009	1.00533240559175e-05	1.05849199822886e-05	0.342144854196976	1.40731861597824e-05	1.44722626352078e-05
-162000	0.25918710860902	1.08775381112025e-05	1.13238661521918e-05	0.34180877980897	1.36254665064204e-05	1.39615408944272e-05
-161000	0.259259092921753	1.13122272123474e-05	1.12402428996141e-05	0.34186760705927	1.46451388449617e-05	1.45863115946613e-05
-160000	0.25877993547979	8.24492377759504e-06	8.72408121955848e-06	0.341672718071984	1.23668796255298e-05	1.25617686128155e-05
-159000	0.257837750648365	1.11702194952242e-05	1.21124043266494e-05	0.341042697197799	1.47263584034411e-05	1.53563792776267e-05
-158000	0.257219874754886	1.05109115061041e-05	1.11287873995825e-05	0.340753811120248	1.35741666139541e-05	1.38630526915048e-05
-157000	0.256769118856348	8.64431652855967e-06	9.09507242709849e-06	0.340610095515213	1.24550572458726e-05	1.25987728509077e-05
-156000	0.255997596305902	9.9244101461193e-06	1.06959326965653e-05	0.340087418559049	1.28405338731103e-05	1.33632108292745e-05
-155000	0.256067682965399	1.17622873046999e-05	1.16922006452021e-05	0.340251692074135	1.52444809918401e-05	1.50802074767537e-05
-154000	0.255035043329749	9.0777405275476e-06	1.01103801631982e-05	0.339477006768297	1.2183819343412e-05	1.29585046492504e-05
-153000	0.254163198178253	8.85482952748434e-06	9.72667467898033e-06	0.338947688025808	1.26009867796824e-05	1.31303055221709e-05
-152000	0.252729521158834	9.9298500853944e-06	1.13635271048137e-05	0.337801885002214	1.37731039281422e-05	1.49189069517363e-05
-151000	0.251949838699475	9.02682016572838e-06	9.80650262508698e-06	0.337234676450123	1.27140869125182e-05	1.32812954646088e-05
-150000	0.251916376747422	8.63014738440128e-06	8.66360933645391e-06	0.337279271301158	1.20743247517237e-05	1.20297299006895e-05
-149000	0.250473907268012	1.2466696185717e-05	1.39091656651275e-05	0.336176608261117	1.61428932886331e-05	1.72455563286735e-05
-148000	0.250127901828073	7.83060282117781e-06	8.17660826111708e-06	0.335995129356696	1.10292871149345e-05	1.12107660193561e-05
-147000	0.248986842937567	1.08252261370106e-05	1.1966285027516e-05	0.335112277816434	1.42657979631855e-05	1.51486495034474e-05
-146000	0.248271743943323	7.0087292048833e-06	7.72382819912709e-06	0.334656398254159	1.07300271996964e-05	1.1185906761971e-05
-145000	0.248318868998672	1.11220191030426e-05	1.10748940476943e-05	0.334857043456259	1.4401353659308e-05	1.42007084572079e-05
-144000	0.247855651843886	8.53956606996016e-06	9.0027832247454e-06	0.334665380479474	1.20785628439497e-05	1.2270225820735e-05
-143000	0.247558036561452	1.17351508634322e-05	1.20327661458663e-05	0.334527990385224	1.52620659118224e-05	1.53994560060725e-05
-142000	0.246849199822886	9.01005756214814e-06	9.71889430071478e-06	0.334132709216269	1.26337529255488e-05	1.30290340945031e-05
-141000	0.246628376241381	1.00006958061863e-05	1.02215193876906e-05	0.334238092225947	1.35543045100892e-05	1.34489215004112e-05
-140000	0.24563988867101	9.96185716996647e-06	1.09503447403378e-05	0.333502941362515	1.32556771459295e-05	1.39908280093618e-05
-139000	0.245067746220507	8.54759946865709e-06	9.11974191915997e-06	0.333217154785249	1.2965842241761e-05	1.32516288190271e-05
-138000	0.244169270668606	9.15484850401669e-06	1.00533240559175e-05	0.332614143842115	1.34701752166487e-05	1.40731861597824e-05
-137000	0.243313365804289	1.00216332468847e-05	1.08775381112025e-05	0.331929597064963	1.29409197292681e-05	1.36254665064204e-05
-136000	0.242768992346132	1.07678537541907e-05	1.13122272123474e-05	0.331503320893162	1.42188626731608e-05	1.46451388449617e-05
-135000	0.241978050477576	7.45398190903915e-06	8.24492377759504e-06	0.33094262761718	1.18061863495477e-05	1.23668796255298e-05
-134000	0.241174078056803	1.03662470744513e-05	1.11702194952242e-05	0.330244417736732	1.40281485229932e-05	1.47263584034411e-05
-133000	0.240580365614523	9.9171990638244e-06	1.05109115061041e-05	0.330004238092226	1.33339869694478e-05	1.35741666139541e-05
-132000	0.239747991650326	7.81194256436207e-06	8.64431652855967e-06	0.329412233537858	1.18630526915048e-05	1.24550572458726e-05
-131000	0.239389208678601	9.56562717439433e-06	9.9244101461193e-06	0.329199316844835	1.26276171800873e-05	1.28405338731103e-05
-130000	0.239031121513062	1.14042001391612e-05	1.17622873046999e-05	0.329049781769878	1.50949459168828e-05	1.52444809918401e-05
-129000	0.238225630969701	8.27224998418622e-06	9.0777405275476e-06	0.328617559617939	1.17515971914732e-05	1.2183819343412e-05
-128000	0.237253399962047	7.88259851983047e-06	8.85482952748434e-06	0.327811499778607	1.17949269403504e-05	1.26009867796824e-05
-127000	0.23615769498387	8.83414510721741e-06	9.9298500853944e-06	0.326927509646404	1.2889113795939e-05	1.37731039281422e-05
-126000	0.235605983933203	8.47510911506104e-06	9.02682016572838e-06	0.326654627111139	1.24412043772535e-05	1.27140869125182e-05
-125000	0.235283003352521	8.3071668037194e-06	8.63014738440128e-06	0.326489404769435	1.19091024100196e-05	1.20743247517237e-05
-124000	0.234341324561958	1.15250173951547e-05	1.2466696185717e-05	0.325704661901449	1.53581504206465e-05	1.61428932886331e-05
-123000	0.233603516983996	7.09279524321588e-06	7.83060282117781e-06	0.325054652413182	1.03792776266684e-05	1.10292871149345e-05
-122000	0.232974128660889	1.01958378139035e-05	1.08252261370106e-05	0.324661901448542	1.38730469985451e-05	1.42657979631855e-05
-121000	0.232423303181732	6.45790372572585e-06	7.0087292048833e-06	0.324514833322791	1.05829590739452e-05	1.07300271996964e-05
-120000	0.231864634069201	1.05633499905117e-05	1.11220191030426e-05	0.324192928078942	1.40794484154596e-05	1.4401353659308e-05
-119000	0.231276424821304	7.95135682206338e-06	8.53956606996016e-06	0.323620216332469	1.15058510974761e-05	1.20785628439497e-05
-118000	0.230500031627554	1.09587576696818e-05	1.17351508634322e-05	0.323050034790309	1.46918843696629e-05	1.52620659118224e-05
-117000	0.229782528939212	8.29255487380606e-06	9.01005756214814e-06	0.322378834840913	1.19625529761528e-05	1.26337529255488e-05
-116000	0.229364475931431	9.58264279840595e-06	1.00006958061863e-05	0.322268770953254	1.34442406224303e-05	1.35543045100892e-05
-115000	0.228663103295591	9.26048453412613e-06	9.96185716996647e-06	0.321669745081915	1.26566512745904e-05	1.32556771459295e-05
-114000	0.227942880637611	7.82737681067746e-06	8.54759946865709e-06	0.321017901195522	1.23139983553672e-05	1.2965842241761e-05
-113000	0.227222215193877	8.43418306028211e-06	9.15484850401669e-06	0.320602315136947	1.30545891580745e-05	1.34701752166487e-05
-112000	0.226061294199507	8.86071225251439e-06	1.00216332468847e-05	0.319704155860586	1.20427604529066e-05	1.29409197292681e-05
-111000	0.2247993547979	9.50591435258397e-06	1.07678537541907e-05	0.318817066228098	1.3331773040673e-05	1.42188626731608e-05
-110000	0.224357897400215	7.0125245113543e-06	7.45398190903915e-06	0.318545638560314	1.15347586817636e-05	1.18061863495477e-05
-109000	0.223165032576381	9.17338225061672e-06	1.03662470744513e-05	0.317611993168448	1.30945031311278e-05	1.40281485229932e-05
-108000	0.222430071478272	9.18223796571573e-06	9.9171990638244e-06	0.317251059523056	1.29730533240559e-05	1.33339869694478e-05
-107000	0.221954076791701	7.33594787779113e-06	7.81194256436207e-06	0.316954076791701	1.15660699601493e-05	1.18630526915048e-05
-106000	0.221264659371244	8.87620975393763e-06	9.56562717439433e-06	0.316498260484534	1.21718008729205e-05	1.26276171800873e-05
-105000	0.22024036940983	1.03799101777468e-05	1.14042001391612e-05	0.315887532418243	1.44842178505914e-05	1.50949459168828e-05
-104000	0.21936333733949	7.39521791384655e-06	8.27224998418622e-06	0.315291416281865	1.11554810550952e-05	1.17515971914732e-05
-103000	0.218658042886963	7.17730406730344e-06	7.88259851983047e-06	0.314923145043962	1.1426655702448e-05	1.17949269403504e-05
-102000	0.217859889936112	8.03599215636662e-06	8.83414510721741e-06	0.314358972737048	1.23249414890252e-05	1.2889113795939e-05
-101000	0.217323107090898	7.9383262698463e-06	8.47510911506104e-06	0.314143146309064	1.22253779492694e-05	1.24412043772535e-05
-100000	0.216871592131065	7.85565184388639e-06	8.3071668037194e-06	0.31406825226137	1.18342083623253e-05	1.19091024100196e-05
-99000	0.21586583591625	1.05192611803403e-05	1.15250173951547e-05	0.313352520716048	1.46424188753242e-05	1.53581504206465e-05
-98000	0.214973243089379	6.20020241634511e-06	7.09279524321588e-06	0.312448984755519	9.47574166613955e-06	1.03792776266684e-05
-97000	0.21411885634765	9.34145107217406e-06	1.01958378139035e-05	0.311881270162566	1.33053324055917e-05	1.38730469985451e-05
-96000	0.213485925738503	5.82497311657917e-06	6.45790372572585e-06	0.311507748750712	1.02094376620912e-05	1.05829590739452e-05
-95000	0.212569485735973	9.64690998798153e-06	1.05633499905117e-05	0.310888860775508	1.34605604402555e-05	1.40794484154596e-05
-94000	0.21161812891391	6.99999999999999e-06	7.95135682206338e-06	0.310343601745841	1.09605920678095e-05	1.15058510974761e-05
-93000	0.210406540578152	9.74716933392372e-06	1.09587576696818e-05	0.309259725472832	1.36080080966538e-05	1.46918843696629e-05
-92000	0.209493136820798	7.37915111645265e-06	8.29255487380606e-06	0.308579669808337	1.12824973116579e-05	1.19625529761528e-05
-91000	0.207942121576317	8.03162755392498e-06	9.58264279840595e-06	0.307308874691631	1.21734455057246e-05	1.34442406224303e-05
-90000	0.207124169776709	8.44253273451831e-06	9.26048453412613e-06	0.306663229805807	1.20110063887659e-05	1.26566512745904e-05
-89000	0.206494971218926	7.19817825289392e-06	7.82737681067746e-06	0.30618887975204	1.18396483016003e-05	1.23139983553672e-05
-88000	0.205878866468467	7.81807830982353e-06	8.43418306028211e-06	0.305947877791132	1.28135871971662e-05	1.30545891580745e-05
-87000	0.204238345246379	7.22019103042571e-06	8.86071225251439e-06	0.304888291479537	1.09831741413119e-05	1.20427604529066e-05
-86000	0.203078309823518	8.34587892972358e-06	9.50591435258397e-06	0.304190714150168	1.26341957113037e-05	1.3331773040673e-05
-85000	0.202622113985704	6.55632867354038e-06	7.0125245113543e-06	0.304013093807325	1.13571383389209e-05	1.15347586817636e-05
-84000	0.201279461066481	7.83072933139351e-06	9.17338225061672e-06	0.303029540135366	1.21109494591688e-05	1.30945031311278e-05
-83000	0.200391169586944	8.29394648617875e-06	9.18223796571573e-06	0.302504649250427	1.2448162439117e-05	1.29730533240559e-05
-82000	0.200395281168954	7.34005945980138e-06	7.33594787779113e-06	0.302738566639256	1.17999873489784e-05	1.15660699601493e-05
-81000	0.199305901701562	7.78683028654565e-06	8.87620975393763e-06	0.302077297741793	1.1510531975457e-05	1.21718008729205e-05
-80000	0.198085204630274	9.15921310645835e-06	1.03799101777468e-05	0.301422797140869	1.38297172496679e-05	1.44842178505914e-05
-79000	0.196955088873427	6.26510215699918e-06	7.39521791384655e-06	0.300434942121576	1.01676260358024e-05	1.11554810550952e-05
-78000	0.196219748244671	6.44196343854766e-06	7.17730406730344e-06	0.300207856284395	1.11995698652666e-05	1.1426655702448e-05
-77000	0.19529685622114	7.11310013283573e-06	8.03599215636662e-06	0.299694288063761	1.18113732683914e-05	1.23249414890252e-05
-76000	0.194722057056107	7.36352710481371e-06	7.9383262698463e-06	0.299262065911822	1.17931557973306e-05	1.22253779492694e-05
-75000	0.193803150104371	6.93674489215004e-06	7.85565184388639e-06	0.298692959706496	1.12651021569992e-05	1.18342083623253e-05
-74000	0.192725093301284	9.44120437725347e-06	1.05192611803403e-05	0.297999810234676	1.39492694035043e-05	1.46424188753242e-05
-73000	0.191794294389272	5.26940350433297e-06	6.20020241634511e-06	0.297227022582074	8.70295401353659e-06	9.47574166613955e-06
-72000	0.190471819849453	8.01897653235499e-06	9.34145107217406e-06	0.296350370042381	1.24286798658992e-05	1.33053324055917e-05
-71000	0.189713011575685	5.06616484281105e-06	5.82497311657917e-06	0.29591466885951	9.7737364792207e-06	1.02094376620912e-05
-70000	0.188582579543298	8.51647795559492e-06	9.64690998798153e-06	0.295053577076349	1.25994686570941e-05	1.34605604402555e-05
-69000	0.187460876715795	5.87829717249668e-06	6.99999999999999e-06	0.294417989752673	1.03250047441331e-05	1.09605920678095e-05
-68000	0.186091846416598	8.37813903472705e-06	9.74716933392372e-06	0.293296982731356	1.24870010753369e-05	1.36080080966538e-05
-67000	0.185160604718831	6.44790941868555e-06	7.37915111645265e-06	0.292950471250553	1.09359858308558e-05	1.12824973116579e-05
-66000	0.183682775634132	6.55379846922639e-06	8.03162755392498e-06	0.291904042001392	1.11270162565627e-05	1.21734455057246e-05
-65000	0.182745398190904	7.50515529128977e-06	8.44253273451831e-06	0.291232399266241	1.1339363653615e-05	1.20110063887659e-05
-64000	0.182305016130053	6.7577961920425e-06	7.19817825289392e-06	0.291080397242077	1.16876462774369e-05	1.18396483016003e-05
-63000	0.181256436207224	6.76949838699475e-06	7.81807830982353e-06	0.290410841925485	1.21440318805743e-05	1.28135871971662e-05
-62000	0.179870769814663	5.83452463786451e-06	7.22019103042571e-06	0.289491492187994	1.00638244038206e-05	1.09831741413119e-05
-61000	0.179051363147574	7.52647226263521e-06	8.34587892972358e-06	0.289076159149851	1.22188626731608e-05	1.26341957113037e-05
-60000	0.1782377126953	5.74267822126637e-06	6.55632867354038e-06	0.288680941236005	1.09619204250743e-05	1.13571383389209e-05
-59000	0.177100765386805	6.69378202289834e-06	7.83072933139351e-06	0.287938326269846	1.13683344930103e-05	1.21109494591688e-05
-58000	0.175727370485167	6.92055158454045e-06	8.29394648617875e-06	0.286949016383073	1.14588525523436e-05	1.2448162439117e-05
-57000	0.175169776709469	6.78246568410399e-06	7.34005945980138e-06	0.286822253146942	1.16732241128471e-05	1.17999873489784e-05
-56000	0.174231576949839	6.84863052691505e-06	7.78683028654565e-06	0.286232209500917	1.09204883294326e-05	1.1510531975457e-05
-55000	0.173213549244101	8.14118540072111e-06	9.15921310645835e-06	0.285642988171295	1.32404959200456e-05	1.38297172496679e-05
-54000	0.172557087734835	5.6086406477323e-06	6.26510215699918e-06	0.285346701246126	9.87133911063318e-06	1.01676260358024e-05
-53000	0.171630843190588	5.51571889430071e-06	6.44196343854766e-06	0.284743437282561	1.05963059017016e-05	1.11995698652666e-05
-52000	0.171473401227149	6.95565816939718e-06	7.11310013283573e-06	0.284799734328547	1.18676703143779e-05	1.18113732683914e-05
-51000	0.171066228097919	6.95635397558353e-06	7.36352710481371e-06	0.284686570940603	1.16799924093871e-05	1.17931557973306e-05
-50000	0.170178505914353	6.04902270858372e-06	6.93674489215004e-06	0.28414004680878	1.07185780251755e-05	1.12651021569992e-05
-49000	0.169028085267885	8.29078373078625e-06	9.44120437725347e-06	0.283416977670947	1.32262002656714e-05	1.39492694035043e-05
-48000	0.168011006388766	4.25232462521349e-06	5.26940350433297e-06	0.282841292934404	8.12726927699413e-06	8.70295401353659e-06
-47000	0.167270921626921	7.27889177051046e-06	8.01897653235499e-06	0.282570687583022	1.21580745145171e-05	1.24286798658992e-05
-46000	0.166605920678095	4.40116389398444e-06	5.06616484281105e-06	0.282460307419824	9.66335631602252e-06	9.7737364792207e-06
-45000	0.165761654753621	7.67221203112151e-06	8.51647795559492e-06	0.282141248655829	1.22804098930989e-05	1.25994686570941e-05
-44000	0.165351445379214	5.46808779808969e-06	5.87829717249668e-06	0.282100132835726	1.02838889240306e-05	1.03250047441331e-05
-43000	0.1643424631539	7.36915680941236e-06	8.37813903472705e-06	0.281535201467518	1.19220697071289e-05	1.24870010753369e-05
-42000	0.163792459991144	5.89790625593017e-06	6.44790941868555e-06	0.281448415459548	1.08491998228857e-05	1.09359858308558e-05
-41000	0.162894616990322	5.65595546840407e-06	6.55379846922639e-06	0.281023341134797	1.0701941931811e-05	1.11270162565627e-05
-40000	0.162715731545322	7.32626984629008e-06	7.50515529128977e-06	0.28108267442596	1.13986969447783e-05	1.1339363653615e-05
-39000	0.162519450945664	6.56151559238408e-06	6.7577961920425e-06	0.281234613195015	1.18395850464925e-05	1.16876462774369e-05
-38000	0.161919919033462	6.16996647479283e-06	6.76949838699475e-06	0.281121070276425	1.20304889619837e-05	1.21440318805743e-05
-37000	0.161774495540515	5.68910114491745e-06	5.83452463786451e-06	0.281605794167879	1.05485482952748e-05	1.00638244038206e-05
-36000	0.161049402239231	6.80137896135113e-06	7.52647226263521e-06	0.281350306787273	1.19633752925549e-05	1.22188626731608e-05
-35000	0.160805996584224	5.49927256625972e-06	5.74267822126637e-06	0.281642671895756	1.12542855335569e-05	1.09619204250743e-05
-34000	0.160483775064836	6.37156050351066e-06	6.69378202289834e-06	0.281763678917073	1.14893415143273e-05	1.13683344930103e-05
-33000	0.16005414637232	6.49092289202353e-06	6.92055158454045e-06	0.281864697324309	1.155987095958e-05	1.14588525523436e-05
-32000	0.159949901954583	6.67822126636725e-06	6.78246568410399e-06	0.282334493010311	1.21430197988488e-05	1.16732241128471e-05
-31000	0.159917199063824	6.81592763615662e-06	6.84863052691505e-06	0.282765892845847	1.13518881649693e-05	1.09204883294326e-05
-30000	0.159633942690872	7.85792902776899e-06	8.14118540072111e-06	0.282777848061231	1.32524511354292e-05	1.32404959200456e-05
-29000	0.159656777784806	5.63147574166614e-06	5.6086406477323e-06	0.283348978430008	1.04424694794105e-05	9.87133911063318e-06
-28000	0.15920741349864	5.06635460813461e-06	5.51571889430071e-06	0.283242646593712	1.04899740654058e-05	1.05963059017016e-05
-27000	0.159658865203365	7.40710987412234e-06	6.95565816939718e-06	0.284070782465684	1.26958061863496e-05	1.18676703143779e-05
-26000	0.159685432348662	6.98292112088051e-06	6.95635397558353e-06	0.284495224239357	1.21044341830603e-05	1.16799924093871e-05
-25000	0.159527927130116	5.89151749003732e-06	6.04902270858372e-06	0.284845910557277	1.10692643430957e-05	1.07185780251755e-05
-24000	0.15882465684104	7.58751344171041e-06	8.29078373078625e-06	0.284683281674995	1.30635713833892e-05	1.32262002656714e-05
-23000	0.158809981656019	4.23764944019229e-06	4.25232462521349e-06	0.285214877601366	8.65886520336517e-06	8.12726927699413e-06
-22000	0.158817382503637	7.28629261812892e-06	7.27889177051046e-06	0.28569371876779	1.26369156809412e-05	1.21580745145171e-05
-21000	0.158851603516984	4.43538490733126e-06	4.40116389398444e-06	0.286141122145613	1.01107596938453e-05	9.66335631602252e-06
-20000	0.158843000822316	7.66360933645392e-06	7.67221203112151e-06	0.286556265418433	1.26955531659181e-05	1.22804098930989e-05
-19000	0.15926390030995	5.88898728572332e-06	5.46808779808969e-06	0.287306977038396	1.10346005439939e-05	1.02838889240306e-05
-18000	0.159452843317098	7.55809981656019e-06	7.36915680941236e-06	0.288007527357834	1.26226200265671e-05	1.19220697071289e-05
-17000	0.159641849579354	6.08691251818584e-06	5.89790625593017e-06	0.288370168891138	1.12118413561895e-05	1.08491998228857e-05
-16000	0.159644443038775	5.65854892782592e-06	5.65595546840407e-06	0.288701878676703	1.10336517173762e-05	1.0701941931811e-05
-15000	0.159832184198874	7.51401100638876e-06	7.32626984629008e-06	0.289141754696692	1.18385729647669e-05	1.13986969447783e-05
-14000	0.159867543804162	6.59687519767221e-06	6.56151559238408e-06	0.289509330128408	1.22071604782086e-05	1.18395850464925e-05
-13000	0.159654184325384	5.95660699601493e-06	6.16996647479283e-06	0.289541210702764	1.206236953634e-05	1.20304889619837e-05
-12000	0.159652982478335	5.6878992978683e-06	5.68910114491745e-06	0.290052818015055	1.10601556075653e-05	1.05485482952748e-05
-11000	0.159188057435638	6.33645391865394e-06	6.80137896135113e-06	0.289871086090202	1.17816433677019e-05	1.19633752925549e-05
-10000	0.159580492124739	5.89170725536087e-06	5.49927256625972e-06	0.290187171864128	1.15703713074831e-05	1.12542855335569e-05
-9000	0.159573976848631	6.36504522740211e-06	6.37156050351066e-06	0.290497185147701	1.17993547978999e-05	1.14893415143273e-05
-8000	0.159878550192928	6.79549623632108e-06	6.49092289202353e-06	0.290943007147827	1.20056929597065e-05	1.155987095958e-05
-7000	0.160030805237523	6.83047631096211e-06	6.67822126636725e-06	0.291179581251186	1.23795939022076e-05	1.21430197988488e-05
-6000	0.159874248845594	6.65937124422797e-06	6.81592763615662e-06	0.291357517869568	1.15298247833513e-05	1.13518881649693e-05
-5000	0.159394395597445	7.3780757796192e-06	7.85792902776899e-06	0.290925991523816	1.28209247896768e-05	1.32524511354292e-05
-4000	0.159451198684294	5.6882788285154e-06	5.63147574166614e-06	0.291121449807072	1.06379277626668e-05	1.04424694794105e-05
-3000	0.159531089885508	5.1462458093491e-06	5.06635460813461e-06	0.291053197545702	1.04217218040357e-05	1.04899740654058e-05
-2000	0.159360617369853	7.2366373584667e-06	7.40710987412234e-06	0.290880890631919	1.25234992725663e-05	1.26958061863496e-05
-1000	0.159406477323044	7.02878107407173e-06	6.98292112088051e-06	0.29089468024543	1.21182237965716e-05	1.21044341830603e-05
0	0.159163767474224	5.64880764121702e-06	5.89151749003732e-06	0.290604529065722	1.07791131633879e-05	1.10692643430957e-05
1000	0.158735087608324	7.15883357581125e-06	7.58751344171041e-06	0.290287114934531	1.27461572521981e-05	1.30635713833892e-05
2000	0.158608830413056	4.11139224492377e-06	4.23764944019229e-06	0.29024270984882	8.6144601176545e-06	8.65886520336517e-06
3000	0.158225377949269	6.90284015434246e-06	7.28629261812892e-06	0.289822822442912	1.22170282750332e-05	1.26369156809412e-05
4000	0.158070276424821	4.28028338288316e-06	4.43538490733126e-06	0.289560503510658	9.84844076159151e-06	1.01107596938453e-05
5000	0.157874881396673	7.46821430830539e-06	7.66360933645392e-06	0.289224239357328	1.23592890125878e-05	1.26955531659181e-05
6000	0.158089569232716	6.10367512176608e-06	5.88898728572332e-06	0.289232525776456	1.10428869631223e-05	1.10346005439939e-05
7000	0.158530836865077	7.99936744892149e-06	7.55809981656019e-06	0.289555063571383	1.29451578214941e-05	1.26226200265671e-05
8000	0.158553229173256	6.10930482636473e-06	6.08691251818584e-06	0.289398190903915	1.10549686887216e-05	1.12118413561895e-05
9000	0.158616800556645	5.72212031121514e-06	5.65854892782592e-06	0.289127712062749	1.07631728762098e-05	1.10336517173762e-05
10000	0.158414510721741	7.3117211714846e-06	7.51401100638876e-06	0.288806945410842	1.15178063128598e-05	1.18385729647669e-05
11000	0.158425833386046	6.60819786197735e-06	6.59687519767221e-06	0.288671895755582	1.2072110822949e-05	1.22071604782086e-05
12000	0.157709216269214	5.23998987918275e-06	5.95660699601493e-06	0.287735530394079	1.11260041748371e-05	1.206236953634e-05
13000	0.15724359542033	5.22227844898476e-06	5.6878992978683e-06	0.28694939591372	1.0274021127206e-05	1.10601556075653e-05
14000	0.156692453665634	5.78531216395724e-06	6.33645391865394e-06	0.286228097918907	1.10603453728889e-05	1.17816433677019e-05
15000	0.156431399835537	5.63065342526409e-06	5.89170725536087e-06	0.285456448858245	1.07987222468214e-05	1.15703713074831e-05
16000	0.15683053956607	6.76418495793536e-06	6.36504522740211e-06	0.285364665696755	1.17075716364096e-05	1.17993547978999e-05
17000	0.157057562148143	7.02251881839458e-06	6.79549623632108e-06	0.285293250679992	1.19342779429439e-05	1.20056929597065e-05
18000	0.15681289139098	6.58580555379847e-06	6.83047631096211e-06	0.284747359099247	1.18337023214625e-05	1.23795939022076e-05
19000	0.156293819975963	6.14029982921121e-06	6.65937124422797e-06	0.283928268707698	1.07107343918021e-05	1.15298247833513e-05
20000	0.155647858814599	6.73211461825543e-06	7.3780757796192e-06	0.282825226137011	1.17178822189892e-05	1.28209247896768e-05
21000	0.155413561895123	5.45398190903915e-06	5.6882788285154e-06	0.282312037447024	1.01247390726801e-05	1.06379277626668e-05
22000	0.155554684040736	5.28736795496236e-06	5.1462458093491e-06	0.282024479726738	1.01341640837498e-05	1.04217218040357e-05
23000	0.15529097349611	6.97292681384021e-06	7.2366373584667e-06	0.281168195331773	1.16672148776014e-05	1.25234992725663e-05
24000	0.155467645012335	7.20545259029667e-06	7.02878107407173e-06	0.281057562148143	1.2007590612942e-05	1.21182237965716e-05
25000	0.155408881017142	5.59004364602442e-06	5.64880764121702e-06	0.280370738187109	1.00922892023531e-05	1.07791131633879e-05
26000	0.155187804415207	6.93775697387563e-06	7.15883357581125e-06	0.279638560313745	1.20139793788348e-05	1.27461572521981e-05
27000	0.15501941931811	3.94300714782718e-06	4.11139224492377e-06	0.27903295591119	8.008855715099e-06	8.6144601176545e-06
28000	0.154541590233411	6.42501106964387e-06	6.90284015434246e-06	0.278082041874881	1.12661142387248e-05	1.22170282750332e-05
29000	0.154587576696818	4.32626984629008e-06	4.28028338288316e-06	0.277742931241698	9.50933012840787e-06	9.84844076159151e-06
30000	0.154642482130432	7.52311974191916e-06	7.46821430830539e-06	0.277215320387121	1.18316781580113e-05	1.23592890125878e-05
31000	0.154810424441774	6.27161743310774e-06	6.10367512176608e-06	0.276868935416535	1.06965019925359e-05	1.10428869631223e-05
32000	0.15492086786008	8.10981086722752e-06	7.99936744892149e-06	0.276513251945095	1.25894743500538e-05	1.29451578214941e-05
33000	0.15489645138845	6.08488835473465e-06	6.10930482636473e-06	0.275945600607249	1.04873173508761e-05	1.10549686887216e-05
34000	0.15523005882725	6.05572775001581e-06	5.72212031121514e-06	0.27579024606237	1.06078183313303e-05	1.07631728762098e-05
35000	0.155802770573724	7.88443291795812e-06	7.3117211714846e-06	0.275757416661395	1.14849769118856e-05	1.15178063128598e-05
36000	0.156045543677652	6.8509709659055e-06	6.60819786197735e-06	0.275450186602568	1.17648807641217e-05	1.2072110822949e-05
37000	0.156135239420583	5.32968562211398e-06	5.23998987918275e-06	0.275002213928775	1.06780315010437e-05	1.11260041748371e-05
38000	0.156110696438737	5.19773546713897e-06	5.22227844898476e-06	0.274416787905623	9.68859510405465e-06	1.0274021127206e-05
39000	0.156380732494149	6.05534821936871e-06	5.78531216395724e-06	0.274159213106458	1.08027705737238e-05	1.10603453728889e-05
40000	0.156372003289266	5.6219242203808e-06	5.63065342526409e-06	0.273743184262129	1.03826934024923e-05	1.07987222468214e-05
41000	0.157116326143336	7.50850781200582e-06	6.76418495793536e-06	0.27385350117022	1.18178885445e-05	1.17075716364096e-05
42000	0.15768315516478	7.58934783983806e-06	7.02251881839458e-06	0.274044278575495	1.21250553482194e-05	1.19342779429439e-05
43000	0.15845777721551	7.36042760452906e-06	6.58580555379847e-06	0.274541400468088	1.23308242140553e-05	1.18337023214625e-05
44000	0.158680435195142	6.36295780884306e-06	6.14029982921121e-06	0.274147321146183	1.03166550698969e-05	1.07107343918021e-05
45000	0.159309886773357	7.36156619647036e-06	6.73211461825543e-06	0.27417300271997	1.17435637927763e-05	1.17178822189892e-05
46000	0.159770953254475	5.9150483901575e-06	5.45398190903915e-06	0.274040926054779	9.99266240748941e-06	1.01247390726801e-05
47000	0.159942817382504	5.4592320829907e-06	5.28736795496236e-06	0.273831614902903	9.92485293187424e-06	1.01341640837498e-05
48000	0.160847934720729	7.87804415206527e-06	6.97292681384021e-06	0.27418299702701	1.20185970017079e-05	1.16672148776014e-05
49000	0.161349421215763	7.70693908533114e-06	7.20545259029667e-06	0.274412676323613	1.22372699095452e-05	1.2007590612942e-05
50000	0.161974634701752	6.21525713201341e-06	5.59004364602442e-06	0.274517553292428	1.01971661711683e-05	1.00922892023531e-05
51000	0.16248219368714	7.44531595926371e-06	6.93775697387563e-06	0.274516730976026	1.20131570624328e-05	1.20139793788348e-05
52000	0.163420203681447	4.88101714213423e-06	3.94300714782718e-06	0.275005629704599	8.49775444367132e-06	8.008855715099e-06
53000	0.163566576001012	6.57138338920868e-06	6.42501106964387e-06	0.274731798342716	1.09922828768423e-05	1.12661142387248e-05
54000	0.164370927952432	5.13062179771016e-06	4.32626984629008e-06	0.275044974381681	9.82250616737301e-06	9.50933012840787e-06
55000	0.165064709975331	8.2169017648175e-06	7.52311974191916e-06	0.275398190903915	1.21848946802454e-05	1.18316781580113e-05
56000	0.165301094313366	6.50800177114303e-06	6.27161743310774e-06	0.275249414890252	1.05477259788728e-05	1.06965019925359e-05
57000	0.165661774938326	8.470491492188e-06	8.10981086722752e-06	0.275277183882599	1.26172433423999e-05	1.25894743500538e-05
58000	0.165915744196344	6.33885761275223e-06	6.08488835473465e-06	0.27509532544753	1.03054589158074e-05	1.04873173508761e-05
59000	0.16660636346385	6.74634701752167e-06	6.05572775001581e-06	0.275395850464925	1.09083433487254e-05	1.06078183313303e-05
60000	0.167580555379847	8.85862483395535e-06	7.88443291795812e-06	0.275931494718199	1.20206211651591e-05	1.14849769118856e-05
61000	0.168644569548991	7.91498513504965e-06	6.8509709659055e-06	0.276373964197609	1.22073502435322e-05	1.17648807641217e-05
62000	0.169604276045291	6.28939211841356e-06	5.32968562211398e-06	0.276726801189196	1.10308684926308e-05	1.06780315010437e-05
63000	0.17041394142577	6.00740084761844e-06	5.19773546713897e-06	0.27702030488962	9.98209880447847e-06	9.68859510405465e-06
64000	0.171684167246505	7.32557404010373e-06	6.05534821936871e-06	0.277817509013853	1.15999746979569e-05	1.08027705737238e-05
65000	0.172448225694225	6.38598266810045e-06	5.6219242203808e-06	0.278181162628882	1.07463470175217e-05	1.03826934024923e-05
66000	0.173080650262509	8.1409323802897e-06	7.50850781200582e-06	0.278498576760073	1.21353026756911e-05	1.18178885445e-05
67000	0.173977987222468	8.48668479979758e-06	7.58934783983806e-06	0.279014548674806	1.26410272629515e-05	1.21250553482194e-05
68000	0.175078436333734	8.4608767157948e-06	7.36042760452906e-06	0.279880068315516	1.31963438547663e-05	1.23308242140553e-05
69000	0.175640268201657	6.92478967676639e-06	6.36295780884306e-06	0.279883294326017	1.03198810803972e-05	1.03166550698969e-05
70000	0.17675697387564	8.47827187045354e-06	7.36156619647036e-06	0.28061958378139	1.24798532481498e-05	1.17435637927763e-05
71000	0.177805617053577	6.96369156809412e-06	5.9150483901575e-06	0.281227781643368	1.06008602694668e-05	9.99266240748941e-06
72000	0.178065405781517	5.71902081093048e-06	5.4592320829907e-06	0.281028464798532	9.72553608703901e-06	9.92485293187424e-06
73000	0.17901941931811	8.83205768865837e-06	7.87804415206527e-06	0.281600417483712	1.25905496868872e-05	1.20185970017079e-05
74000	0.179550635713834	8.23815548105509e-06	7.70693908533114e-06	0.282038965146436	1.2675817572269e-05	1.22372699095452e-05
75000	0.179917388829148	6.58201024732747e-06	6.21525713201341e-06	0.282267379340882	1.04255803656145e-05	1.01971661711683e-05
76000	0.18044923777595	7.97716490606616e-06	7.44531595926371e-06	0.282482003921817	1.22277816433677e-05	1.20131570624328e-05
77000	0.181418432538427	5.8502119046113e-06	4.88101714213423e-06	0.283126699981023	9.14245050287811e-06	8.49775444367132e-06
78000	0.181900942501107	7.05389335188816e-06	6.57138338920868e-06	0.283338604592321	1.12041874881397e-05	1.09922828768423e-05
79000	0.182758049212474	5.98772850907711e-06	5.13062179771016e-06	0.283770004427858	1.02539060029097e-05	9.82250616737301e-06
80000	0.183570244797267	9.02909734961098e-06	8.2169017648175e-06	0.28436245176798	1.27773420203681e-05	1.21848946802454e-05
81000	0.183766715162249	6.70447213612499e-06	6.50800177114303e-06	0.284324688468594	1.05099626794864e-05	1.05477259788728e-05
82000	0.184046619014485	8.75039534442407e-06	8.470491492188e-06	0.28448130811563	1.27738629894364e-05	1.26172433423999e-05
83000	0.184439496489342	6.73173508760832e-06	6.33885761275223e-06	0.284528053640331	1.03522044405086e-05	1.03054589158074e-05
84000	0.184873553039408	7.18040356758809e-06	6.74634701752167e-06	0.28467638686824	1.10566765766336e-05	1.09083433487254e-05
85000	0.18563988867101	9.62496046555761e-06	8.85862483395535e-06	0.285276298311089	1.26205326080081e-05	1.20206211651591e-05
86000	0.186764817509014	9.03991397305333e-06	7.91498513504965e-06	0.285885571509899	1.2816623442343e-05	1.22073502435322e-05
87000	0.187639509140363	7.1640837497628e-06	6.28939211841356e-06	0.286369789360491	1.15150863432222e-05	1.10308684926308e-05
88000	0.188356505787842	6.72439749509773e-06	6.00740084761844e-06	0.286730533240559	1.03428426845468e-05	9.98209880447847e-06
89000	0.189530204313998	8.49927256625973e-06	7.32557404010373e-06	0.287561895123031	1.24313365804289e-05	1.15999746979569e-05
90000	0.190193623885129	7.04940223923083e-06	6.38598266810045e-06	0.287772028591309	1.09564804857992e-05	1.07463470175217e-05
91000	0.190578025175533	8.52533367069391e-06	8.1409323802897e-06	0.287981213232969	1.23444873173509e-05	1.21353026756911e-05
92000	0.191469732430894	9.37839205515845e-06	8.48668479979758e-06	0.288517869567968	1.31776835979505e-05	1.26410272629515e-05
93000	0.191992409387058	8.98355367195901e-06	8.4608767157948e-06	0.288738566639256	1.34170409260548e-05	1.31963438547663e-05
94000	0.192682079827946	7.6144601176545e-06	6.92478967676639e-06	0.289034157758239	1.06154721993801e-05	1.03198810803972e-05
95000	0.193810740717313	9.60693275982036e-06	8.47827187045354e-06	0.289782402428996	1.32280979189069e-05	1.24798532481498e-05
96000	0.19470402935037	7.85698020115125e-06	6.96369156809412e-06	0.290462647858815	1.12811056992852e-05	1.06008602694668e-05
97000	0.195359099247264	6.37409070782466e-06	5.71902081093048e-06	0.290624391169587	9.88727939781138e-06	9.72553608703901e-06
98000	0.195620342842685	9.09330128407868e-06	8.83205768865837e-06	0.290720285913087	1.26864444303878e-05	1.25905496868872e-05
99000	0.19603295591119	8.65076854956037e-06	8.23815548105509e-06	0.291063634638497	1.30191662976785e-05	1.2675817572269e-05
100000	0.196542918590676	7.09197292681384e-06	6.58201024732747e-06	0.291285533556835	1.06474792839522e-05	1.04255803656145e-05
101000	0.196735973179834	8.17021949522423e-06	7.97716490606616e-06	0.291074894047694	1.20171421342273e-05	1.22277816433677e-05
102000	0.197453096337529	6.56733506230628e-06	5.8502119046113e-06	0.291393003985072	9.46056044025555e-06	9.14245050287811e-06
103000	0.198250047441331	7.8508444556898e-06	7.05389335188816e-06	0.291884243152635	1.16954266557024e-05	1.12041874881397e-05
104000	0.198612056423556	6.34973749130242e-06	5.98772850907711e-06	0.291915491175912	1.02851540261876e-05	1.02539060029097e-05
105000	0.199335188816497	9.75222974255171e-06	9.02909734961098e-06	0.29232127269277	1.31831235372256e-05	1.27773420203681e-05
106000	0.199601745840977	6.97102916060473e-06	6.70447213612499e-06	0.292442026693655	1.06307166803719e-05	1.05099626794864e-05
107000	0.199843506863179	8.9921563666266e-06	8.75039534442407e-06	0.292359795053451	1.26916313492315e-05	1.27738629894364e-05
108000	0.200329622367006	7.21785059143526e-06	6.73173508760832e-06	0.292671010184072	1.06634195711304e-05	1.03522044405086e-05
109000	0.200620153077361	7.47093427794294e-06	7.18040356758809e-06	0.292625656271744	1.10113226643051e-05	1.10566765766336e-05
110000	0.20144601176545	1.04508191536466e-05	9.62496046555761e-06	0.293315073692201	1.33099500284648e-05	1.26205326080081e-05
111000	0.201998734897843	9.59263710544626e-06	9.03991397305333e-06	0.293653804794737	1.31553545448795e-05	1.2816623442343e-05
112000	0.202653488519198	7.81883737111772e-06	7.1640837497628e-06	0.293986210386489	1.18474919349737e-05	1.15150863432222e-05
113000	0.203040166993485	7.11107596938453e-06	6.72439749509773e-06	0.294307356569043	1.0663988867101e-05	1.03428426845468e-05
114000	0.203923904105256	9.3830096780315e-06	8.49927256625973e-06	0.294825226137011	1.29492061483965e-05	1.24313365804289e-05
115000	0.204821810361187	7.94730849516098e-06	7.04940223923083e-06	0.295293060914669	1.14243152634575e-05	1.09564804857992e-05
116000	0.205544183692833	9.24770700234042e-06	8.52533367069391e-06	0.295802391043077	1.28538174457587e-05	1.23444873173509e-05
117000	0.206232968562211	1.00671769245366e-05	9.37839205515845e-06	0.296284711240433	1.36600037953065e-05	1.31776835979505e-05
118000	0.206287494465178	9.03807957492568e-06	8.98355367195901e-06	0.296118223796572	1.32505534821937e-05	1.34170409260548e-05
119000	0.206729141628186	8.05610728066292e-06	7.6144601176545e-06	0.296322474539819	1.08197229426276e-05	1.06154721993801e-05
120000	0.207499778607123	1.03775697387564e-05	9.60693275982036e-06	0.296843064077424	1.37486874565121e-05	1.32280979189069e-05
121000	0.20836156619647	8.71876779049909e-06	7.85698020115125e-06	0.297385033841483	1.18230754633437e-05	1.12811056992852e-05
122000	0.209332595357075	7.34511986842938e-06	6.37409070782466e-06	0.29793940160668	1.04416471630084e-05	9.88727939781138e-06
123000	0.209347333797204	9.10803972420772e-06	9.09330128407868e-06	0.297775381112025	1.25224239357328e-05	1.26864444303878e-05
124000	0.209807704472136	9.11113922449237e-06	8.65076854956037e-06	0.297876842305016	1.31206274906699e-05	1.30191662976785e-05
125000	0.210619077740528	7.90334619520526e-06	7.09197292681384e-06	0.298377063697894	1.11477006768297e-05	1.06474792839522e-05
126000	0.210590359921564	8.14150167626035e-06	8.17021949522423e-06	0.29799557214245	1.16356505787842e-05	1.20171421342273e-05
127000	0.211504143209564	7.48111835030679e-06	6.56733506230628e-06	0.298516983996458	9.98197229426276e-06	9.46056044025555e-06
128000	0.212106711366943	8.45341261306851e-06	7.8508444556898e-06	0.29881700297299	1.19954456322348e-05	1.16954266557024e-05
129000	0.212482889493327	6.72591561768612e-06	6.34973749130242e-06	0.298954582832564	1.04227338857613e-05	1.02851540261876e-05
130000	0.212602568157379	9.87190840660382e-06	9.75222974255171e-06	0.298902966664558	1.31315073692201e-05	1.31831235372256e-05
131000	0.212944525270416	7.3129862736416e-06	6.97102916060473e-06	0.299046365994054	1.07741160098678e-05	1.06307166803719e-05
132000	0.213500221392877	9.54785248908848e-06	8.9921563666266e-06	0.299289012587766	1.29342779429439e-05	1.26916313492315e-05
133000	0.213990764754254	7.70839395281169e-06	7.21785059143526e-06	0.299547852489088	1.09222594724524e-05	1.06634195711304e-05
134000	0.214473717502688	7.95388702637737e-06	7.47093427794294e-06	0.299609209943703	1.10726801189196e-05	1.10113226643051e-05
135000	0.214998481877412	1.09755835283699e-05	1.04508191536466e-05	0.300017901195522	1.37186412802834e-05	1.33099500284648e-05
136000	0.215399962046935	9.99411727496995e-06	9.59263710544626e-06	0.300263141248656	1.34005945980138e-05	1.31553545448795e-05
137000	0.216198747548865	8.617622873047e-06	7.81883737111772e-06	0.300810614207097	1.23949648934151e-05	1.18474919349737e-05
138000	0.21696527294579	7.87760136631034e-06	7.11107596938453e-06	0.301471693339237	1.13250679992409e-05	1.0663988867101e-05
139000	0.217678474286799	1.00962110190398e-05	9.3830096780315e-06	0.301851477006768	1.33289898159276e-05	1.29492061483965e-05
140000	0.218745967486875	9.01480169523689e-06	7.94730849516098e-06	0.302820798279461	1.23936365361503e-05	1.14243152634575e-05
141000	0.219742425200835	1.02441647163008e-05	9.24770700234042e-06	0.303497121892593	1.35301410588905e-05	1.28538174457587e-05
142000	0.220463786450756	1.07885381744576e-05	1.00671769245366e-05	0.304154026187615	1.43169080903283e-05	1.36600037953065e-05
143000	0.22099234613195	9.56663925611993e-06	9.03807957492568e-06	0.304417546966918	1.35140742614966e-05	1.32505534821937e-05
144000	0.221183503067873	8.24726421658549e-06	8.05610728066292e-06	0.304520905813144	1.09230817888545e-05	1.08197229426276e-05
145000	0.2222159529382	1.14100196090834e-05	1.03775697387564e-05	0.305278955025618	1.4506736668986e-05	1.37486874565121e-05
146000	0.223008602694668	9.51141754696691e-06	8.71876779049909e-06	0.305868366120564	1.24124865582896e-05	1.18230754633437e-05
147000	0.223897400215067	8.23391738882914e-06	7.34511986842938e-06	0.306615092668733	1.11883737111772e-05	1.04416471630084e-05
148000	0.224100449111266	9.3110886204061e-06	9.10803972420772e-06	0.306471630084129	1.23789613511291e-05	1.25224239357328e-05
149000	0.224875766968183	9.88645708140932e-06	9.11113922449237e-06	0.30675874501866	1.34077424252008e-05	1.31206274906699e-05
150000	0.225684040736289	8.71161996331203e-06	7.90334619520526e-06	0.307459991144285	1.18489468024543e-05	1.11477006768297e-05
151000	0.226269719779872	8.72718071984313e-06	8.14150167626035e-06	0.307836865076855	1.20125245113543e-05	1.16356505787842e-05
152000	0.227105825795433	8.31722436586754e-06	7.48111835030679e-06	0.308443608071352	1.05887152887596e-05	9.98197229426276e-06
153000	0.227780315010437	9.1279018280726e-06	8.45341261306851e-06	0.308917958125119	1.24697956860016e-05	1.19954456322348e-05
154000	0.228294009741287	7.23961034853564e-06	6.72591561768612e-06	0.309395028148523	1.08998039091657e-05	1.04227338857613e-05
155000	0.228338098551458	9.91599721677526e-06	9.87190840660382e-06	0.30933658042887	1.30730596495667e-05	1.31315073692201e-05
156000	0.228765450060092	7.74033778227592e-06	7.3129862736416e-06	0.309627047884117	1.10645834651148e-05	1.07741160098678e-05
157000	0.229575305205895	1.03577076348915e-05	9.54785248908848e-06	0.310259156176861	1.35663862356885e-05	1.29342779429439e-05
158000	0.230796824593586	8.92991334050224e-06	7.70839395281169e-06	0.311213928774749	1.18770320703397e-05	1.09222594724524e-05
159000	0.231252893921184	8.40995635397559e-06	7.95388702637737e-06	0.311538933518882	1.13976848630527e-05	1.10726801189196e-05
160000	0.2312159529382	1.09386425453855e-05	1.09755835283699e-05	0.311381048769688	1.35607565310899e-05	1.37186412802834e-05
161000	0.231860965272946	1.0639129609716e-05	9.99411727496995e-06	0.311813397431843	1.38329432601683e-05	1.34005945980138e-05
162000	0.232561578847492	9.31823644759315e-06	8.617622873047e-06	0.312303434752356	1.28850022139288e-05	1.23949648934151e-05
163000	0.233856347650073	9.17237016889113e-06	7.87760136631034e-06	0.313307609589474	1.2329242836359e-05	1.13250679992409e-05
164000	0.234507812005819	1.07476753747865e-05	1.00962110190398e-05	0.313732683914226	1.37540641406794e-05	1.33289898159276e-05
165000	0.235635524068569	1.0142513757986e-05	9.01480169523689e-06	0.314732114618255	1.33930672401796e-05	1.23936365361503e-05
166000	0.235773103928142	1.03817445758745e-05	1.02441647163008e-05	0.314571509899424	1.33695363400595e-05	1.35301410588905e-05
167000	0.236816370421912	1.1831804668227e-05	1.07885381744576e-05	0.315344424062243	1.50898222531469e-05	1.43169080903283e-05
168000	0.237432854703017	1.01831235372256e-05	9.56663925611993e-06	0.315800683155165	1.39703333544184e-05	1.35140742614966e-05
169000	0.237835916250237	8.65032576380542e-06	8.24726421658549e-06	0.316105699285217	1.1228097918907e-05	1.09230817888545e-05
170000	0.23904149535075	1.26155987095958e-05	1.14100196090834e-05	0.317006641786324	1.5407679170093e-05	1.4506736668986e-05
171000	0.239334556265418	9.80447846163577e-06	9.51141754696691e-06	0.317144411411221	1.25502561831868e-05	1.24124865582896e-05
172000	0.24000088557151	8.9002466949206e-06	8.23391738882914e-06	0.317566955531659	1.16109178316149e-05	1.11883737111772e-05
173000	0.240163008412929	9.47321146182555e-06	9.3110886204061e-06	0.317691884369663	1.25038901891328e-05	1.23789613511291e-05
174000	0.241215826427984	1.0939275096464e-05	9.88645708140932e-06	0.318466063634638	1.41819216901765e-05	1.34077424252008e-05
175000	0.241926118034031	9.42191156935922e-06	8.71161996331203e-06	0.319098930988677	1.24818141564931e-05	1.18489468024543e-05
176000	0.242424505028781	9.22556771459295e-06	8.72718071984313e-06	0.319412802833829	1.23263963565058e-05	1.20125245113543e-05
177000	0.243213043203239	9.10576254032514e-06	8.31722436586754e-06	0.320087292048833	1.12632045037637e-05	1.05887152887596e-05
178000	0.244345183123537	1.02600417483712e-05	9.1279018280726e-06	0.32083376557657	1.3216269213739e-05	1.24697956860016e-05
179000	0.245007527357834	7.90195458283256e-06	7.23961034853564e-06	0.321432538427478	1.14985767600734e-05	1.08998039091657e-05
180000	0.245391738882915	1.03002087418559e-05	9.91599721677526e-06	0.321711366942881	1.33518881649693e-05	1.30730596495667e-05
181000	0.245813587197166	8.16218609652728e-06	7.74033778227592e-06	0.322113163387944	1.14663799101778e-05	1.10645834651148e-05
182000	0.246651021569992	1.11951420077171e-05	1.03577076348915e-05	0.32273844012904	1.41916629767854e-05	1.35663862356885e-05
183000	0.247871971661712	1.01508634322222e-05	8.92991334050224e-06	0.323889303561263	1.30278955025618e-05	1.18770320703397e-05
184000	0.24874198241508	9.27996710734392e-06	8.40995635397559e-06	0.324715035739136	1.2223417040926e-05	1.13976848630527e-05
185000	0.248752482762983	1.09491428932886e-05	1.09386425453855e-05	0.324548611550383	1.33943323423367e-05	1.35607565310899e-05
186000	0.249308305395661	1.11949522423936e-05	1.0639129609716e-05	0.32483907900563	1.41234107154153e-05	1.38329432601683e-05
187000	0.249964134353849	9.97406540578152e-06	9.31823644759315e-06	0.325152444809918	1.31983680182175e-05	1.28850022139288e-05
188000	0.250848314251376	1.00565500664179e-05	9.17237016889113e-06	0.325805806818901	1.29826048453413e-05	1.2329242836359e-05
189000	0.251114871275856	1.10142323992662e-05	1.07476753747865e-05	0.325922512492884	1.38707698146625e-05	1.37540641406794e-05
190000	0.251910304257069	1.09379467391992e-05	1.0142513757986e-05	0.326530647099753	1.40012018470491e-05	1.33930672401796e-05
191000	0.25137598836106	9.84742867986589e-06	1.03817445758745e-05	0.325806945410842	1.26458346511481e-05	1.33695363400595e-05
192000	0.252377696248972	1.28335125561389e-05	1.1831804668227e-05	0.326404389904485	1.56872667467898e-05	1.50898222531469e-05
193000	0.252796192042507	1.0601619330761e-05	1.01831235372256e-05	0.326620216332469	1.41861597824024e-05	1.39703333544184e-05
194000	0.253401796445063	9.25593016636094e-06	8.65032576380542e-06	0.32696438737428	1.15722689607186e-05	1.1228097918907e-05
195000	0.254551268264912	1.37650705294453e-05	1.26155987095958e-05	0.32798968941742	1.64329812132329e-05	1.5407679170093e-05
196000	0.254672022265798	9.92523246252134e-06	9.80447846163577e-06	0.327776835979505	1.23374027452717e-05	1.25502561831868e-05
197000	0.254724144474666	8.95236890378899e-06	8.9002466949206e-06	0.327648681131001	1.14827629831109e-05	1.16109178316149e-05
198000	0.255075336833449	9.82440382060851e-06	9.47321146182555e-06	0.327872098171927	1.27273072300588e-05	1.25038901891328e-05
199000	0.255783034980075	1.16469732430894e-05	1.0939275096464e-05	0.328376810677462	1.46866341957113e-05	1.41819216901765e-05
200000	0.255738819659688	9.3776962489721e-06	9.42191156935922e-06	0.328137200328927	1.22422038079575e-05	1.24818141564931e-05
201000	0.256395028148523	9.88177620342843e-06	9.22556771459295e-06	0.328563223480296	1.27524195078752e-05	1.23263963565058e-05
202000	0.257113542918591	9.82427731039281e-06	9.10576254032514e-06	0.329303561262572	1.20035422860396e-05	1.12632045037637e-05
203000	0.257915174900373	1.10616737301537e-05	1.02600417483712e-05	0.329800683155165	1.37133911063318e-05	1.3216269213739e-05
204000	0.258649060661648	8.63584034410779e-06	7.90195458283256e-06	0.330264975646783	1.19628692516921e-05	1.14985767600734e-05
205000	0.25923714339933	1.0888291479537e-05	1.03002087418559e-05	0.330829527484344	1.39164400025302e-05	1.33518881649693e-05
206000	0.259806629135303	8.73167183250047e-06	8.16218609652728e-06	0.331288506546904	1.1925358972737e-05	1.14663799101778e-05
207000	0.260293124169777	1.16816370421911e-05	1.11951420077171e-05	0.331695616421026	1.45987728509077e-05	1.41916629767854e-05
208000	0.261043582769309	1.09013220317541e-05	1.01508634322222e-05	0.332410588905054	1.37428679865899e-05	1.30278955025618e-05
209000	0.261765892845847	1.00022771838826e-05	9.27996710734392e-06	0.3329476247707	1.27604529065722e-05	1.2223417040926e-05
210000	0.261590106901132	1.07733569485736e-05	1.09491428932886e-05	0.332561389082168	1.30080966538048e-05	1.33943323423367e-05
211000	0.262207097223101	1.18119425643621e-05	1.11949522423936e-05	0.332975457018154	1.45374786514011e-05	1.41234107154153e-05
212000	0.262495603770004	1.02625719526852e-05	9.97406540578152e-06	0.333006262255677	1.32291732557404e-05	1.31983680182175e-05
213000	0.262718578025176	1.0279524321589e-05	1.00565500664179e-05	0.333247643747233	1.32239863368967e-05	1.29826048453413e-05
214000	0.263290783730786	1.1586438104877e-05	1.10142323992662e-05	0.333620848883547	1.42439749509773e-05	1.38707698146625e-05
215000	0.263821810361187	1.14689733695996e-05	1.09379467391992e-05	0.333958884179898	1.43392371433993e-05	1.40012018470491e-05
216000	0.263840660383326	9.86627870200518e-06	9.84742867986589e-06	0.333885318489468	1.25722689607186e-05	1.26458346511481e-05
217000	0.26422272123474	1.32155734075527e-05	1.28335125561389e-05	0.33417711430198	1.59790625593017e-05	1.56872667467898e-05
218000	0.264649440192296	1.10283382883168e-05	1.0601619330761e-05	0.33413504965526	1.41440951356822e-05	1.41861597824024e-05
219000	0.265129040420014	9.73553039407932e-06	9.25593016636094e-06	0.334546018090961	1.19832373964198e-05	1.15722689607186e-05
220000	0.265901005756215	1.45370358656462e-05	1.37650705294453e-05	0.335224682143083	1.71116452653552e-05	1.64329812132329e-05
221000	0.265747675374786	9.77190208109306e-06	9.92523246252134e-06	0.334827187045354	1.19399076475425e-05	1.23374027452717e-05
222000	0.265972420772977	9.17711430197989e-06	8.95236890378899e-06	0.334961287873996	1.16168638117528e-05	1.14827629831109e-05
223000	0.266797267379341	1.0649250426972e-05	9.82440382060851e-06	0.335527674109684	1.32936934657474e-05	1.27273072300588e-05
224000	0.267302865456386	1.21525713201341e-05	1.16469732430894e-05	0.335907584287431	1.50665443734582e-05	1.46866341957113e-05
225000	0.267512303118477	9.58713391106332e-06	9.3776962489721e-06	0.335897273704852	1.2231893225378e-05	1.22422038079575e-05
226000	0.267932253779493	1.03017268644443e-05	9.88177620342843e-06	0.336330191662977	1.31853374660004e-05	1.27524195078752e-05
227000	0.268483775064837	1.03757985957366e-05	9.82427731039281e-06	0.336787336327408	1.24606869504713e-05	1.20035422860396e-05
228000	0.268865140110064	1.14430387753811e-05	1.10616737301537e-05	0.337011512429629	1.39375672085521e-05	1.37133911063318e-05
229000	0.269200328926561	8.97102916060471e-06	8.63584034410779e-06	0.336998165601872	1.19495224239357e-05	1.19628692516921e-05
230000	0.269251186033272	1.09391485862483e-05	1.0888291479537e-05	0.336945094566386	1.38633689670441e-05	1.39164400025302e-05
231000	0.269848946802454	9.32943260168258e-06	8.73167183250047e-06	0.33743247517237	1.2412739578721e-05	1.1925358972737e-05
232000	0.270827946106648	1.2660636346385e-05	1.16816370421911e-05	0.338122272123474	1.52885698020115e-05	1.45987728509077e-05
233000	0.271335947877791	1.14093238028971e-05	1.09013220317541e-05	0.33840717312923	1.40277689923461e-05	1.37428679865899e-05
234000	0.271419065089506	1.00853943955974e-05	1.00022771838826e-05	0.338267632361313	1.26209121386552e-05	1.27604529065722e-05
235000	0.271445505724587	1.07997975836549e-05	1.07733569485736e-05	0.338254032513125	1.29944968056171e-05	1.30080966538048e-05
236000	0.272155987095958	1.25224239357328e-05	1.18119425643621e-05	0.338889999367449	1.51734455057246e-05	1.45374786514011e-05
237000	0.272465810614207	1.05723954709343e-05	1.02625719526852e-05	0.338951862862926	1.32910367512177e-05	1.32291732557404e-05
238000	0.272600037953065	1.04137516604466e-05	1.0279524321589e-05	0.338979884875704	1.32520083496742e-05	1.32239863368967e-05
239000	0.272915364665697	1.1901764817509e-05	1.1586438104877e-05	0.339170662280979	1.44347523562528e-05	1.42439749509773e-05
240000	0.273252957176292	1.18065658801948e-05	1.14689733695996e-05	0.3393827566576	1.45513315200202e-05	1.43392371433993e-05
241000	0.273492567524828	1.01058890505408e-05	9.86627870200518e-06	0.339476437472326	1.26659497754444e-05	1.25722689607186e-05
242000	0.274238471756594	1.39614776393194e-05	1.32155734075527e-05	0.340134923145044	1.66375482320197e-05	1.59790625593017e-05
243000	0.274760073375925	1.15499399076475e-05	1.10283382883168e-05	0.340350433297489	1.4359605288127e-05	1.41440951356822e-05
244000	0.275147004870643	1.01224618887975e-05	9.73553039407932e-06	0.340584730216965	1.2217534315896e-05	1.19832373964198e-05
245000	0.275279587576697	1.46696185716996e-05	1.45370358656462e-05	0.340595610095515	1.71225251439054e-05	1.71116452653552e-05
246000	0.275429944968056	9.9222594724524e-06	9.77190208109306e-06	0.340607628566007	1.1951926118034e-05	1.19399076475425e-05
247000	0.275722373331647	9.46954266557024e-06	9.17711430197989e-06	0.340746220507306	1.17554557530521e-05	1.16168638117528e-05
248000	0.276360933645392	1.12878107407173e-05	1.0649250426972e-05	0.341165412107028	1.3712885065469e-05	1.32936934657474e-05
249000	0.276883990132203	1.26756278069454e-05	1.21525713201341e-05	0.341512998924663	1.54141311910937e-05	1.50665443734582e-05
250000	0.277208615345689	9.91175912454931e-06	9.58713391106332e-06	0.341672907837308	1.23918021380226e-05	1.2231893225378e-05
