Distance from Center (cmd=annotatePeaks.pl /expanse/lustre/projects/csd940/ctea/homer/homer_scripts/reference_peaks/Superenhancers_P60.bed mm10 -size 500000 -hist 1000 -bedGraph /expanse/lustre/projects/csd940/ctea/homer/bwt2_bam/tags/ctrl_M3/tagdirs/tagdirs.25x50kb.PC1.bedGraph /expanse/lustre/projects/csd940/ctea/homer/bwt2_bam/tags/mut_M3/tagdirs/tagdirs.25x50kb.PC1.bedGraph)	/expanse/lustre/projects/csd940/ctea/homer/bwt2_bam/tags/ctrl_M3/tagdirs/tagdirs.25x50kb.PC1.bedGraph Coverage	/expanse/lustre/projects/csd940/ctea/homer/bwt2_bam/tags/ctrl_M3/tagdirs/tagdirs.25x50kb.PC1.bedGraph + Tags	/expanse/lustre/projects/csd940/ctea/homer/bwt2_bam/tags/ctrl_M3/tagdirs/tagdirs.25x50kb.PC1.bedGraph - Tags	/expanse/lustre/projects/csd940/ctea/homer/bwt2_bam/tags/mut_M3/tagdirs/tagdirs.25x50kb.PC1.bedGraph Coverage	/expanse/lustre/projects/csd940/ctea/homer/bwt2_bam/tags/mut_M3/tagdirs/tagdirs.25x50kb.PC1.bedGraph + Tags	/expanse/lustre/projects/csd940/ctea/homer/bwt2_bam/tags/mut_M3/tagdirs/tagdirs.25x50kb.PC1.bedGraph - Tags
-250000	1.01977724665392	4.02925430210325e-05	3.82332695984704e-05	1.00670267686424	3.96070745697897e-05	3.74034416826004e-05
-249000	1.0200793499044	2.76912045889101e-05	2.73891013384321e-05	1.00662045889101	2.84474187380497e-05	2.85296367112811e-05
-248000	1.01947036328872	4.97208413001912e-05	5.032982791587e-05	1.00617877629063	5.00114722753346e-05	5.0453154875717e-05
-247000	1.01896845124283	3.2123326959847e-05	3.26252390057361e-05	1.00554397705545	3.2593690248566e-05	3.32284894837476e-05
-246000	1.01943021032505	3.48824091778203e-05	3.44206500956023e-05	1.00592829827916	3.39856596558317e-05	3.36013384321224e-05
-245000	1.01961759082218	4.08718929254302e-05	4.06845124282983e-05	1.00599521988528	4.11797323135755e-05	4.1112810707457e-05
-244000	1.02076768642447	4.91242829827916e-05	4.79741873804971e-05	1.00746845124283	4.87772466539197e-05	4.73040152963671e-05
-243000	1.02273900573614	5.14216061185468e-05	4.94502868068834e-05	1.00882600382409	5.07600382409178e-05	4.94024856596558e-05
-242000	1.02394741873805	4.83938814531549e-05	4.71854684512428e-05	1.01017686424474	4.93948374760994e-05	4.80439770554493e-05
-241000	1.02386806883365	2.96013384321224e-05	2.96806883365201e-05	1.01024569789675	2.92724665391969e-05	2.92036328871893e-05
-240000	1.02329923518164	3.73699808795411e-05	3.79388145315488e-05	1.00996175908222	3.77342256214149e-05	3.80181644359465e-05
-239000	1.02525621414914	3.82657743785851e-05	3.63087954110899e-05	1.01173996175908	3.65114722753346e-05	3.47332695984704e-05
-238000	1.02625430210325	4.55181644359465e-05	4.45200764818356e-05	1.01336806883365	4.48422562141491e-05	4.32141491395793e-05
-237000	1.02718355640535	3.9972275334608e-05	3.90430210325048e-05	1.01371414913958	3.79177820267686e-05	3.75717017208413e-05
-236000	1.02869216061185	4.32810707456979e-05	4.17724665391969e-05	1.01498183556405	4.04588910133843e-05	3.91912045889101e-05
-235000	1.03091491395793	3.20162523900574e-05	2.9793499043977e-05	1.01689961759082	3.20133843212237e-05	3.00956022944551e-05
-234000	1.03309273422562	3.83699808795411e-05	3.61921606118547e-05	1.01872466539197	3.71032504780115e-05	3.52782026768642e-05
-233000	1.03453537284895	3.4848948374761e-05	3.3406309751434e-05	1.01971988527725	3.41539196940727e-05	3.31586998087954e-05
-232000	1.0358776290631	5.48613766730402e-05	5.3519120458891e-05	1.02061854684512	5.3980879541109e-05	5.30822179732314e-05
-231000	1.03751242829828	4.40363288718929e-05	4.24015296367113e-05	1.02209560229446	4.25774378585086e-05	4.11003824091778e-05
-230000	1.04108508604207	5.9623326959847e-05	5.60506692160612e-05	1.02577342256214	5.78202676864245e-05	5.4142447418738e-05
-229000	1.04294072657744	3.44321223709369e-05	3.25764818355641e-05	1.02735659655832	3.25248565965583e-05	3.09416826003824e-05
-228000	1.0440430210325	3.61615678776291e-05	3.50592734225621e-05	1.02881453154876	3.64703632887189e-05	3.50124282982792e-05
-227000	1.04493212237094	4.99311663479924e-05	4.90420650095602e-05	1.02985372848948	4.8925430210325e-05	4.78862332695985e-05
-226000	1.04571414913958	5.29024856596559e-05	5.21204588910134e-05	1.03049521988528	5.34311663479924e-05	5.27896749521988e-05
-225000	1.0471309751434	4.17093690248566e-05	4.02925430210325e-05	1.03206883365201	4.11806883365201e-05	3.96070745697897e-05
-224000	1.04783173996176	2.83919694072658e-05	2.76912045889101e-05	1.03263001912046	2.9008604206501e-05	2.84474187380497e-05
-223000	1.04837189292543	5.02609942638623e-05	4.97208413001912e-05	1.03311663479924	5.04980879541109e-05	5.00114722753346e-05
-222000	1.04855353728489	3.23049713193117e-05	3.2123326959847e-05	1.03320458891013	3.26816443594646e-05	3.2593690248566e-05
-221000	1.04903250478011	3.53613766730402e-05	3.48824091778203e-05	1.03349521988528	3.42762906309751e-05	3.39856596558317e-05
-220000	1.05113479923518	4.29741873804971e-05	4.08718929254302e-05	1.03568929254302	4.33738049713193e-05	4.11797323135755e-05
-219000	1.05032887189293	4.83183556405354e-05	4.91242829827916e-05	1.03494168260038	4.80296367112811e-05	4.87772466539197e-05
-218000	1.05297801147228	5.40707456978968e-05	5.14216061185468e-05	1.03736711281071	5.31854684512428e-05	5.07600382409178e-05
-217000	1.05322179732314	4.86376673040153e-05	4.83938814531549e-05	1.03784799235182	4.98757170172084e-05	4.93948374760994e-05
-216000	1.0531137667304	2.94933078393881e-05	2.96013384321224e-05	1.03754971319312	2.89741873804971e-05	2.92724665391969e-05
-215000	1.0525086042065	3.67648183556405e-05	3.73699808795411e-05	1.03707743785851	3.72619502868069e-05	3.77342256214149e-05
-214000	1.05389101338432	3.96481835564054e-05	3.82657743785851e-05	1.03856309751434	3.79971319311664e-05	3.65114722753346e-05
-213000	1.05400478011472	4.5631931166348e-05	4.55181644359465e-05	1.03917304015296	4.54521988527725e-05	4.48422562141491e-05
-212000	1.05621988527725	4.21873804971319e-05	3.9972275334608e-05	1.04109177820268	3.98365200764818e-05	3.79177820267686e-05
-211000	1.0565086042065	4.35697896749522e-05	4.32810707456979e-05	1.04181166347992	4.1178776290631e-05	4.04588910133843e-05
-210000	1.05939101338432	3.48986615678776e-05	3.20162523900574e-05	1.04402294455067	3.42246653919694e-05	3.20133843212237e-05
-209000	1.06056022944551	3.95391969407266e-05	3.83699808795411e-05	1.04532217973231	3.84024856596558e-05	3.71032504780115e-05
-208000	1.06180592734226	3.60946462715105e-05	3.4848948374761e-05	1.04652772466539	3.5359464627151e-05	3.41539196940727e-05
-207000	1.06292638623327	5.59818355640535e-05	5.48613766730402e-05	1.04760133843212	5.50544933078394e-05	5.3980879541109e-05
-206000	1.06394168260038	4.50516252390057e-05	4.40363288718929e-05	1.04906596558317	4.40420650095602e-05	4.25774378585086e-05
-205000	1.06688240917782	6.25640535372849e-05	5.9623326959847e-05	1.05183938814532	6.0593690248566e-05	5.78202676864245e-05
-204000	1.06815009560229	3.56998087954111e-05	3.44321223709369e-05	1.05300382409178	3.3689292543021e-05	3.25248565965583e-05
-203000	1.07022275334608	3.82342256214149e-05	3.61615678776291e-05	1.05493977055449	3.8406309751434e-05	3.64703632887189e-05
-202000	1.07140152963671	5.11099426386233e-05	4.99311663479924e-05	1.05611854684512	5.0104206500956e-05	4.8925430210325e-05
-201000	1.07244072657744	5.39416826003824e-05	5.29024856596559e-05	1.05658891013384	5.39015296367113e-05	5.34311663479924e-05
-200000	1.07314627151052	4.2414913957935e-05	4.17093690248566e-05	1.0574913957935	4.20831739961759e-05	4.11806883365201e-05
-199000	1.07361854684512	2.88642447418738e-05	2.83919694072658e-05	1.05803250478011	2.95497131931166e-05	2.9008604206501e-05
-198000	1.07591491395793	5.2557361376673e-05	5.02609942638623e-05	1.05997227533461	5.24378585086042e-05	5.04980879541109e-05
-197000	1.07591491395793	3.23049713193117e-05	3.23049713193117e-05	1.05960229445507	3.23116634799235e-05	3.26816443594646e-05
-196000	1.07666826003824	3.61147227533461e-05	3.53613766730402e-05	1.06034416826004	3.50181644359465e-05	3.42762906309751e-05
-195000	1.07911567877629	4.54216061185469e-05	4.29741873804971e-05	1.06240248565966	4.54321223709369e-05	4.33738049713193e-05
-194000	1.08076577437859	4.99684512428298e-05	4.83183556405354e-05	1.06337093690249	4.89980879541109e-05	4.80296367112811e-05
-193000	1.08242351816444	5.57284894837476e-05	5.40707456978968e-05	1.06533652007648	5.5151051625239e-05	5.31854684512428e-05
-192000	1.08371319311663	4.99273422562141e-05	4.86376673040153e-05	1.06653632887189	5.10755258126195e-05	4.98757170172084e-05
-191000	1.08346271510516	2.92428298279159e-05	2.94933078393881e-05	1.06655831739962	2.89961759082218e-05	2.89741873804971e-05
-190000	1.085	3.8302103250478e-05	3.67648183556405e-05	1.0677982791587	3.85019120458891e-05	3.72619502868069e-05
-189000	1.08621223709369	4.08604206500956e-05	3.96481835564054e-05	1.06872657743786	3.8925430210325e-05	3.79971319311664e-05
-188000	1.08611950286807	4.55391969407266e-05	4.5631931166348e-05	1.06867112810707	4.53967495219885e-05	4.54521988527725e-05
-187000	1.08802676864245	4.40946462715105e-05	4.21873804971319e-05	1.07072084130019	4.18862332695985e-05	3.98365200764818e-05
-186000	1.08966826003824	4.52112810707457e-05	4.35697896749522e-05	1.07259847036329	4.30564053537285e-05	4.1178776290631e-05
-185000	1.09184990439771	3.70803059273423e-05	3.48986615678776e-05	1.07469120458891	3.63173996175908e-05	3.42246653919694e-05
-184000	1.0912724665392	3.8961759082218e-05	3.95391969407266e-05	1.07430783938815	3.8019120458891e-05	3.84024856596558e-05
-183000	1.09281357552581	3.76357552581262e-05	3.60946462715105e-05	1.07595984703633	3.70114722753346e-05	3.5359464627151e-05
-182000	1.09439101338432	5.75592734225621e-05	5.59818355640535e-05	1.07743690248566	5.65315487571701e-05	5.50544933078394e-05
-181000	1.09574378585086	4.64043977055449e-05	4.50516252390057e-05	1.07912428298279	4.57294455066922e-05	4.40420650095602e-05
-180000	1.09728202676864	6.41022944550669e-05	6.25640535372849e-05	1.08093307839388	6.24024856596558e-05	6.0593690248566e-05
-179000	1.09784990439771	3.62676864244742e-05	3.56998087954111e-05	1.08173231357553	3.44885277246654e-05	3.3689292543021e-05
-178000	1.10021797323136	4.06022944550669e-05	3.82342256214149e-05	1.0834120458891	4.00860420650095e-05	3.8406309751434e-05
-177000	1.10164913957935	5.25411089866157e-05	5.11099426386233e-05	1.08431166347992	5.10038240917782e-05	5.0104206500956e-05
-176000	1.10285850860421	5.5151051625239e-05	5.39416826003824e-05	1.0850258126195	5.46156787762906e-05	5.39015296367113e-05
-175000	1.10431835564054	4.38747609942639e-05	4.2414913957935e-05	1.0865621414914	4.36195028680688e-05	4.20831739961759e-05
-174000	1.10528393881453	2.982982791587e-05	2.88642447418738e-05	1.08740439770554	3.03919694072658e-05	2.95497131931166e-05
-173000	1.10775047801147	5.50239005736138e-05	5.2557361376673e-05	1.08949426386233	5.4527724665392e-05	5.24378585086042e-05
-172000	1.10884703632887	3.34015296367113e-05	3.23049713193117e-05	1.09067112810707	3.34885277246654e-05	3.23116634799235e-05
-171000	1.11012523900574	3.73929254302103e-05	3.61147227533461e-05	1.09206500956023	3.64120458891013e-05	3.50181644359465e-05
-170000	1.11217782026769	4.74741873804971e-05	4.54216061185469e-05	1.09351051625239	4.68776290630975e-05	4.54321223709369e-05
-169000	1.11554015296367	5.33307839388145e-05	4.99684512428298e-05	1.09633460803059	5.18221797323136e-05	4.89980879541109e-05
-168000	1.11635659655832	5.65449330783939e-05	5.57284894837476e-05	1.09720841300191	5.60248565965583e-05	5.5151051625239e-05
-167000	1.11786711281071	5.14378585086042e-05	4.99273422562141e-05	1.09883365200765	5.27007648183556e-05	5.10755258126195e-05
-166000	1.11978202676864	3.11577437858509e-05	2.92428298279159e-05	1.10096175908222	3.11242829827916e-05	2.89961759082218e-05
-165000	1.12274187380497	4.12619502868069e-05	3.8302103250478e-05	1.10348374760994	4.10239005736138e-05	3.85019120458891e-05
-164000	1.12436711281071	4.24856596558317e-05	4.08604206500956e-05	1.10481835564054	4.02600382409178e-05	3.8925430210325e-05
-163000	1.12497514340344	4.61472275334608e-05	4.55391969407266e-05	1.10534990439771	4.59282982791587e-05	4.53967495219885e-05
-162000	1.12543307839388	4.45525812619503e-05	4.40946462715105e-05	1.10568738049713	4.22237093690249e-05	4.18862332695985e-05
-161000	1.1275258126195	4.73040152963671e-05	4.52112810707457e-05	1.10735659655832	4.4725621414914e-05	4.30564053537285e-05
-160000	1.1305086042065	4.00630975143403e-05	3.70803059273423e-05	1.11019598470363	3.91567877629063e-05	3.63173996175908e-05
-159000	1.13086806883365	3.9321223709369e-05	3.8961759082218e-05	1.11049713193117	3.83202676864245e-05	3.8019120458891e-05
-158000	1.13402294455067	4.07906309751434e-05	3.76357552581262e-05	1.11360803059273	4.01223709369025e-05	3.70114722753346e-05
-157000	1.13425239005736	5.77887189292543e-05	5.75592734225621e-05	1.11347036328872	5.63938814531549e-05	5.65315487571701e-05
-156000	1.13490630975143	4.70583173996176e-05	4.64043977055449e-05	1.1139741873805	4.62332695984704e-05	4.57294455066922e-05
-155000	1.13649235181644	6.56883365200765e-05	6.41022944550669e-05	1.11615774378585	6.45860420650096e-05	6.24024856596558e-05
-154000	1.13759847036329	3.73738049713193e-05	3.62676864244742e-05	1.11756692160612	3.58977055449331e-05	3.44885277246654e-05
-153000	1.14017017208413	4.31739961759082e-05	4.06022944550669e-05	1.11954110898662	4.20602294455067e-05	4.00860420650095e-05
-152000	1.1413776290631	5.37485659655832e-05	5.25411089866157e-05	1.12059847036329	5.20611854684513e-05	5.10038240917782e-05
-151000	1.14273900573614	5.65124282982792e-05	5.5151051625239e-05	1.12156309751434	5.55803059273422e-05	5.46156787762906e-05
-150000	1.14474091778203	4.5876673040153e-05	4.38747609942639e-05	1.12341778202677	4.54741873804971e-05	4.36195028680688e-05
-149000	1.14538432122371	3.04732313575526e-05	2.982982791587e-05	1.12430305927342	3.12772466539197e-05	3.03919694072658e-05
-148000	1.14654493307839	5.61845124282983e-05	5.50239005736138e-05	1.12544455066922	5.56692160611855e-05	5.4527724665392e-05
-147000	1.15006022944551	3.69168260038241e-05	3.34015296367113e-05	1.12885755258126	3.69015296367113e-05	3.34885277246654e-05
-146000	1.15217399617591	3.95066921606119e-05	3.73929254302103e-05	1.13099713193117	3.85516252390057e-05	3.64120458891013e-05
-145000	1.15480497131931	5.01051625239006e-05	4.74741873804971e-05	1.13330401529637	4.91845124282983e-05	4.68776290630975e-05
-144000	1.15833078393881	5.68565965583174e-05	5.33307839388145e-05	1.13638049713193	5.48986615678776e-05	5.18221797323136e-05
-143000	1.15869598470363	5.69101338432122e-05	5.65449330783939e-05	1.13663288718929	5.62772466539197e-05	5.60248565965583e-05
-142000	1.16094741873805	5.3689292543021e-05	5.14378585086042e-05	1.13845315487572	5.45210325047801e-05	5.27007648183556e-05
-141000	1.16300956022945	3.32198852772467e-05	3.11577437858509e-05	1.14035468451243	3.30258126195029e-05	3.11242829827916e-05
-140000	1.1652275334608	4.34799235181644e-05	4.12619502868069e-05	1.14256596558317	4.32351816443595e-05	4.10239005736138e-05
-139000	1.16640248565966	4.36606118546845e-05	4.24856596558317e-05	1.14380114722753	4.14952198852772e-05	4.02600382409178e-05
-138000	1.16876673040153	4.85114722753346e-05	4.61472275334608e-05	1.14621128107075	4.83384321223709e-05	4.59282982791587e-05
-137000	1.16889961759082	4.46854684512428e-05	4.45525812619503e-05	1.14644263862333	4.24550669216061e-05	4.22237093690249e-05
-136000	1.17110898661568	4.95133843212237e-05	4.73040152963671e-05	1.14837093690249	4.66539196940726e-05	4.4725621414914e-05
-135000	1.17409751434034	4.30516252390057e-05	4.00630975143403e-05	1.15063575525813	4.14216061185468e-05	3.91567877629063e-05
-134000	1.17491586998088	4.01395793499044e-05	3.9321223709369e-05	1.15142447418738	3.91089866156788e-05	3.83202676864245e-05
-133000	1.17832791586998	4.42026768642448e-05	4.07906309751434e-05	1.15443499043977	4.31328871892925e-05	4.01223709369025e-05
-132000	1.18098757170172	6.04483747609943e-05	5.77887189292543e-05	1.15716921606119	5.91281070745698e-05	5.63938814531549e-05
-131000	1.18196749521989	4.8038240917782e-05	4.70583173996176e-05	1.15756787762906	4.6631931166348e-05	4.62332695984704e-05
-130000	1.18427915869981	6.8e-05	6.56883365200765e-05	1.15990535372849	6.6923518164436e-05	6.45860420650096e-05
-129000	1.18597227533461	3.90669216061185e-05	3.73738049713193e-05	1.16168833652008	3.76806883365201e-05	3.58977055449331e-05
-128000	1.18809751434034	4.52992351816444e-05	4.31739961759082e-05	1.16376195028681	4.41338432122371e-05	4.20602294455067e-05
-127000	1.1892896749522	5.49407265774379e-05	5.37485659655832e-05	1.16500286806883	5.3302103250478e-05	5.20611854684513e-05
-126000	1.19067112810707	5.78938814531549e-05	5.65124282982792e-05	1.16608126195029	5.66586998087954e-05	5.55803059273422e-05
-125000	1.19232791586998	4.75334608030593e-05	4.5876673040153e-05	1.16755736137667	4.69502868068834e-05	4.54741873804971e-05
-124000	1.19316061185468	3.13059273422562e-05	3.04732313575526e-05	1.16786233269598	3.15822179732314e-05	3.12772466539197e-05
-123000	1.19484608030593	5.78699808795411e-05	5.61845124282983e-05	1.16901051625239	5.68173996175908e-05	5.56692160611855e-05
-122000	1.19776099426386	3.98317399617591e-05	3.69168260038241e-05	1.17164818355641	3.95391969407266e-05	3.69015296367113e-05
-121000	1.20035755258126	4.21032504780115e-05	3.95066921606119e-05	1.17419980879541	4.11032504780115e-05	3.85516252390057e-05
-120000	1.20139770554493	5.11453154875717e-05	5.01051625239006e-05	1.17495411089866	4.99388145315488e-05	4.91845124282983e-05
-119000	1.20575047801147	6.12093690248566e-05	5.68565965583174e-05	1.1787017208413	5.86462715105162e-05	5.48986615678776e-05
-118000	1.20783938814532	5.89990439770554e-05	5.69101338432122e-05	1.18043977055449	5.80152963671128e-05	5.62772466539197e-05
-117000	1.21219502868069	5.80449330783939e-05	5.3689292543021e-05	1.18337189292543	5.7453154875717e-05	5.45210325047801e-05
-116000	1.21402007648184	3.50449330783939e-05	3.32198852772467e-05	1.18479732313576	3.44512428298279e-05	3.30258126195029e-05
-115000	1.21546462715105	4.49244741873805e-05	4.34799235181644e-05	1.18612810707457	4.4565965583174e-05	4.32351816443595e-05
-114000	1.21649426386233	4.46902485659656e-05	4.36606118546845e-05	1.1878154875717	4.31826003824092e-05	4.14952198852772e-05
-113000	1.21898852772467	5.10057361376673e-05	4.85114722753346e-05	1.19038814531549	5.09110898661568e-05	4.83384321223709e-05
-112000	1.22090439770554	4.66013384321224e-05	4.46854684512428e-05	1.19283556405354	4.49024856596558e-05	4.24550669216061e-05
-111000	1.22298374760994	5.15927342256214e-05	4.95133843212237e-05	1.19492829827916	4.87466539196941e-05	4.66539196940726e-05
-110000	1.22510803059273	4.51759082217973e-05	4.30516252390057e-05	1.19676864244742	4.32619502868069e-05	4.14216061185468e-05
-109000	1.22679541108987	4.18269598470363e-05	4.01395793499044e-05	1.19856500956023	4.09053537284895e-05	3.91089866156788e-05
-108000	1.22935659655832	4.6763862332696e-05	4.42026768642448e-05	1.2010879541109	4.56558317399617e-05	4.31328871892925e-05
-107000	1.23011185468451	6.12036328871893e-05	6.04483747609943e-05	1.202034416826	6.0074569789675e-05	5.91281070745698e-05
-106000	1.23092638623327	4.88527724665392e-05	4.8038240917782e-05	1.20262332695985	4.72208413001912e-05	4.6631931166348e-05
-105000	1.23413479923518	7.1208413001912e-05	6.8e-05	1.20502294455067	6.93231357552581e-05	6.6923518164436e-05
-104000	1.23587858508604	4.0810707456979e-05	3.90669216061185e-05	1.20677342256214	3.94311663479923e-05	3.76806883365201e-05
-103000	1.23741778202677	4.68384321223709e-05	4.52992351816444e-05	1.20836233269598	4.57227533460803e-05	4.41338432122371e-05
-102000	1.2380430210325	5.5565965583174e-05	5.49407265774379e-05	1.20904493307839	5.39847036328872e-05	5.3302103250478e-05
-101000	1.23864913957935	5.85e-05	5.78938814531549e-05	1.20928202676864	5.6895793499044e-05	5.66586998087954e-05
-100000	1.24002485659656	4.89091778202677e-05	4.75334608030593e-05	1.21040917782027	4.80774378585086e-05	4.69502868068834e-05
-99000	1.24184416826004	3.31252390057361e-05	3.13059273422562e-05	1.21165678776291	3.282982791587e-05	3.15822179732314e-05
-98000	1.24285946462715	5.88852772466539e-05	5.78699808795411e-05	1.21246749521989	5.76281070745698e-05	5.68173996175908e-05
-97000	1.24516539196941	4.21376673040153e-05	3.98317399617591e-05	1.21432504780115	4.13967495219885e-05	3.95391969407266e-05
-96000	1.24755353728489	4.4491395793499e-05	4.21032504780115e-05	1.21690917782027	4.36873804971319e-05	4.11032504780115e-05
-95000	1.24991682600382	5.35086042065009e-05	5.11453154875717e-05	1.21902390057361	5.20535372848948e-05	4.99388145315488e-05
-94000	1.25413671128107	6.54292543021033e-05	6.12093690248566e-05	1.2226586998088	6.22810707456979e-05	5.86462715105162e-05
-93000	1.25618546845124	6.10478011472275e-05	5.89990439770554e-05	1.22418929254302	5.95458891013384e-05	5.80152963671128e-05
-92000	1.26059082217973	6.24502868068834e-05	5.80449330783939e-05	1.22761089866157	6.08747609942639e-05	5.7453154875717e-05
-91000	1.26254780114723	3.70019120458891e-05	3.50449330783939e-05	1.22950191204589	3.63422562141491e-05	3.44512428298279e-05
-90000	1.26413766730402	4.65143403441683e-05	4.49244741873805e-05	1.23070745697897	4.57715105162524e-05	4.4565965583174e-05
-89000	1.26581453154876	4.63671128107075e-05	4.46902485659656e-05	1.23214149139579	4.46166347992352e-05	4.31826003824092e-05
-88000	1.26872848948375	5.39196940726577e-05	5.10057361376673e-05	1.23451434034417	5.32839388145316e-05	5.09110898661568e-05
-87000	1.27062523900574	4.84980879541109e-05	4.66013384321224e-05	1.23655736137667	4.69455066921606e-05	4.49024856596558e-05
-86000	1.27404110898662	5.50086042065009e-05	5.15927342256214e-05	1.24009177820268	5.22810707456979e-05	4.87466539196941e-05
-85000	1.27601816443595	4.71529636711281e-05	4.51759082217973e-05	1.24216921606119	4.53393881453155e-05	4.32619502868069e-05
-84000	1.27799235181644	4.38011472275335e-05	4.18269598470363e-05	1.24432313575526	4.30592734225621e-05	4.09053537284895e-05
-83000	1.27896367112811	4.77351816443595e-05	4.6763862332696e-05	1.24562810707457	4.69608030592734e-05	4.56558317399617e-05
-82000	1.28061950286807	6.2859464627151e-05	6.12036328871893e-05	1.24656883365201	6.10152963671128e-05	6.0074569789675e-05
-81000	1.28247896749522	5.07122370936903e-05	4.88527724665392e-05	1.24857170172084	4.92237093690249e-05	4.72208413001912e-05
-80000	1.28504684512428	7.37762906309751e-05	7.1208413001912e-05	1.25076673040153	7.15181644359464e-05	6.93231357552581e-05
-79000	1.28630592734226	4.20697896749522e-05	4.0810707456979e-05	1.25201338432122	4.06778202676864e-05	3.94311663479923e-05
-78000	1.2882552581262	4.87877629063098e-05	4.68384321223709e-05	1.25355640535373	4.72657743785851e-05	4.57227533460803e-05
-77000	1.28994263862333	5.72533460803059e-05	5.5565965583174e-05	1.25526577437859	5.56940726577438e-05	5.39847036328872e-05
-76000	1.29056309751434	5.91204588910134e-05	5.85e-05	1.25611472275335	5.7744741873805e-05	5.6895793499044e-05
-75000	1.29183938814532	5.01854684512428e-05	4.89091778202677e-05	1.25731644359465	4.92791586998088e-05	4.80774378585086e-05
-74000	1.29333460803059	3.46204588910134e-05	3.31252390057361e-05	1.25868260038241	3.41959847036329e-05	3.282982791587e-05
-73000	1.29478298279159	6.03336520076482e-05	5.88852772466539e-05	1.25961663479924	5.85621414913958e-05	5.76281070745698e-05
-72000	1.29677629063098	4.41309751434035e-05	4.21376673040153e-05	1.26159177820268	4.33718929254302e-05	4.13967495219885e-05
-71000	1.29882982791587	4.65449330783939e-05	4.4491395793499e-05	1.26383078393881	4.59263862332696e-05	4.36873804971319e-05
-70000	1.30178871892925	5.64674952198853e-05	5.35086042065009e-05	1.26635564053537	5.45783938814531e-05	5.20535372848948e-05
-69000	1.30504397705545	6.86845124282983e-05	6.54292543021033e-05	1.26968642447419	6.56118546845124e-05	6.22810707456979e-05
-68000	1.30661472275335	6.26185468451243e-05	6.10478011472275e-05	1.27147705544933	6.13365200764818e-05	5.95458891013384e-05
-67000	1.3104378585086	6.62734225621415e-05	6.24502868068834e-05	1.27478011472275	6.41778202676864e-05	6.08747609942639e-05
-66000	1.3119741873805	3.8538240917782e-05	3.70019120458891e-05	1.27647131931166	3.80334608030593e-05	3.63422562141491e-05
-65000	1.31394168260038	4.84818355640535e-05	4.65143403441683e-05	1.27860420650096	4.79043977055449e-05	4.57715105162524e-05
-64000	1.31685277246654	4.92782026768642e-05	4.63671128107075e-05	1.28112715105163	4.71395793499044e-05	4.46166347992352e-05
-63000	1.32168068833652	5.87476099426386e-05	5.39196940726577e-05	1.28528393881453	5.74407265774378e-05	5.32839388145316e-05
-62000	1.32330975143403	5.01271510516252e-05	4.84980879541109e-05	1.28670745697897	4.83690248565966e-05	4.69455066921606e-05
-61000	1.32715200764818	5.88508604206501e-05	5.50086042065009e-05	1.29058891013384	5.61625239005736e-05	5.22810707456979e-05
-60000	1.33054875717017	5.05497131931166e-05	4.71529636711281e-05	1.29373709369025	4.84875717017209e-05	4.53393881453155e-05
-59000	1.33186328871893	4.51156787762906e-05	4.38011472275335e-05	1.29490439770554	4.42265774378585e-05	4.30592734225621e-05
-58000	1.33369216061185	4.95640535372849e-05	4.77351816443595e-05	1.29682791586998	4.88843212237094e-05	4.69608030592734e-05
-57000	1.33750382409178	6.66711281070746e-05	6.2859464627151e-05	1.30009560229445	6.4282982791587e-05	6.10152963671128e-05
-56000	1.34081261950287	5.40210325047801e-05	5.07122370936903e-05	1.30341395793499	5.25420650095602e-05	4.92237093690249e-05
-55000	1.34347992351816	7.64435946462715e-05	7.37762906309751e-05	1.30647227533461	7.45764818355641e-05	7.15181644359464e-05
-54000	1.34434990439771	4.29397705544933e-05	4.20697896749522e-05	1.30747801147228	4.16835564053537e-05	4.06778202676864e-05
-53000	1.34708126195029	5.1519120458891e-05	4.87877629063098e-05	1.30976003824092	4.95478011472276e-05	4.72657743785851e-05
-52000	1.3494206500956	5.95927342256214e-05	5.72533460803059e-05	1.31204780114723	5.79818355640535e-05	5.56940726577438e-05
-51000	1.35161472275335	6.13145315487571e-05	5.91204588910134e-05	1.31417782026769	5.98747609942639e-05	5.7744741873805e-05
-50000	1.35356787762906	5.21386233269598e-05	5.01854684512428e-05	1.31590726577438	5.10086042065009e-05	4.92791586998088e-05
-49000	1.35553632887189	3.65889101338432e-05	3.46204588910134e-05	1.3177552581262	3.60439770554493e-05	3.41959847036329e-05
-48000	1.35904971319312	6.38470363288719e-05	6.03336520076482e-05	1.32109464627151	6.19015296367113e-05	5.85621414913958e-05
-47000	1.36054684512428	4.56281070745698e-05	4.41309751434035e-05	1.32281261950287	4.50898661567877e-05	4.33718929254302e-05
-46000	1.36222944550669	4.8227533460803e-05	4.65449330783939e-05	1.32438145315488	4.74952198852772e-05	4.59263862332696e-05
-45000	1.36621319311663	6.04512428298279e-05	5.64674952198853e-05	1.32753059273423	5.77275334608031e-05	5.45783938814531e-05
-44000	1.36996653919694	7.24378585086042e-05	6.86845124282983e-05	1.33148087954111	6.95621414913958e-05	6.56118546845124e-05
-43000	1.37246653919694	6.51185468451243e-05	6.26185468451243e-05	1.33383460803059	6.36902485659656e-05	6.13365200764818e-05
-42000	1.37714531548757	7.09521988527725e-05	6.62734225621415e-05	1.33844072657744	6.87839388145315e-05	6.41778202676864e-05
-41000	1.37899808795411	4.03910133843212e-05	3.8538240917782e-05	1.33988432122371	3.94770554493308e-05	3.80334608030593e-05
-40000	1.38095602294455	5.04397705544933e-05	4.84818355640535e-05	1.34220267686424	5.02227533460803e-05	4.79043977055449e-05
-39000	1.38498374760994	5.33059273422562e-05	4.92782026768642e-05	1.34596940726577	5.0906309751434e-05	4.71395793499044e-05
-38000	1.39192734225621	6.56912045889101e-05	5.87476099426386e-05	1.35241873804971	6.38900573613767e-05	5.74407265774378e-05
-37000	1.39521319311663	5.34130019120459e-05	5.01271510516252e-05	1.35551529636711	5.14655831739962e-05	4.83690248565966e-05
-36000	1.39883556405354	6.24732313575526e-05	5.88508604206501e-05	1.35930305927342	5.99502868068834e-05	5.61625239005736e-05
-35000	1.40223326959847	5.39474187380497e-05	5.05497131931166e-05	1.36231070745698	5.14952198852772e-05	4.84875717017209e-05
-34000	1.40267495219885	4.5557361376673e-05	4.51156787762906e-05	1.36251625239006	4.44321223709369e-05	4.42265774378585e-05
-33000	1.40569980879541	5.25889101338432e-05	4.95640535372849e-05	1.36526768642447	5.16357552581262e-05	4.88843212237094e-05
-32000	1.40935277246654	7.03240917782027e-05	6.66711281070746e-05	1.36925430210325	6.82695984703633e-05	6.4282982791587e-05
-31000	1.4123154875717	5.69837476099426e-05	5.40210325047801e-05	1.37159464627151	5.48824091778203e-05	5.25420650095602e-05
-30000	1.41479254302103	7.89206500956023e-05	7.64435946462715e-05	1.37403154875717	7.70133843212237e-05	7.45764818355641e-05
-29000	1.41600382409178	4.4151051625239e-05	4.29397705544933e-05	1.37560994263862	4.32619502868069e-05	4.16835564053537e-05
-28000	1.41788814531549	5.34034416826004e-05	5.1519120458891e-05	1.37759560229446	5.15334608030593e-05	4.95478011472276e-05
-27000	1.4197896749522	6.14942638623327e-05	5.95927342256214e-05	1.3796137667304	6e-05	5.79818355640535e-05
-26000	1.42125334608031	6.27782026768643e-05	6.13145315487571e-05	1.38116347992352	6.14244741873805e-05	5.98747609942639e-05
-25000	1.42333843212237	5.42237093690248e-05	5.21386233269598e-05	1.3831845124283	5.30296367112811e-05	5.10086042065009e-05
-24000	1.42472562141491	3.79760994263862e-05	3.65889101338432e-05	1.38446462715105	3.73240917782027e-05	3.60439770554493e-05
-23000	1.42804397705545	6.71653919694073e-05	6.38470363288719e-05	1.38793594646272	6.53728489483748e-05	6.19015296367113e-05
-22000	1.42853824091778	4.61223709369025e-05	4.56281070745698e-05	1.38825621414914	4.54101338432122e-05	4.50898661567877e-05
-21000	1.42950669216061	4.91959847036329e-05	4.8227533460803e-05	1.38910325047801	4.83422562141491e-05	4.74952198852772e-05
-20000	1.43232887189293	6.32734225621415e-05	6.04512428298279e-05	1.39169407265774	6.03183556405354e-05	5.77275334608031e-05
-19000	1.43454971319312	7.46586998087954e-05	7.24378585086042e-05	1.3940086042065	7.1876673040153e-05	6.95621414913958e-05
-18000	1.43555544933078	6.61242829827916e-05	6.51185468451243e-05	1.39517686424474	6.48585086042065e-05	6.36902485659656e-05
-17000	1.43733747609943	7.27342256214149e-05	7.09521988527725e-05	1.3971759082218	7.0782982791587e-05	6.87839388145315e-05
-16000	1.4382275334608	4.12810707456979e-05	4.03910133843212e-05	1.39782313575526	4.01242829827916e-05	3.94770554493308e-05
-15000	1.43873518164436	5.09474187380497e-05	5.04397705544933e-05	1.39832122370937	5.07208413001912e-05	5.02227533460803e-05
-14000	1.44068068833652	5.52514340344168e-05	5.33059273422562e-05	1.40020363288719	5.27887189292543e-05	5.0906309751434e-05
-13000	1.44373518164436	6.87456978967495e-05	6.56912045889101e-05	1.40319598470363	6.68824091778203e-05	6.38900573613767e-05
-12000	1.44488336520076	5.45611854684513e-05	5.34130019120459e-05	1.4046137667304	5.28833652007648e-05	5.14655831739962e-05
-11000	1.44562428298279	6.32141491395793e-05	6.24732313575526e-05	1.40550478011472	6.08413001912046e-05	5.99502868068834e-05
-10000	1.44501912045889	5.33422562141491e-05	5.39474187380497e-05	1.40491013384321	5.09005736137667e-05	5.14952198852772e-05
-9000	1.44497323135755	4.55114722753346e-05	4.5557361376673e-05	1.40469789674952	4.42198852772466e-05	4.44321223709369e-05
-8000	1.44576864244742	5.33843212237094e-05	5.25889101338432e-05	1.40570841300191	5.26462715105162e-05	5.16357552581262e-05
-7000	1.44595315487572	7.0508604206501e-05	7.03240917782027e-05	1.40620936902486	6.87705544933078e-05	6.82695984703633e-05
-6000	1.44611854684512	5.71491395793499e-05	5.69837476099426e-05	1.40606883365201	5.47418738049713e-05	5.48824091778203e-05
-5000	1.44619885277247	7.90009560229445e-05	7.89206500956023e-05	1.40600669216061	7.69512428298279e-05	7.70133843212237e-05
-4000	1.44639388145315	4.43460803059273e-05	4.4151051625239e-05	1.4061759082218	4.34311663479923e-05	4.32619502868069e-05
-3000	1.44632600382409	5.33355640535373e-05	5.34034416826004e-05	1.40621606118547	5.15736137667304e-05	5.15334608030593e-05
-2000	1.44638145315488	6.15497131931167e-05	6.14942638623327e-05	1.40627055449331	6.00544933078394e-05	6e-05
-1000	1.44652676864245	6.29235181644359e-05	6.27782026768643e-05	1.40653346080306	6.1687380497132e-05	6.14244741873805e-05
0	1.44644072657744	5.41376673040153e-05	5.42237093690248e-05	1.40653059273423	5.30267686424474e-05	5.30296367112811e-05
1000	1.44610803059273	3.76434034416826e-05	3.79760994263862e-05	1.40648852772467	3.72820267686425e-05	3.73240917782027e-05
2000	1.44637093690249	6.74282982791587e-05	6.71653919694073e-05	1.40672848948375	6.5612810707457e-05	6.53728489483748e-05
3000	1.44598661567878	4.57380497131931e-05	4.61223709369025e-05	1.40626099426386	4.4942638623327e-05	4.54101338432122e-05
4000	1.44557456978967	4.87839388145316e-05	4.91959847036329e-05	1.4057638623327	4.78451242829828e-05	4.83422562141491e-05
5000	1.44432026768642	6.2019120458891e-05	6.32734225621415e-05	1.40455258126195	5.91070745697897e-05	6.03183556405354e-05
6000	1.44273326959847	7.30717017208413e-05	7.46586998087954e-05	1.40327820267686	7.06022944550669e-05	7.1876673040153e-05
7000	1.4419569789675	6.53479923518164e-05	6.61242829827916e-05	1.40267112810707	6.42514340344168e-05	6.48585086042065e-05
8000	1.441534416826	7.23116634799235e-05	7.27342256214149e-05	1.40226864244742	7.03804971319311e-05	7.0782982791587e-05
9000	1.44115774378585	4.09043977055449e-05	4.12810707456979e-05	1.40208126195029	3.99369024856596e-05	4.01242829827916e-05
10000	1.44042638623327	5.02160611854685e-05	5.09474187380497e-05	1.40110803059273	4.97476099426386e-05	5.07208413001912e-05
11000	1.43907552581262	5.39005736137667e-05	5.52514340344168e-05	1.39962715105163	5.13078393881453e-05	5.27887189292543e-05
12000	1.4362275334608	6.58977055449331e-05	6.87456978967495e-05	1.39684034416826	6.40956022944551e-05	6.68824091778203e-05
13000	1.43536137667304	5.36950286806883e-05	5.45611854684513e-05	1.39581644359465	5.1859464627151e-05	5.28833652007648e-05
14000	1.43378680688337	6.16395793499044e-05	6.32141491395793e-05	1.39423996175908	5.92648183556405e-05	6.08413001912046e-05
15000	1.4327103250478	5.22657743785851e-05	5.33422562141491e-05	1.39293499043977	4.95956022944551e-05	5.09005736137667e-05
16000	1.43126195028681	4.40630975143403e-05	4.55114722753346e-05	1.39154206500956	4.28269598470363e-05	4.42198852772466e-05
17000	1.43068546845124	5.28078393881453e-05	5.33843212237094e-05	1.3913068833652	5.24110898661568e-05	5.26462715105162e-05
18000	1.42849330783939	6.83164435946463e-05	7.0508604206501e-05	1.38888145315488	6.63451242829828e-05	6.87705544933078e-05
19000	1.42557170172084	5.42275334608031e-05	5.71491395793499e-05	1.3862189292543	5.20793499043977e-05	5.47418738049713e-05
20000	1.42328776290631	7.6717017208413e-05	7.90009560229445e-05	1.38363193116635	7.43642447418738e-05	7.69512428298279e-05
21000	1.42189292543021	4.29512428298279e-05	4.43460803059273e-05	1.382034416826	4.18336520076482e-05	4.34311663479923e-05
22000	1.41989961759082	5.13422562141491e-05	5.33355640535373e-05	1.37975908221797	4.92982791586998e-05	5.15736137667304e-05
23000	1.41868546845124	6.03355640535373e-05	6.15497131931167e-05	1.37831835564054	5.86137667304015e-05	6.00544933078394e-05
24000	1.41591013384321	6.01481835564053e-05	6.29235181644359e-05	1.37566634799235	5.90353728489484e-05	6.1687380497132e-05
25000	1.41331835564054	5.15458891013384e-05	5.41376673040153e-05	1.37312619502868	5.04866156787763e-05	5.30267686424474e-05
26000	1.41202294455067	3.63479923518164e-05	3.76434034416826e-05	1.37183365200765	3.59894837476099e-05	3.72820267686425e-05
27000	1.40912715105163	6.45325047801147e-05	6.74282982791587e-05	1.36889292543021	6.26720841300191e-05	6.5612810707457e-05
28000	1.40817208413002	4.4782982791587e-05	4.57380497131931e-05	1.3677552581262	4.38049713193117e-05	4.4942638623327e-05
29000	1.40589005736138	4.65019120458891e-05	4.87839388145316e-05	1.36554684512428	4.56367112810707e-05	4.78451242829828e-05
30000	1.39878776290631	5.49168260038241e-05	6.2019120458891e-05	1.3592017208413	5.27619502868069e-05	5.91070745697897e-05
31000	1.39568546845124	6.99694072657744e-05	7.30717017208413e-05	1.35579541108987	6.71959847036329e-05	7.06022944550669e-05
32000	1.39274282982792	6.24053537284895e-05	6.53479923518164e-05	1.35334703632887	6.18030592734225e-05	6.42514340344168e-05
33000	1.38959273422562	6.9161567877629e-05	7.23116634799235e-05	1.35039866156788	6.74321223709369e-05	7.03804971319311e-05
34000	1.38863575525813	3.99474187380497e-05	4.09043977055449e-05	1.34982217973231	3.93604206500956e-05	3.99369024856596e-05
35000	1.38661854684512	4.81988527724665e-05	5.02160611854685e-05	1.34765009560229	4.75755258126195e-05	4.97476099426386e-05
36000	1.38232791586998	4.96099426386233e-05	5.39005736137667e-05	1.34375334608031	4.74110898661568e-05	5.13078393881453e-05
37000	1.37540917782027	5.89789674952199e-05	6.58977055449331e-05	1.33749235181644	5.78346080305928e-05	6.40956022944551e-05
38000	1.372965583174	5.12514340344168e-05	5.36950286806883e-05	1.33484512428298	4.92122370936902e-05	5.1859464627151e-05
39000	1.36959273422562	5.82667304015296e-05	6.16395793499044e-05	1.33153919694073	5.59588910133843e-05	5.92648183556405e-05
40000	1.36702963671128	4.97026768642447e-05	5.22657743785851e-05	1.32921797323136	4.7274378585086e-05	4.95956022944551e-05
41000	1.36456883365201	4.16022944550669e-05	4.40630975143403e-05	1.32692829827916	4.05372848948375e-05	4.28269598470363e-05
42000	1.36294837476099	5.11873804971319e-05	5.28078393881453e-05	1.32549043977055	5.09732313575526e-05	5.24110898661568e-05
43000	1.35864818355641	6.40162523900574e-05	6.83164435946463e-05	1.32158030592734	6.24349904397705e-05	6.63451242829828e-05
44000	1.35433652007648	4.99158699808795e-05	5.42275334608031e-05	1.31807552581262	4.85745697896749e-05	5.20793499043977e-05
45000	1.3506137667304	7.29942638623327e-05	7.6717017208413e-05	1.31423040152964	7.0519120458891e-05	7.43642447418738e-05
46000	1.34869216061185	4.10296367112811e-05	4.29512428298279e-05	1.31211950286807	3.97227533460803e-05	4.18336520076482e-05
47000	1.3464741873805	4.91242829827916e-05	5.13422562141491e-05	1.31014531548757	4.73240917782027e-05	4.92982791586998e-05
48000	1.34482791586998	5.8689292543021e-05	6.03355640535373e-05	1.30884799235182	5.73164435946463e-05	5.86137667304015e-05
49000	1.34200382409178	5.73240917782027e-05	6.01481835564053e-05	1.30597801147228	5.61653919694073e-05	5.90353728489484e-05
50000	1.34050286806883	5.00449330783939e-05	5.15458891013384e-05	1.30438910133843	4.88977055449331e-05	5.04866156787763e-05
51000	1.33946940726577	3.53145315487572e-05	3.63479923518164e-05	1.30343403441683	3.50344168260038e-05	3.59894837476099e-05
52000	1.3362552581262	6.13183556405354e-05	6.45325047801147e-05	1.30050669216061	5.9744741873805e-05	6.26720841300191e-05
53000	1.33507743785851	4.36051625239006e-05	4.4782982791587e-05	1.29972466539197	4.30229445506692e-05	4.38049713193117e-05
54000	1.33303919694073	4.44636711281071e-05	4.65019120458891e-05	1.29814627151052	4.40583173996176e-05	4.56367112810707e-05
55000	1.32754971319312	4.94273422562141e-05	5.49168260038241e-05	1.29330401529637	4.79196940726577e-05	5.27619502868069e-05
56000	1.32394168260038	6.63613766730402e-05	6.99694072657744e-05	1.28978011472275	6.36720841300191e-05	6.71959847036329e-05
57000	1.32122562141491	5.9689292543021e-05	6.24053537284895e-05	1.28770363288719	5.97265774378585e-05	6.18030592734225e-05
58000	1.31684416826004	6.47801147227534e-05	6.9161567877629e-05	1.28369598470363	6.34244741873805e-05	6.74321223709369e-05
59000	1.31644837476099	3.95516252390057e-05	3.99474187380497e-05	1.28335468451243	3.9019120458891e-05	3.93604206500956e-05
60000	1.31460420650096	4.63546845124283e-05	4.81988527724665e-05	1.28210803059273	4.63288718929254e-05	4.75755258126195e-05
61000	1.31119024856597	4.61959847036329e-05	4.96099426386233e-05	1.27913575525813	4.44388145315488e-05	4.74110898661568e-05
62000	1.30881931166348	5.66080305927342e-05	5.89789674952199e-05	1.27670650095602	5.54053537284895e-05	5.78346080305928e-05
63000	1.30594263862333	4.83747609942639e-05	5.12514340344168e-05	1.27434225621415	4.68479923518164e-05	4.92122370936902e-05
64000	1.30215678776291	5.4480879541109e-05	5.82667304015296e-05	1.27094837476099	5.25650095602294e-05	5.59588910133843e-05
65000	1.30049330783939	4.80391969407266e-05	4.97026768642447e-05	1.26949521988528	4.5821223709369e-05	4.7274378585086e-05
66000	1.29869216061185	3.98011472275335e-05	4.16022944550669e-05	1.26782504780115	3.88671128107075e-05	4.05372848948375e-05
67000	1.29624187380497	4.87370936902486e-05	5.11873804971319e-05	1.2655707456979	4.87189292543021e-05	5.09732313575526e-05
68000	1.29431739961759	6.20917782026769e-05	6.40162523900574e-05	1.26446845124283	6.13326959847036e-05	6.24349904397705e-05
69000	1.29138145315488	4.69799235181644e-05	4.99158699808795e-05	1.26200956022945	4.61156787762906e-05	4.85745697896749e-05
70000	1.28636520076482	6.79780114722754e-05	7.29942638623327e-05	1.25754780114723	6.60573613766731e-05	7.0519120458891e-05
71000	1.28518355640535	3.98479923518164e-05	4.10296367112811e-05	1.25673709369025	3.89120458891013e-05	3.97227533460803e-05
72000	1.28187858508604	4.58193116634799e-05	4.91242829827916e-05	1.25392447418738	4.45114722753346e-05	4.73240917782027e-05
73000	1.28004780114723	5.68585086042065e-05	5.8689292543021e-05	1.25205258126195	5.54445506692161e-05	5.73164435946463e-05
74000	1.27773422562141	5.50105162523901e-05	5.73240917782027e-05	1.24976959847036	5.38824091778203e-05	5.61653919694073e-05
75000	1.27718833652008	4.94990439770555e-05	5.00449330783939e-05	1.2494034416826	4.85315487571702e-05	4.88977055449331e-05
76000	1.27541969407266	3.35458891013384e-05	3.53145315487572e-05	1.24793594646272	3.35669216061185e-05	3.50344168260038e-05
77000	1.27307456978968	5.89732313575526e-05	6.13183556405354e-05	1.24580114722753	5.76099426386233e-05	5.9744741873805e-05
78000	1.27186806883365	4.23986615678776e-05	4.36051625239006e-05	1.24490726577438	4.21290630975143e-05	4.30229445506692e-05
79000	1.27020554493308	4.28011472275334e-05	4.44636711281071e-05	1.24375239005736	4.29034416826004e-05	4.40583173996176e-05
80000	1.26675621414914	4.59780114722753e-05	4.94273422562141e-05	1.24078680688337	4.49541108986616e-05	4.79196940726577e-05
81000	1.26226195028681	6.18671128107075e-05	6.63613766730402e-05	1.23656787762906	5.9453154875717e-05	6.36720841300191e-05
82000	1.25898757170172	5.6414913957935e-05	5.9689292543021e-05	1.23336424474187	5.65229445506692e-05	5.97265774378585e-05
83000	1.25539770554493	6.11902485659656e-05	6.47801147227534e-05	1.23046367112811	6.05239005736138e-05	6.34244741873805e-05
84000	1.25410038240918	3.82543021032505e-05	3.95516252390057e-05	1.22946845124283	3.80239005736138e-05	3.9019120458891e-05
85000	1.25257743785851	4.48317399617591e-05	4.63546845124283e-05	1.22781453154876	4.46749521988528e-05	4.63288718929254e-05
86000	1.24975047801147	4.33690248565966e-05	4.61959847036329e-05	1.22523709369025	4.18613766730402e-05	4.44388145315488e-05
87000	1.24762810707457	5.44856596558317e-05	5.66080305927342e-05	1.22331261950287	5.3480879541109e-05	5.54053537284895e-05
88000	1.24469885277247	4.54455066921606e-05	4.83747609942639e-05	1.220482791587	4.40181644359465e-05	4.68479923518164e-05
89000	1.24244550669216	5.2227533460803e-05	5.4480879541109e-05	1.21851912045889	5.06013384321224e-05	5.25650095602294e-05
90000	1.24206022944551	4.76539196940727e-05	4.80391969407266e-05	1.21844168260038	4.57437858508604e-05	4.5821223709369e-05
91000	1.23965009560229	3.73910133843212e-05	3.98011472275335e-05	1.21612810707457	3.65535372848948e-05	3.88671128107075e-05
92000	1.23777437858509	4.68613766730401e-05	4.87370936902486e-05	1.21371701720841	4.63078393881453e-05	4.87189292543021e-05
93000	1.23403919694073	5.83565965583174e-05	6.20917782026769e-05	1.21058221797323	5.8197896749522e-05	6.13326959847036e-05
94000	1.2311137667304	4.40544933078394e-05	4.69799235181644e-05	1.20849330783939	4.40267686424474e-05	4.61156787762906e-05
95000	1.22641969407266	6.32839388145316e-05	6.79780114722754e-05	1.20457361376673	6.21376673040153e-05	6.60573613766731e-05
96000	1.22483365200765	3.82619502868069e-05	3.98479923518164e-05	1.20269120458891	3.70296367112811e-05	3.89120458891013e-05
97000	1.22239770554493	4.33833652007648e-05	4.58193116634799e-05	1.20087571701721	4.26959847036329e-05	4.45114722753346e-05
98000	1.22037093690249	5.48317399617591e-05	5.68585086042065e-05	1.19935372848948	5.39225621414914e-05	5.54445506692161e-05
99000	1.21900764818356	5.36472275334608e-05	5.50105162523901e-05	1.19824952198853	5.27782026768642e-05	5.38824091778203e-05
100000	1.21800191204589	4.84933078393881e-05	4.94990439770555e-05	1.19738049713193	4.76625239005736e-05	4.85315487571702e-05
101000	1.21630879541109	3.18527724665392e-05	3.35458891013384e-05	1.19587189292543	3.20583173996176e-05	3.35669216061185e-05
102000	1.21535850860421	5.80229445506692e-05	5.89732313575526e-05	1.1948413001912	5.65793499043977e-05	5.76099426386233e-05
103000	1.21410420650096	4.11443594646271e-05	4.23986615678776e-05	1.19360611854685	4.08938814531549e-05	4.21290630975143e-05
104000	1.21266826003824	4.13652007648184e-05	4.28011472275334e-05	1.19207170172084	4.13690248565966e-05	4.29034416826004e-05
105000	1.2103413001912	4.3651051625239e-05	4.59780114722753e-05	1.19045889101338	4.33413001912046e-05	4.49541108986616e-05
106000	1.20677055449331	5.82963671128107e-05	6.18671128107075e-05	1.18717973231358	5.61739961759082e-05	5.9453154875717e-05
107000	1.20335277246654	5.29971319311663e-05	5.6414913957935e-05	1.18361185468451	5.29550669216061e-05	5.65229445506692e-05
108000	1.20112810707457	5.89655831739962e-05	6.11902485659656e-05	1.18149617590822	5.84082217973231e-05	6.05239005736138e-05
109000	1.1996586998088	3.67848948374761e-05	3.82543021032505e-05	1.18013479923518	3.66625239005736e-05	3.80239005736138e-05
110000	1.19816921606119	4.33422562141491e-05	4.48317399617591e-05	1.17840917782027	4.29493307839388e-05	4.46749521988528e-05
111000	1.19511185468451	4.03116634799235e-05	4.33690248565966e-05	1.17597801147228	3.94302103250478e-05	4.18613766730402e-05
112000	1.19286998087954	5.22437858508604e-05	5.44856596558317e-05	1.17470841300191	5.22112810707457e-05	5.3480879541109e-05
113000	1.19212428298279	4.46998087954111e-05	4.54455066921606e-05	1.17356118546845	4.28709369024857e-05	4.40181644359465e-05
114000	1.19005640535373	5.015965583174e-05	5.2227533460803e-05	1.17230019120459	4.934034416826e-05	5.06013384321224e-05
115000	1.19001625239006	4.76137667304015e-05	4.76539196940727e-05	1.17221797323136	4.56615678776291e-05	4.57437858508604e-05
116000	1.18864531548757	3.60200764818356e-05	3.73910133843212e-05	1.17063575525813	3.49713193116635e-05	3.65535372848948e-05
117000	1.18698661567878	4.52026768642447e-05	4.68613766730401e-05	1.16864627151052	4.43183556405354e-05	4.63078393881453e-05
118000	1.18308891013384	5.44588910133843e-05	5.83565965583174e-05	1.16567208413002	5.52237093690249e-05	5.8197896749522e-05
119000	1.17934225621415	4.03078393881453e-05	4.40544933078394e-05	1.16225047801147	4.06051625239006e-05	4.40267686424474e-05
120000	1.17709847036329	6.10401529636711e-05	6.32839388145316e-05	1.16049235181644	6.03795411089866e-05	6.21376673040153e-05
121000	1.17509942638623	3.62629063097514e-05	3.82619502868069e-05	1.15818642447419	3.47237093690249e-05	3.70296367112811e-05
122000	1.17366443594646	4.19483747609943e-05	4.33833652007648e-05	1.15706787762906	4.15774378585086e-05	4.26959847036329e-05
123000	1.17249426386233	5.36615678776291e-05	5.48317399617591e-05	1.15602294455067	5.28776290630975e-05	5.39225621414914e-05
124000	1.17167208413002	5.28250478011472e-05	5.36472275334608e-05	1.15510803059273	5.18632887189293e-05	5.27782026768642e-05
125000	1.17020458891013	4.70258126195029e-05	4.84933078393881e-05	1.15361854684512	4.61730401529637e-05	4.76625239005736e-05
126000	1.16976195028681	3.14101338432122e-05	3.18527724665392e-05	1.15295028680688	3.13900573613767e-05	3.20583173996176e-05
127000	1.16815965583174	5.64206500956023e-05	5.80229445506692e-05	1.15133365200765	5.49627151051625e-05	5.65793499043977e-05
128000	1.16648374760994	3.94684512428298e-05	4.11443594646271e-05	1.14995602294455	3.95162523900574e-05	4.08938814531549e-05
129000	1.16588527724665	4.07667304015296e-05	4.13652007648184e-05	1.14897036328872	4.03833652007648e-05	4.13690248565966e-05
130000	1.16476864244742	4.25344168260038e-05	4.3651051625239e-05	1.14808604206501	4.24569789674952e-05	4.33413001912046e-05
131000	1.16156978967495	5.50975143403442e-05	5.82963671128107e-05	1.14464913957935	5.27370936902486e-05	5.61739961759082e-05
132000	1.15970458891013	5.1131931166348e-05	5.29971319311663e-05	1.14289292543021	5.11988527724665e-05	5.29550669216061e-05
133000	1.15697036328872	5.62313575525813e-05	5.89655831739962e-05	1.13993307839388	5.54483747609943e-05	5.84082217973231e-05
134000	1.156482791587	3.62973231357553e-05	3.67848948374761e-05	1.13910229445507	3.58317399617591e-05	3.66625239005736e-05
135000	1.15530305927342	4.21625239005736e-05	4.33422562141491e-05	1.1376931166348	4.15401529636711e-05	4.29493307839388e-05
136000	1.1534292543021	3.84378585086042e-05	4.03116634799235e-05	1.13633652007648	3.80736137667304e-05	3.94302103250478e-05
137000	1.15149904397706	5.03135755258126e-05	5.22437858508604e-05	1.13445411089866	5.03288718929254e-05	5.22112810707457e-05
138000	1.15193307839388	4.51338432122371e-05	4.46998087954111e-05	1.134982791587	4.33996175908222e-05	4.28709369024857e-05
139000	1.14839579349904	4.66223709369025e-05	5.015965583174e-05	1.13221988527725	4.65774378585086e-05	4.934034416826e-05
140000	1.1481051625239	4.73231357552581e-05	4.76137667304015e-05	1.13198183556405	4.54235181644359e-05	4.56615678776291e-05
141000	1.14690630975143	3.4821223709369e-05	3.60200764818356e-05	1.13123804971319	3.42275334608031e-05	3.49713193116635e-05
142000	1.14514627151052	4.3442638623327e-05	4.52026768642447e-05	1.12969694072658	4.27772466539197e-05	4.43183556405354e-05
143000	1.14249043977055	5.18030592734226e-05	5.44588910133843e-05	1.1271051625239	5.2631931166348e-05	5.52237093690249e-05
144000	1.14076290630975	3.85803059273423e-05	4.03078393881453e-05	1.12562332695985	3.9123326959847e-05	4.06051625239006e-05
145000	1.13922944550669	5.95066921606118e-05	6.10401529636711e-05	1.12427342256214	5.90296367112811e-05	6.03795411089866e-05
146000	1.13645984703633	3.34933078393881e-05	3.62629063097514e-05	1.12176577437859	3.22160611854684e-05	3.47237093690249e-05
147000	1.13548948374761	4.09780114722753e-05	4.19483747609943e-05	1.12042160611855	4.02332695984704e-05	4.15774378585086e-05
148000	1.13443499043977	5.26070745697897e-05	5.36615678776291e-05	1.1194206500956	5.1876673040153e-05	5.28776290630975e-05
149000	1.13077629063098	4.91663479923518e-05	5.28250478011472e-05	1.11602485659656	4.84674952198853e-05	5.18632887189293e-05
150000	1.12869024856597	4.49397705544933e-05	4.70258126195029e-05	1.11421988527725	4.4368068833652e-05	4.61730401529637e-05
151000	1.12807648183556	3.07963671128107e-05	3.14101338432122e-05	1.11383078393881	3.10009560229445e-05	3.13900573613767e-05
152000	1.12414531548757	5.24894837476099e-05	5.64206500956023e-05	1.11021606118547	5.13479923518164e-05	5.49627151051625e-05
153000	1.12309177820268	3.8414913957935e-05	3.94684512428298e-05	1.10890152963671	3.82017208413002e-05	3.95162523900574e-05
154000	1.12315009560229	4.08250478011472e-05	4.07667304015296e-05	1.10861185468451	4.0093690248566e-05	4.03833652007648e-05
155000	1.12227820267686	4.16625239005736e-05	4.25344168260038e-05	1.10816826003824	4.20133843212237e-05	4.24569789674952e-05
156000	1.11851434034417	5.13336520076482e-05	5.50975143403442e-05	1.10484799235182	4.94168260038241e-05	5.27370936902486e-05
157000	1.1186309751434	5.12485659655832e-05	5.1131931166348e-05	1.10536233269598	5.17131931166348e-05	5.11988527724665e-05
158000	1.11452868068834	5.21290630975143e-05	5.62313575525813e-05	1.10185372848948	5.19397705544933e-05	5.54483747609943e-05
159000	1.11427151051625	3.60401529636711e-05	3.62973231357553e-05	1.10157648183556	3.55544933078394e-05	3.58317399617591e-05
160000	1.11356596558317	4.14569789674952e-05	4.21625239005736e-05	1.10077055449331	4.07342256214149e-05	4.15401529636711e-05
161000	1.11326099426386	3.81328871892926e-05	3.84378585086042e-05	1.10001051625239	3.73135755258126e-05	3.80736137667304e-05
162000	1.11175621414914	4.88087954110899e-05	5.03135755258126e-05	1.0985793499044	4.88977055449331e-05	5.03288718929254e-05
163000	1.11120841300191	4.45860420650096e-05	4.51338432122371e-05	1.09832026768642	4.3140535372849e-05	4.33996175908222e-05
164000	1.10887093690249	4.42848948374761e-05	4.66223709369025e-05	1.09645506692161	4.47122370936902e-05	4.65774378585086e-05
165000	1.10756309751434	4.60152963671128e-05	4.73231357552581e-05	1.0954378585086	4.4406309751434e-05	4.54235181644359e-05
166000	1.10614244741874	3.34005736137667e-05	3.4821223709369e-05	1.0945965583174	3.33862332695985e-05	3.42275334608031e-05
167000	1.10454588910134	4.18460803059273e-05	4.3442638623327e-05	1.09303154875717	4.12122370936903e-05	4.27772466539197e-05
168000	1.10235372848948	4.96108986615679e-05	5.18030592734226e-05	1.09071606118547	5.03164435946463e-05	5.2631931166348e-05
169000	1.10221988527725	3.84464627151052e-05	3.85803059273423e-05	1.09103059273423	3.94378585086042e-05	3.9123326959847e-05
170000	1.10179541108987	5.90822179732314e-05	5.95066921606118e-05	1.08973135755258	5.77304015296367e-05	5.90296367112811e-05
171000	1.0988326959847	3.05305927342256e-05	3.34933078393881e-05	1.08684990439771	2.93346080305927e-05	3.22160611854684e-05
172000	1.09851912045889	4.06644359464627e-05	4.09780114722753e-05	1.08634799235182	3.97313575525813e-05	4.02332695984704e-05
173000	1.09738527724665	5.14732313575526e-05	5.26070745697897e-05	1.08536711281071	5.0895793499044e-05	5.1876673040153e-05
174000	1.09370458891013	4.54856596558317e-05	4.91663479923518e-05	1.08252485659656	4.56252390057361e-05	4.84674952198853e-05
175000	1.09235181644359	4.35869980879541e-05	4.49397705544933e-05	1.08084416826004	4.26873804971319e-05	4.4368068833652e-05
176000	1.0915086042065	2.9953154875717e-05	3.07963671128107e-05	1.08035181644359	3.05086042065009e-05	3.10009560229445e-05
177000	1.08912428298279	5.01051625239006e-05	5.24894837476099e-05	1.07846653919694	4.94627151051625e-05	5.13479923518164e-05
178000	1.08816634799235	3.74569789674952e-05	3.8414913957935e-05	1.07726099426386	3.69961759082218e-05	3.82017208413002e-05
179000	1.08775047801147	4.04091778202677e-05	4.08250478011472e-05	1.07710420650096	3.99369024856597e-05	4.0093690248566e-05
180000	1.08730592734226	4.12179732313576e-05	4.16625239005736e-05	1.07719980879541	4.21089866156788e-05	4.20133843212237e-05
181000	1.08559177820268	4.96195028680688e-05	5.13336520076482e-05	1.07650478011472	4.87217973231358e-05	4.94168260038241e-05
182000	1.08501529636711	5.06720841300191e-05	5.12485659655832e-05	1.07594550669216	5.11539196940727e-05	5.17131931166348e-05
183000	1.08187189292543	4.89856596558317e-05	5.21290630975143e-05	1.07329732313576	4.9291586998088e-05	5.19397705544933e-05
184000	1.08131453154876	3.54827915869981e-05	3.60401529636711e-05	1.07312619502868	3.53833652007648e-05	3.55544933078394e-05
185000	1.08093499043977	4.10774378585086e-05	4.14569789674952e-05	1.07289292543021	4.05009560229446e-05	4.07342256214149e-05
186000	1.08051529636711	3.77131931166348e-05	3.81328871892926e-05	1.07220650095602	3.66271510516252e-05	3.73135755258126e-05
187000	1.08091682600382	4.92103250478011e-05	4.88087954110899e-05	1.07208508604206	4.87762906309751e-05	4.88977055449331e-05
188000	1.07969694072658	4.33661567877629e-05	4.45860420650096e-05	1.0712896749522	4.23451242829828e-05	4.3140535372849e-05
189000	1.07855927342256	4.31472275334608e-05	4.42848948374761e-05	1.0697361376673	4.31586998087954e-05	4.47122370936902e-05
190000	1.0767896749522	4.42456978967495e-05	4.60152963671128e-05	1.06850669216061	4.31768642447419e-05	4.4406309751434e-05
191000	1.07537858508604	3.19894837476099e-05	3.34005736137667e-05	1.06727055449331	3.21500956022945e-05	3.33862332695985e-05
192000	1.07322275334608	3.96902485659656e-05	4.18460803059273e-05	1.06527915869981	3.92208413001912e-05	4.12122370936903e-05
193000	1.0718776290631	4.82657743785851e-05	4.96108986615679e-05	1.06397705544933	4.90143403441682e-05	5.03164435946463e-05
194000	1.07223231357553	3.88011472275335e-05	3.84464627151052e-05	1.06473422562141	4.01950286806883e-05	3.94378585086042e-05
195000	1.07083747609943	5.76873804971319e-05	5.90822179732314e-05	1.06221414913958	5.52103250478011e-05	5.77304015296367e-05
196000	1.06867495219885	2.8368068833652e-05	3.05305927342256e-05	1.0603862332696	2.75066921606119e-05	2.93346080305927e-05
197000	1.06794933078394	3.99388145315488e-05	4.06644359464627e-05	1.06028776290631	3.96328871892926e-05	3.97313575525813e-05
198000	1.06736998087954	5.08938814531549e-05	5.14732313575526e-05	1.05956309751434	5.01711281070746e-05	5.0895793499044e-05
199000	1.06715200764818	4.52676864244742e-05	4.54856596558317e-05	1.05950956022945	4.55717017208413e-05	4.56252390057361e-05
200000	1.06556787762906	4.20028680688337e-05	4.35869980879541e-05	1.05750286806883	4.06806883365201e-05	4.26873804971319e-05
201000	1.06365487571702	2.80401529636711e-05	2.9953154875717e-05	1.0555086042065	2.85143403441683e-05	3.05086042065009e-05
202000	1.06216347992352	4.86137667304015e-05	5.01051625239006e-05	1.0538413001912	4.77954110898661e-05	4.94627151051625e-05
203000	1.06194837476099	3.72418738049713e-05	3.74569789674952e-05	1.05402963671128	3.71845124282983e-05	3.69961759082218e-05
204000	1.06170650095602	4.01673040152964e-05	4.04091778202677e-05	1.05401338432122	3.99206500956023e-05	3.99369024856597e-05
205000	1.06107456978967	4.05860420650096e-05	4.12179732313576e-05	1.05329732313576	4.13929254302103e-05	4.21089866156788e-05
206000	1.06124952198853	4.97944550669216e-05	4.96195028680688e-05	1.05328871892925	4.87131931166348e-05	4.87217973231358e-05
207000	1.05982026768642	4.92428298279159e-05	5.06720841300191e-05	1.05196271510516	4.98279158699809e-05	5.11539196940727e-05
208000	1.05725812619503	4.6423518164436e-05	4.89856596558317e-05	1.04986424474187	4.71931166347992e-05	4.9291586998088e-05
209000	1.05744550669216	3.567017208413e-05	3.54827915869981e-05	1.04985564053537	3.53747609942639e-05	3.53833652007648e-05
210000	1.05660420650096	4.0236137667304e-05	4.10774378585086e-05	1.04928202676864	3.99273422562141e-05	4.05009560229446e-05
211000	1.05619980879541	3.73087954110899e-05	3.77131931166348e-05	1.04875334608031	3.60984703632887e-05	3.66271510516252e-05
212000	1.0543862332696	4.73967495219885e-05	4.92103250478011e-05	1.04652772466539	4.65506692160612e-05	4.87762906309751e-05
213000	1.05341300191205	4.23929254302103e-05	4.33661567877629e-05	1.04577437858509	4.15917782026769e-05	4.23451242829828e-05
214000	1.05044455066922	4.0178776290631e-05	4.31472275334608e-05	1.04264149139579	4.00258126195029e-05	4.31586998087954e-05
215000	1.04827342256214	4.2074569789675e-05	4.42456978967495e-05	1.0406759082218	4.12112810707457e-05	4.31768642447419e-05
216000	1.04748757170172	3.12036328871893e-05	3.19894837476099e-05	1.03993594646272	3.14101338432122e-05	3.21500956022945e-05
217000	1.0452638623327	3.74665391969407e-05	3.96902485659656e-05	1.037982791587	3.72676864244742e-05	3.92208413001912e-05
218000	1.04558030592734	4.85822179732314e-05	4.82657743785851e-05	1.03838145315488	4.94130019120459e-05	4.90143403441682e-05
219000	1.04573422562141	3.89550669216061e-05	3.88011472275335e-05	1.03869885277247	4.05124282982791e-05	4.01950286806883e-05
220000	1.04202007648184	5.39732313575526e-05	5.76873804971319e-05	1.03542638623327	5.19378585086042e-05	5.52103250478011e-05
221000	1.04045984703633	2.68078393881453e-05	2.8368068833652e-05	1.03409273422562	2.61730401529637e-05	2.75066921606119e-05
222000	1.03842160611855	3.79005736137667e-05	3.99388145315488e-05	1.03280879541109	3.8348948374761e-05	3.96328871892926e-05
223000	1.03727820267686	4.97504780114723e-05	5.08938814531549e-05	1.03204110898662	4.94034416826004e-05	5.01711281070746e-05
224000	1.03800573613767	4.59952198852773e-05	4.52676864244742e-05	1.03237667304015	4.59072657743786e-05	4.55717017208413e-05
225000	1.03676290630975	4.07600382409178e-05	4.20028680688337e-05	1.03100669216061	3.9310707456979e-05	4.06806883365201e-05
226000	1.03640439770555	2.76816443594646e-05	2.80401529636711e-05	1.03031739961759	2.78250478011472e-05	2.85143403441683e-05
227000	1.03452963671128	4.67390057361377e-05	4.86137667304015e-05	1.02889196940727	4.63699808795411e-05	4.77954110898661e-05
228000	1.03369407265774	3.6406309751434e-05	3.72418738049713e-05	1.02816634799235	3.64588910133843e-05	3.71845124282983e-05
229000	1.03282982791587	3.93030592734226e-05	4.01673040152964e-05	1.0275430210325	3.92973231357553e-05	3.99206500956023e-05
230000	1.0321051625239	3.98613766730402e-05	4.05860420650096e-05	1.02675621414914	4.06061185468451e-05	4.13929254302103e-05
231000	1.03068164435946	4.83709369024857e-05	4.97944550669216e-05	1.02557839388145	4.75353728489484e-05	4.87131931166348e-05
232000	1.03002294455067	4.85841300191205e-05	4.92428298279159e-05	1.02515774378585	4.94072657743786e-05	4.98279158699809e-05
233000	1.02914340344168	4.55439770554493e-05	4.6423518164436e-05	1.02404397705545	4.60793499043977e-05	4.71931166347992e-05
234000	1.02972179732314	3.62485659655832e-05	3.567017208413e-05	1.02463766730402	3.59684512428298e-05	3.53747609942639e-05
235000	1.02915965583174	3.96739961759082e-05	4.0236137667304e-05	1.023965583174	3.9255258126195e-05	3.99273422562141e-05
236000	1.02911854684512	3.72676864244742e-05	3.73087954110899e-05	1.02333460803059	3.54674952198853e-05	3.60984703632887e-05
237000	1.02706405353728	4.53422562141491e-05	4.73967495219885e-05	1.02143977055449	4.46558317399618e-05	4.65506692160612e-05
238000	1.02677151051625	4.21003824091778e-05	4.23929254302103e-05	1.02113862332696	4.12906309751434e-05	4.15917782026769e-05
239000	1.02502007648184	3.84273422562141e-05	4.0178776290631e-05	1.01944455066922	3.83317399617591e-05	4.00258126195029e-05
240000	1.02363862332696	4.06931166347992e-05	4.2074569789675e-05	1.0184913957935	4.02581261950287e-05	4.12112810707457e-05
241000	1.02236424474187	2.99292543021033e-05	3.12036328871893e-05	1.01772466539197	3.06434034416826e-05	3.14101338432122e-05
242000	1.02144263862333	3.65449330783939e-05	3.74665391969407e-05	1.01698470363289	3.6527724665392e-05	3.72676864244742e-05
243000	1.02083460803059	4.79741873804971e-05	4.85822179732314e-05	1.01655544933078	4.89837476099426e-05	4.94130019120459e-05
244000	1.02065296367113	3.87734225621415e-05	3.89550669216061e-05	1.01655449330784	4.05114722753346e-05	4.05124282982791e-05
245000	1.01721988527725	5.05401529636711e-05	5.39732313575526e-05	1.01405162523901	4.94349904397705e-05	5.19378585086042e-05
246000	1.01534799235182	2.49359464627151e-05	2.68078393881453e-05	1.01309464627151	2.52160611854684e-05	2.61730401529637e-05
247000	1.01318260038241	3.57351816443595e-05	3.79005736137667e-05	1.01093499043977	3.6189292543021e-05	3.8348948374761e-05
248000	1.01144933078394	4.80172084130019e-05	4.97504780114723e-05	1.0096051625239	4.80736137667304e-05	4.94034416826004e-05
249000	1.01053154875717	4.50774378585086e-05	4.59952198852773e-05	1.00843594646272	4.47380497131931e-05	4.59072657743786e-05
250000	1.00948470363289	3.97131931166348e-05	4.07600382409178e-05	1.00811759082218	3.89923518164436e-05	3.9310707456979e-05
