Distance from Center (cmd=annotatePeaks.pl /expanse/lustre/projects/csd940/ctea/homer/homer_scripts/reference_peaks/Superenhancers_P60.bed mm10 -size 500000 -hist 1000 -bedGraph /expanse/lustre/projects/csd940/ctea/homer/bwt2_bam/tags/ctrl_M1/tagdirs/tagdirs.25x50kb.PC1.bedGraph /expanse/lustre/projects/csd940/ctea/homer/bwt2_bam/tags/mut_M1/tagdirs/tagdirs.25x50kb.PC1.bedGraph)	/expanse/lustre/projects/csd940/ctea/homer/bwt2_bam/tags/ctrl_M1/tagdirs/tagdirs.25x50kb.PC1.bedGraph Coverage	/expanse/lustre/projects/csd940/ctea/homer/bwt2_bam/tags/ctrl_M1/tagdirs/tagdirs.25x50kb.PC1.bedGraph + Tags	/expanse/lustre/projects/csd940/ctea/homer/bwt2_bam/tags/ctrl_M1/tagdirs/tagdirs.25x50kb.PC1.bedGraph - Tags	/expanse/lustre/projects/csd940/ctea/homer/bwt2_bam/tags/mut_M1/tagdirs/tagdirs.25x50kb.PC1.bedGraph Coverage	/expanse/lustre/projects/csd940/ctea/homer/bwt2_bam/tags/mut_M1/tagdirs/tagdirs.25x50kb.PC1.bedGraph + Tags	/expanse/lustre/projects/csd940/ctea/homer/bwt2_bam/tags/mut_M1/tagdirs/tagdirs.25x50kb.PC1.bedGraph - Tags
-250000	1.01276673040153	3.96472275334608e-05	3.76290630975143e-05	0.998862332695985	3.92189292543021e-05	3.75745697896749e-05
-249000	1.01315296367113	2.78929254302103e-05	2.75066921606119e-05	0.998862332695985	2.83938814531549e-05	2.83938814531549e-05
-248000	1.01297992351816	5.02045889101339e-05	5.03776290630975e-05	0.998762906309751	5.00229445506692e-05	5.01223709369025e-05
-247000	1.012465583174	3.18260038240918e-05	3.234034416826e-05	0.998029636711281	3.25239005736138e-05	3.32571701720841e-05
-246000	1.01295793499044	3.48843212237094e-05	3.43919694072658e-05	0.998286806883365	3.35449330783939e-05	3.32877629063098e-05
-245000	1.01339961759082	4.1e-05	4.05583173996176e-05	0.998453154875717	4.08279158699809e-05	4.06615678776291e-05
-244000	1.01466252390057	4.96835564053537e-05	4.84206500956023e-05	0.999695984703633	4.82954110898662e-05	4.70525812619503e-05
-243000	1.01674856596558	5.10009560229446e-05	4.8914913957935e-05	1.00097609942639	5.05726577437858e-05	4.92925430210325e-05
-242000	1.017982791587	4.83747609942639e-05	4.7140535372849e-05	1.00231357552581	4.92629063097514e-05	4.79254302103251e-05
-241000	1.01806500956023	2.9442638623327e-05	2.93604206500956e-05	1.00258126195029	2.91376673040153e-05	2.88699808795411e-05
-240000	1.01759942638623	3.68613766730401e-05	3.73269598470363e-05	1.00242829827916	3.73040152963671e-05	3.74569789674952e-05
-239000	1.0194569789675	3.82103250478011e-05	3.63527724665392e-05	1.00406978967495	3.60860420650096e-05	3.44445506692161e-05
-238000	1.02050669216061	4.5178776290631e-05	4.41290630975143e-05	1.00530975143403	4.48193116634799e-05	4.35793499043977e-05
-237000	1.02164053537285	3.8980879541109e-05	3.78470363288719e-05	1.00610707456979	3.75e-05	3.67026768642447e-05
-236000	1.02279063097514	4.2527724665392e-05	4.13776290630975e-05	1.00721319311663	4.04139579349904e-05	3.93078393881453e-05
-235000	1.02495984703633	3.17007648183556e-05	2.95315487571702e-05	1.00897036328872	3.15478011472275e-05	2.97906309751434e-05
-234000	1.0270258126195	3.81204588910134e-05	3.60544933078394e-05	1.0107447418738	3.67390057361377e-05	3.49646271510516e-05
-233000	1.02832504780115	3.45535372848948e-05	3.32543021032505e-05	1.01188145315488	3.39464627151052e-05	3.28097514340344e-05
-232000	1.02980210325048	5.48690248565966e-05	5.33919694072658e-05	1.01313001912046	5.33231357552581e-05	5.2074569789675e-05
-231000	1.03117399617591	4.29512428298279e-05	4.15793499043977e-05	1.01465391969407	4.19866156787763e-05	4.04627151051625e-05
-230000	1.03479923518164	5.94397705544933e-05	5.58145315487572e-05	1.01803728489484	5.71214149139579e-05	5.37380497131931e-05
-229000	1.03661854684512	3.3848948374761e-05	3.20296367112811e-05	1.01936328871893	3.22896749521989e-05	3.09636711281071e-05
-228000	1.03779923518164	3.60822179732314e-05	3.49015296367113e-05	1.02056405353728	3.63326959847036e-05	3.5131931166348e-05
-227000	1.03873326959847	4.94980879541109e-05	4.85640535372849e-05	1.02176959847036	4.83499043977055e-05	4.71443594646272e-05
-226000	1.03923804971319	5.24579349904398e-05	5.1953154875717e-05	1.02211281070746	5.25516252390057e-05	5.2208413001912e-05
-225000	1.04083365200765	4.12428298279159e-05	3.96472275334608e-05	1.02348183556405	4.05879541108986e-05	3.92189292543021e-05
-224000	1.04160994263862	2.86692160611855e-05	2.78929254302103e-05	1.02410898661568	2.90210325047801e-05	2.83938814531549e-05
-223000	1.04182122370937	5.04158699808795e-05	5.02045889101339e-05	1.02442638623327	5.034034416826e-05	5.00229445506692e-05
-222000	1.04180975143403	3.18145315487572e-05	3.18260038240918e-05	1.02445124282983	3.25487571701721e-05	3.25239005736138e-05
-221000	1.04191682600382	3.4991395793499e-05	3.48843212237094e-05	1.02449043977055	3.35841300191205e-05	3.35449330783939e-05
-220000	1.04341300191205	4.24961759082218e-05	4.1e-05	1.02634416826004	4.26816443594646e-05	4.08279158699809e-05
-219000	1.04231453154876	4.8585086042065e-05	4.96835564053537e-05	1.02583078393881	4.77820267686424e-05	4.82954110898662e-05
-218000	1.04474856596558	5.34349904397706e-05	5.10009560229446e-05	1.02789770554493	5.26395793499044e-05	5.05726577437858e-05
-217000	1.04525334608031	4.88795411089866e-05	4.83747609942639e-05	1.02832026768642	4.96854684512428e-05	4.92629063097514e-05
-216000	1.04517686424474	2.93661567877629e-05	2.9442638623327e-05	1.02832887189293	2.91462715105163e-05	2.91376673040153e-05
-215000	1.04473900573614	3.6423518164436e-05	3.68613766730401e-05	1.02790439770554	3.68795411089866e-05	3.73040152963671e-05
-214000	1.04593403441683	3.94053537284895e-05	3.82103250478011e-05	1.02951912045889	3.77007648183556e-05	3.60860420650096e-05
-213000	1.04641108986616	4.56558317399618e-05	4.5178776290631e-05	1.03024378585086	4.55439770554493e-05	4.48193116634799e-05
-212000	1.04866634799235	4.1236137667304e-05	3.8980879541109e-05	1.03191682600382	3.91730401529637e-05	3.75e-05
-211000	1.04897131931166	4.28326959847036e-05	4.2527724665392e-05	1.03278585086042	4.1282982791587e-05	4.04139579349904e-05
-210000	1.05180401529637	3.45334608030593e-05	3.17007648183556e-05	1.03518929254302	3.39512428298279e-05	3.15478011472275e-05
-209000	1.05296845124283	3.92848948374761e-05	3.81204588910134e-05	1.03661185468451	3.81615678776291e-05	3.67390057361377e-05
-208000	1.0541673040153	3.57523900573614e-05	3.45535372848948e-05	1.0380793499044	3.54139579349904e-05	3.39464627151052e-05
-207000	1.0549378585086	5.56395793499044e-05	5.48690248565966e-05	1.03922084130019	5.44646271510516e-05	5.33231357552581e-05
-206000	1.05620076481836	4.42141491395793e-05	4.29512428298279e-05	1.04051338432122	4.32791586998088e-05	4.19866156787763e-05
-205000	1.05906022944551	6.22992351816444e-05	5.94397705544933e-05	1.04351625239006	6.01242829827916e-05	5.71214149139579e-05
-204000	1.06015774378585	3.49464627151052e-05	3.3848948374761e-05	1.04457361376673	3.33470363288719e-05	3.22896749521989e-05
-203000	1.06203154875717	3.79560229445507e-05	3.60822179732314e-05	1.04619694072658	3.79560229445507e-05	3.63326959847036e-05
-202000	1.06342256214149	5.08891013384321e-05	4.94980879541109e-05	1.0471309751434	4.92839388145315e-05	4.83499043977055e-05
-201000	1.06411089866157	5.31462715105163e-05	5.24579349904398e-05	1.04772275334608	5.31434034416826e-05	5.25516252390057e-05
-200000	1.06497609942639	4.21080305927342e-05	4.12428298279159e-05	1.04898948374761	4.18546845124283e-05	4.05879541108986e-05
-199000	1.06537571701721	2.90688336520076e-05	2.86692160611855e-05	1.04957743785851	2.96089866156788e-05	2.90210325047801e-05
-198000	1.06738145315488	5.24216061185469e-05	5.04158699808795e-05	1.05127055449331	5.20334608030593e-05	5.034034416826e-05
-197000	1.06718833652008	3.16214149139579e-05	3.18145315487572e-05	1.05113766730402	3.24158699808795e-05	3.25487571701721e-05
-196000	1.06814627151052	3.59493307839388e-05	3.4991395793499e-05	1.05209273422562	3.45391969407266e-05	3.35841300191205e-05
-195000	1.07059464627151	4.49445506692161e-05	4.24961759082218e-05	1.05426864244742	4.4857552581262e-05	4.26816443594646e-05
-194000	1.07143594646272	4.94263862332696e-05	4.8585086042065e-05	1.05532887189293	4.88422562141491e-05	4.77820267686424e-05
-193000	1.07294072657744	5.49397705544933e-05	5.34349904397706e-05	1.05704015296367	5.43508604206501e-05	5.26395793499044e-05
-192000	1.07415487571702	5.0093690248566e-05	4.88795411089866e-05	1.05812332695985	5.07686424474187e-05	4.96854684512428e-05
-191000	1.07388432122371	2.90956022944551e-05	2.93661567877629e-05	1.05799426386233	2.90172084130019e-05	2.91462715105163e-05
-190000	1.07538432122371	3.79235181644359e-05	3.6423518164436e-05	1.05915583173996	3.80411089866157e-05	3.68795411089866e-05
-189000	1.07649330783939	4.05143403441683e-05	3.94053537284895e-05	1.06008891013384	3.86338432122371e-05	3.77007648183556e-05
-188000	1.07653728489484	4.56998087954111e-05	4.56558317399618e-05	1.06007552581262	4.55305927342256e-05	4.55439770554493e-05
-187000	1.07867973231358	4.33785850860421e-05	4.1236137667304e-05	1.06208030592734	4.11778202676864e-05	3.91730401529637e-05
-186000	1.08082982791587	4.49827915869981e-05	4.28326959847036e-05	1.06378393881453	4.29866156787763e-05	4.1282982791587e-05
-185000	1.08320554493308	3.69091778202677e-05	3.45334608030593e-05	1.0662017208413	3.63690248565965e-05	3.39512428298279e-05
-184000	1.08277151051625	3.88508604206501e-05	3.92848948374761e-05	1.06591300191205	3.78728489483748e-05	3.81615678776291e-05
-183000	1.08454015296367	3.75210325047801e-05	3.57523900573614e-05	1.06756596558317	3.70669216061186e-05	3.54139579349904e-05
-182000	1.08604015296367	5.71395793499044e-05	5.56395793499044e-05	1.06907361376673	5.5972275334608e-05	5.44646271510516e-05
-181000	1.08766539196941	4.58393881453155e-05	4.42141491395793e-05	1.07086137667304	4.50669216061186e-05	4.32791586998088e-05
-180000	1.08876099426386	6.33948374760994e-05	6.22992351816444e-05	1.07282122370937	6.20841300191205e-05	6.01242829827916e-05
-179000	1.0894120458891	3.55975143403442e-05	3.49464627151052e-05	1.07352963671128	3.40554493307839e-05	3.33470363288719e-05
-178000	1.091482791587	4.00267686424474e-05	3.79560229445507e-05	1.07525047801147	3.96768642447419e-05	3.79560229445507e-05
-177000	1.09268068833652	5.20869980879541e-05	5.08891013384321e-05	1.07627151051625	5.03049713193117e-05	4.92839388145315e-05
-176000	1.0943690248566	5.48346080305927e-05	5.31462715105163e-05	1.07706978967495	5.39416826003824e-05	5.31434034416826e-05
-175000	1.09599521988528	4.37342256214149e-05	4.21080305927342e-05	1.07852772466539	4.33126195028681e-05	4.18546845124283e-05
-174000	1.0966223709369	2.96959847036329e-05	2.90688336520076e-05	1.07935850860421	3.04397705544933e-05	2.96089866156788e-05
-173000	1.09859560229445	5.43948374760994e-05	5.24216061185469e-05	1.08135468451243	5.40296367112811e-05	5.20334608030593e-05
-172000	1.09990248565966	3.29282982791587e-05	3.16214149139579e-05	1.08237667304015	3.34378585086042e-05	3.24158699808795e-05
-171000	1.1012017208413	3.72485659655832e-05	3.59493307839388e-05	1.08384703632887	3.60095602294455e-05	3.45391969407266e-05
-170000	1.10327724665392	4.70200764818356e-05	4.49445506692161e-05	1.08535468451243	4.63652007648184e-05	4.4857552581262e-05
-169000	1.10626290630975	5.24120458891013e-05	4.94263862332696e-05	1.08797323135755	5.14608030592734e-05	4.88422562141491e-05
-168000	1.10726003824092	5.59369024856596e-05	5.49397705544933e-05	1.08879158699809	5.51692160611855e-05	5.43508604206501e-05
-167000	1.10881070745698	5.16443594646271e-05	5.0093690248566e-05	1.09007170172084	5.20487571701721e-05	5.07686424474187e-05
-166000	1.11044263862333	3.07275334608031e-05	2.90956022944551e-05	1.09210994263862	3.10554493307839e-05	2.90172084130019e-05
-165000	1.11345124282983	4.09321223709369e-05	3.79235181644359e-05	1.09458891013384	4.05200764818356e-05	3.80411089866157e-05
-164000	1.11478680688337	4.18499043977055e-05	4.05143403441683e-05	1.09595124282983	3.99961759082218e-05	3.86338432122371e-05
-163000	1.11531739961759	4.62304015296367e-05	4.56998087954111e-05	1.09663288718929	4.62122370936903e-05	4.55305927342256e-05
-162000	1.1157724665392	4.38336520076482e-05	4.33785850860421e-05	1.09705927342256	4.1604206500956e-05	4.11778202676864e-05
-161000	1.11737093690249	4.65812619502868e-05	4.49827915869981e-05	1.09873518164436	4.46625239005736e-05	4.29866156787763e-05
-160000	1.12033460803059	3.98728489483747e-05	3.69091778202677e-05	1.10144455066922	3.90783938814532e-05	3.63690248565965e-05
-159000	1.12063384321224	3.91500956022944e-05	3.88508604206501e-05	1.10168642447419	3.81147227533461e-05	3.78728489483748e-05
-158000	1.12342543021033	4.03126195028681e-05	3.75210325047801e-05	1.10428489483748	3.96653919694073e-05	3.70669216061186e-05
-157000	1.12329063097514	5.70047801147228e-05	5.71395793499044e-05	1.10425717017208	5.59445506692161e-05	5.5972275334608e-05
-156000	1.12375812619503	4.63068833652008e-05	4.58393881453155e-05	1.1050258126195	4.58355640535373e-05	4.50669216061186e-05
-155000	1.12524952198853	6.48862332695985e-05	6.33948374760994e-05	1.10691108986616	6.39694072657744e-05	6.20841300191205e-05
-154000	1.12674665391969	3.70946462715105e-05	3.55975143403442e-05	1.1082361376673	3.53804971319312e-05	3.40554493307839e-05
-153000	1.12934512428298	4.26252390057361e-05	4.00267686424474e-05	1.11042160611855	4.18623326959847e-05	3.96768642447419e-05
-152000	1.13056787762906	5.33097514340344e-05	5.20869980879541e-05	1.11142829827916	5.13116634799235e-05	5.03049713193117e-05
-151000	1.13193212237094	5.61988527724665e-05	5.48346080305927e-05	1.11275334608031	5.52667304015296e-05	5.39416826003824e-05
-150000	1.13370363288719	4.55057361376673e-05	4.37342256214149e-05	1.11447036328872	4.50296367112811e-05	4.33126195028681e-05
-149000	1.13434703632887	3.03393881453155e-05	2.96959847036329e-05	1.11528776290631	3.12571701720841e-05	3.04397705544933e-05
-148000	1.13565678776291	5.57045889101338e-05	5.43948374760994e-05	1.11659369024857	5.53355640535373e-05	5.40296367112811e-05
-147000	1.1393240917782	3.65956022944551e-05	3.29282982791587e-05	1.11978298279159	3.66271510516252e-05	3.34378585086042e-05
-146000	1.14145602294455	3.93804971319312e-05	3.72485659655832e-05	1.12180401529637	3.80305927342256e-05	3.60095602294455e-05
-145000	1.14438718929254	4.99512428298279e-05	4.70200764818356e-05	1.12399330783939	4.85544933078394e-05	4.63652007648184e-05
-144000	1.148	5.60248565965583e-05	5.24120458891013e-05	1.12715774378585	5.46252390057361e-05	5.14608030592734e-05
-143000	1.14844837476099	5.63852772466539e-05	5.59369024856596e-05	1.12713766730402	5.51491395793499e-05	5.51692160611855e-05
-142000	1.15074952198853	5.39455066921606e-05	5.16443594646271e-05	1.12886998087954	5.37810707456979e-05	5.20487571701721e-05
-141000	1.15286806883365	3.28460803059274e-05	3.07275334608031e-05	1.13069024856597	3.28757170172084e-05	3.10554493307839e-05
-140000	1.1548604206501	4.29244741873805e-05	4.09321223709369e-05	1.13287667304015	4.27065009560229e-05	4.05200764818356e-05
-139000	1.15582217973231	4.28116634799235e-05	4.18499043977055e-05	1.13436137667304	4.1480879541109e-05	3.99961759082218e-05
-138000	1.1583068833652	4.87151051625239e-05	4.62304015296367e-05	1.13662332695985	4.84741873804971e-05	4.62122370936903e-05
-137000	1.15864053537285	4.41673040152964e-05	4.38336520076482e-05	1.13682217973231	4.18030592734226e-05	4.1604206500956e-05
-136000	1.16067112810707	4.86118546845124e-05	4.65812619502868e-05	1.13887571701721	4.67160611854684e-05	4.46625239005736e-05
-135000	1.16352390057361	4.2725621414914e-05	3.98728489483747e-05	1.14101912045889	4.12217973231358e-05	3.90783938814532e-05
-134000	1.16435277246654	3.99789674952199e-05	3.91500956022944e-05	1.14171701720841	3.88126195028681e-05	3.81147227533461e-05
-133000	1.16752963671128	4.34894837476099e-05	4.03126195028681e-05	1.14494263862333	4.28910133843212e-05	3.96653919694073e-05
-132000	1.17052485659656	6e-05	5.70047801147228e-05	1.14764818355641	5.86500956022945e-05	5.59445506692161e-05
-131000	1.17121797323136	4.7e-05	4.63068833652008e-05	1.14794455066922	4.6131931166348e-05	4.58355640535373e-05
-130000	1.17365009560229	6.73183556405354e-05	6.48862332695985e-05	1.1497447418738	6.57695984703633e-05	6.39694072657744e-05
-129000	1.17510325047801	3.85478011472275e-05	3.70946462715105e-05	1.15144263862333	3.70783938814531e-05	3.53804971319312e-05
-128000	1.17751434034417	4.50363288718929e-05	4.26252390057361e-05	1.15353824091778	4.39579349904398e-05	4.18623326959847e-05
-127000	1.17897705544933	5.47724665391969e-05	5.33097514340344e-05	1.15465678776291	5.24302103250478e-05	5.13116634799235e-05
-126000	1.17987380497132	5.70956022944551e-05	5.61988527724665e-05	1.1553948374761	5.60047801147228e-05	5.52667304015296e-05
-125000	1.18141013384321	4.70420650095602e-05	4.55057361376673e-05	1.15678871892925	4.64235181644359e-05	4.50296367112811e-05
-124000	1.1821309751434	3.10602294455067e-05	3.03393881453155e-05	1.15699235181644	3.14608030592734e-05	3.12571701720841e-05
-123000	1.18377724665392	5.73508604206501e-05	5.57045889101338e-05	1.15806309751434	5.6406309751434e-05	5.53355640535373e-05
-122000	1.18670267686424	3.95210325047801e-05	3.65956022944551e-05	1.16051816443595	3.90822179732314e-05	3.66271510516252e-05
-121000	1.18920554493308	4.18833652007648e-05	3.93804971319312e-05	1.16315774378585	4.067017208413e-05	3.80305927342256e-05
-120000	1.19003059273423	5.07762906309751e-05	4.99512428298279e-05	1.16424952198853	4.96462715105163e-05	4.85544933078394e-05
-119000	1.19435564053537	6.03499043977055e-05	5.60248565965583e-05	1.16800286806883	5.8378585086042e-05	5.46252390057361e-05
-118000	1.19643116634799	5.84608030592734e-05	5.63852772466539e-05	1.16974569789675	5.68919694072658e-05	5.51491395793499e-05
-117000	1.20017495219885	5.7689292543021e-05	5.39455066921606e-05	1.17267017208413	5.67055449330784e-05	5.37810707456979e-05
-116000	1.20203728489484	3.47084130019121e-05	3.28460803059274e-05	1.17378298279159	3.39885277246654e-05	3.28757170172084e-05
-115000	1.20321510516252	4.41022944550669e-05	4.29244741873805e-05	1.174982791587	4.3906309751434e-05	4.27065009560229e-05
-114000	1.20460325047801	4.41998087954111e-05	4.28116634799235e-05	1.17619120458891	4.2689292543021e-05	4.1480879541109e-05
-113000	1.20732695984704	5.14388145315488e-05	4.87151051625239e-05	1.17851242829828	5.07954110898662e-05	4.84741873804971e-05
-112000	1.20917973231358	4.60200764818356e-05	4.41673040152964e-05	1.18109751434034	4.43881453154876e-05	4.18030592734226e-05
-111000	1.21127724665392	5.07093690248566e-05	4.86118546845124e-05	1.18326959847036	4.88881453154876e-05	4.67160611854684e-05
-110000	1.21303346080306	4.44818355640535e-05	4.2725621414914e-05	1.1852103250478	4.31625239005736e-05	4.12217973231358e-05
-109000	1.21465296367113	4.15984703632887e-05	3.99789674952199e-05	1.18698470363289	4.05869980879541e-05	3.88126195028681e-05
-108000	1.21738527724665	4.62217973231358e-05	4.34894837476099e-05	1.18958508604206	4.54913957934991e-05	4.28910133843212e-05
-107000	1.21824282982792	6.0857552581262e-05	6e-05	1.19031739961759	5.93824091778203e-05	5.86500956022945e-05
-106000	1.21904397705545	4.78011472275334e-05	4.7e-05	1.1909206500956	4.67351816443595e-05	4.6131931166348e-05
-105000	1.2221759082218	7.04502868068834e-05	6.73183556405354e-05	1.19358413001912	6.84330783938815e-05	6.57695984703633e-05
-104000	1.22364340344168	4.00152963671128e-05	3.85478011472275e-05	1.19523135755258	3.8725621414914e-05	3.70783938814531e-05
-103000	1.22508317399618	4.64760994263862e-05	4.50363288718929e-05	1.19667112810707	4.53977055449331e-05	4.39579349904398e-05
-102000	1.22544837476099	5.51376673040153e-05	5.47724665391969e-05	1.19705736137667	5.28164435946463e-05	5.24302103250478e-05
-101000	1.22574378585086	5.73910133843212e-05	5.70956022944551e-05	1.19719694072658	5.61443594646271e-05	5.60047801147228e-05
-100000	1.22708413001912	4.83824091778203e-05	4.70420650095602e-05	1.19835946462715	4.75860420650095e-05	4.64235181644359e-05
-99000	1.2289741873805	3.29502868068834e-05	3.10602294455067e-05	1.20002772466539	3.31290630975143e-05	3.14608030592734e-05
-98000	1.22982791586998	5.82045889101338e-05	5.73508604206501e-05	1.20059560229446	5.69741873804971e-05	5.6406309751434e-05
-97000	1.23181453154876	4.15076481835564e-05	3.95210325047801e-05	1.20246749521989	4.09541108986616e-05	3.90822179732314e-05
-96000	1.23399808795411	4.40669216061185e-05	4.18833652007648e-05	1.20491395793499	4.31166347992352e-05	4.067017208413e-05
-95000	1.235534416826	5.23126195028681e-05	5.07762906309751e-05	1.20682217973231	5.15544933078394e-05	4.96462715105163e-05
-94000	1.23943977055449	6.4255258126195e-05	6.03499043977055e-05	1.21064913957935	6.22055449330784e-05	5.8378585086042e-05
-93000	1.24090152963671	5.99225621414914e-05	5.84608030592734e-05	1.21252103250478	5.8763862332696e-05	5.68919694072658e-05
-92000	1.24539005736138	6.21778202676864e-05	5.7689292543021e-05	1.21587571701721	6.00602294455067e-05	5.67055449330784e-05
-91000	1.24706309751434	3.63814531548757e-05	3.47084130019121e-05	1.21752868068834	3.56414913957935e-05	3.39885277246654e-05
-90000	1.2482447418738	4.52839388145315e-05	4.41022944550669e-05	1.21912045889101	4.54980879541109e-05	4.3906309751434e-05
-89000	1.24986328871893	4.58183556405354e-05	4.41998087954111e-05	1.22064818355641	4.4217017208413e-05	4.2689292543021e-05
-88000	1.25258986615679	5.41653919694073e-05	5.14388145315488e-05	1.22318833652008	5.33355640535373e-05	5.07954110898662e-05
-87000	1.25429158699809	4.77217973231358e-05	4.60200764818356e-05	1.22553154875717	4.67313575525813e-05	4.43881453154876e-05
-86000	1.25761854684512	5.40363288718929e-05	5.07093690248566e-05	1.22864627151052	5.20028680688337e-05	4.88881453154876e-05
-85000	1.25932504780115	4.61883365200765e-05	4.44818355640535e-05	1.23058604206501	4.51022944550669e-05	4.31625239005736e-05
-84000	1.26116921606119	4.3442638623327e-05	4.15984703632887e-05	1.23259369024857	4.25946462715105e-05	4.05869980879541e-05
-83000	1.2622638623327	4.73164435946463e-05	4.62217973231358e-05	1.23376099426386	4.66586998087954e-05	4.54913957934991e-05
-82000	1.26335086042065	6.1944550669216e-05	6.0857552581262e-05	1.23485468451243	6.04760994263862e-05	5.93824091778203e-05
-81000	1.26515678776291	4.96070745697897e-05	4.78011472275334e-05	1.23657839388145	4.84588910133843e-05	4.67351816443595e-05
-80000	1.26713766730402	7.24311663479924e-05	7.04502868068834e-05	1.23884416826004	7.06988527724665e-05	6.84330783938815e-05
-79000	1.26839866156788	4.12762906309751e-05	4.00152963671128e-05	1.23993881453155	3.98202676864245e-05	3.8725621414914e-05
-78000	1.27002294455067	4.81003824091778e-05	4.64760994263862e-05	1.24130114722753	4.67600382409178e-05	4.53977055449331e-05
-77000	1.27133460803059	5.64493307839388e-05	5.51376673040153e-05	1.24308030592734	5.45956022944551e-05	5.28164435946463e-05
-76000	1.27185277246654	5.79091778202677e-05	5.73910133843212e-05	1.24367017208413	5.67342256214149e-05	5.61443594646271e-05
-75000	1.27308413001912	4.96137667304015e-05	4.83824091778203e-05	1.24466539196941	4.85812619502868e-05	4.75860420650095e-05
-74000	1.27421223709369	3.40783938814532e-05	3.29502868068834e-05	1.24586615678776	3.432982791587e-05	3.31290630975143e-05
-73000	1.27544263862333	5.94349904397706e-05	5.82045889101338e-05	1.24708508604207	5.81931166347992e-05	5.69741873804971e-05
-72000	1.27711472275335	4.31797323135755e-05	4.15076481835564e-05	1.24885946462715	4.27284894837476e-05	4.09541108986616e-05
-71000	1.27919407265774	4.61462715105163e-05	4.40669216061185e-05	1.25089196940727	4.51491395793499e-05	4.31166347992352e-05
-70000	1.28206309751434	5.51816443594646e-05	5.23126195028681e-05	1.25331835564054	5.3980879541109e-05	5.15544933078394e-05
-69000	1.2850621414914	6.72543021032505e-05	6.4255258126195e-05	1.25641586998088	6.53030592734226e-05	6.22055449330784e-05
-68000	1.28658508604207	6.14455066921606e-05	5.99225621414914e-05	1.2580965583174	6.04445506692161e-05	5.8763862332696e-05
-67000	1.29030783938815	6.59005736137667e-05	6.21778202676864e-05	1.26153059273423	6.34942638623327e-05	6.00602294455067e-05
-66000	1.29200478011472	3.80783938814532e-05	3.63814531548757e-05	1.26320936902486	3.73202676864245e-05	3.56414913957935e-05
-65000	1.2942896749522	4.75688336520076e-05	4.52839388145315e-05	1.26523900573614	4.7527724665392e-05	4.54980879541109e-05
-64000	1.29705162523901	4.85803059273423e-05	4.58183556405354e-05	1.2677982791587	4.67762906309751e-05	4.4217017208413e-05
-63000	1.30156883365201	5.86826003824092e-05	5.41653919694073e-05	1.27198183556405	5.7519120458891e-05	5.33355640535373e-05
-62000	1.30307456978967	4.92275334608031e-05	4.77217973231358e-05	1.27328776290631	4.80372848948375e-05	4.67313575525813e-05
-61000	1.30675334608031	5.77151051625239e-05	5.40363288718929e-05	1.2768413001912	5.55564053537285e-05	5.20028680688337e-05
-60000	1.309982791587	4.94177820267686e-05	4.61883365200765e-05	1.27970745697897	4.79684512428298e-05	4.51022944550669e-05
-59000	1.31131453154876	4.4774378585086e-05	4.3442638623327e-05	1.28075525812619	4.36424474187381e-05	4.25946462715105e-05
-58000	1.31300286806883	4.90047801147227e-05	4.73164435946463e-05	1.28238336520076	4.82868068833652e-05	4.66586998087954e-05
-57000	1.31639388145315	6.53355640535373e-05	6.1944550669216e-05	1.28550382409178	6.35965583173996e-05	6.04760994263862e-05
-56000	1.31973326959847	5.29464627151052e-05	4.96070745697897e-05	1.28830975143403	5.12648183556405e-05	4.84588910133843e-05
-55000	1.32230497131931	7.50028680688336e-05	7.24311663479924e-05	1.29108317399618	7.3472275334608e-05	7.06988527724665e-05
-54000	1.32322370936902	4.21950286806883e-05	4.12762906309751e-05	1.29199521988528	4.07323135755258e-05	3.98202676864245e-05
-53000	1.32580783938815	5.06845124282983e-05	4.81003824091778e-05	1.29423135755258	4.89961759082218e-05	4.67600382409178e-05
-52000	1.32794646271511	5.85879541108987e-05	5.64493307839388e-05	1.29656596558317	5.69302103250478e-05	5.45956022944551e-05
-51000	1.32991300191205	5.98757170172084e-05	5.79091778202677e-05	1.29830975143403	5.84780114722754e-05	5.67342256214149e-05
-50000	1.33161567877629	5.13164435946463e-05	4.96137667304015e-05	1.2999206500956	5.01921606118547e-05	4.85812619502868e-05
-49000	1.33336328871893	3.58260038240918e-05	3.40783938814532e-05	1.30149713193117	3.5906309751434e-05	3.432982791587e-05
-48000	1.336534416826	6.26061185468451e-05	5.94349904397706e-05	1.30484608030593	6.15420650095602e-05	5.81931166347992e-05
-47000	1.33801625239006	4.46615678776291e-05	4.31797323135755e-05	1.30638432122371	4.42667304015296e-05	4.27284894837476e-05
-46000	1.33949330783939	4.7623326959847e-05	4.61462715105163e-05	1.30781739961759	4.65822179732314e-05	4.51491395793499e-05
-45000	1.34347801147228	5.91663479923518e-05	5.51816443594646e-05	1.31130019120459	5.74636711281071e-05	5.3980879541109e-05
-44000	1.34718164435946	7.09579349904398e-05	6.72543021032505e-05	1.31459369024857	6.85965583173996e-05	6.53030592734226e-05
-43000	1.34969120458891	6.39550669216061e-05	6.14455066921606e-05	1.31676768642447	6.26185468451243e-05	6.04445506692161e-05
-42000	1.35367686424474	6.98862332695985e-05	6.59005736137667e-05	1.32064818355641	6.73747609942639e-05	6.34942638623327e-05
-41000	1.35521701720841	3.96185468451243e-05	3.80783938814532e-05	1.32212332695985	3.87954110898662e-05	3.73202676864245e-05
-40000	1.35751912045889	4.98709369024857e-05	4.75688336520076e-05	1.32392351816444	4.93279158699809e-05	4.7527724665392e-05
-39000	1.36130592734226	5.23671128107074e-05	4.85803059273423e-05	1.32764913957935	5.05019120458891e-05	4.67762906309751e-05
-38000	1.36750478011472	6.48814531548757e-05	5.86826003824092e-05	1.33344646271511	6.33164435946463e-05	5.7519120458891e-05
-37000	1.37036711281071	5.20898661567878e-05	4.92275334608031e-05	1.33619502868069	5.07858508604206e-05	4.80372848948375e-05
-36000	1.37360133843212	6.09493307839388e-05	5.77151051625239e-05	1.33972944550669	5.90908221797323e-05	5.55564053537285e-05
-35000	1.37696462715105	5.27810707456979e-05	4.94177820267686e-05	1.34255162523901	5.07906309751434e-05	4.79684512428298e-05
-34000	1.37734416826004	4.51539196940727e-05	4.4774378585086e-05	1.34277055449331	4.38613766730402e-05	4.36424474187381e-05
-33000	1.37977342256214	5.1434034416826e-05	4.90047801147227e-05	1.3454034416826	5.09196940726578e-05	4.82868068833652e-05
-32000	1.38327055449331	6.88326959847036e-05	6.53355640535373e-05	1.34912428298279	6.73173996175908e-05	6.35965583173996e-05
-31000	1.38617877629063	5.58546845124283e-05	5.29464627151052e-05	1.35140535372849	5.35458891013384e-05	5.12648183556405e-05
-30000	1.38868164435946	7.75057361376673e-05	7.50028680688336e-05	1.35344837476099	7.55152963671128e-05	7.3472275334608e-05
-29000	1.38996462715105	4.34780114722753e-05	4.21950286806883e-05	1.35498757170172	4.22715105162524e-05	4.07323135755258e-05
-28000	1.3920086042065	5.27284894837476e-05	5.06845124282983e-05	1.35692256214149	5.09311663479924e-05	4.89961759082218e-05
-27000	1.39366921606119	6.02485659655832e-05	5.85879541108987e-05	1.35838336520076	5.83910133843212e-05	5.69302103250478e-05
-26000	1.39549235181644	6.16988527724666e-05	5.98757170172084e-05	1.36010707456979	6.02017208413002e-05	5.84780114722754e-05
-25000	1.39703632887189	5.28604206500956e-05	5.13164435946463e-05	1.36214149139579	5.22265774378585e-05	5.01921606118547e-05
-24000	1.39828489483748	3.7074569789675e-05	3.58260038240918e-05	1.36317208413002	3.69369024856597e-05	3.5906309751434e-05
-23000	1.40141300191205	6.57342256214149e-05	6.26061185468451e-05	1.36607456978968	6.44445506692161e-05	6.15420650095602e-05
-22000	1.40169980879541	4.49483747609943e-05	4.46615678776291e-05	1.36638814531549	4.45803059273423e-05	4.42667304015296e-05
-21000	1.40239388145315	4.83173996175908e-05	4.7623326959847e-05	1.36711663479924	4.7310707456979e-05	4.65822179732314e-05
-20000	1.40499235181644	6.17648183556406e-05	5.91663479923518e-05	1.36924665391969	5.9593690248566e-05	5.74636711281071e-05
-19000	1.40698757170172	7.2953154875717e-05	7.09579349904398e-05	1.37144646271511	7.07963671128107e-05	6.85965583173996e-05
-18000	1.40798087954111	6.49483747609942e-05	6.39550669216061e-05	1.37236998087954	6.35420650095602e-05	6.26185468451243e-05
-17000	1.40940439770555	7.13097514340344e-05	6.98862332695985e-05	1.3742017208413	6.92065009560229e-05	6.73747609942639e-05
-16000	1.41008891013384	4.03030592734226e-05	3.96185468451243e-05	1.37488049713193	3.94741873804971e-05	3.87954110898662e-05
-15000	1.41045506692161	5.02370936902486e-05	4.98709369024857e-05	1.37537858508604	4.98260038240918e-05	4.93279158699809e-05
-14000	1.4121931166348	5.41051625239006e-05	5.23671128107074e-05	1.37732217973231	5.24455066921606e-05	5.05019120458891e-05
-13000	1.41521223709369	6.79005736137667e-05	6.48814531548757e-05	1.37995124282983	6.59455066921606e-05	6.33164435946463e-05
-12000	1.41641873804971	5.32963671128107e-05	5.20898661567878e-05	1.38129349904398	5.21281070745698e-05	5.07858508604206e-05
-11000	1.41710611854685	6.16367112810707e-05	6.09493307839388e-05	1.38232887189293	6.01261950286807e-05	5.90908221797323e-05
-10000	1.41668068833652	5.23556405353729e-05	5.27810707456979e-05	1.38171510516252	5.01768642447419e-05	5.07906309751434e-05
-9000	1.41652676864245	4.5e-05	4.51539196940727e-05	1.3814034416826	4.35497131931166e-05	4.38613766730402e-05
-8000	1.41720458891013	5.21118546845124e-05	5.1434034416826e-05	1.38223422562141	5.17504780114723e-05	5.09196940726578e-05
-7000	1.41745793499044	6.90860420650096e-05	6.88326959847036e-05	1.38241395793499	6.74971319311664e-05	6.73173996175908e-05
-6000	1.41748470363289	5.58814531548757e-05	5.58546845124283e-05	1.38258030592734	5.37122370936903e-05	5.35458891013384e-05
-5000	1.41767112810707	7.76921606118547e-05	7.75057361376673e-05	1.38272275334608	7.56577437858508e-05	7.55152963671128e-05
-4000	1.41788718929254	4.36940726577438e-05	4.34780114722753e-05	1.3830086042065	4.2557361376673e-05	4.22715105162524e-05
-3000	1.41760420650096	5.24455066921606e-05	5.27284894837476e-05	1.38290248565966	5.08250478011472e-05	5.09311663479924e-05
-2000	1.41766539196941	6.03097514340344e-05	6.02485659655832e-05	1.3831137667304	5.86022944550669e-05	5.83910133843212e-05
-1000	1.4176586998088	6.16921606118547e-05	6.16988527724666e-05	1.3832896749522	6.03776290630975e-05	6.02017208413002e-05
0	1.41774282982792	5.2944550669216e-05	5.28604206500956e-05	1.38326195028681	5.21988527724666e-05	5.22265774378585e-05
1000	1.41727533460803	3.66070745697897e-05	3.7074569789675e-05	1.38313001912046	3.68049713193117e-05	3.69369024856597e-05
2000	1.41762045889101	6.60793499043977e-05	6.57342256214149e-05	1.38325430210325	6.45688336520077e-05	6.44445506692161e-05
3000	1.4175	4.48279158699809e-05	4.49483747609943e-05	1.38297514340344	4.43011472275334e-05	4.45803059273423e-05
4000	1.41716347992352	4.7980879541109e-05	4.83173996175908e-05	1.38247514340344	4.6810707456979e-05	4.7310707456979e-05
5000	1.41571988527725	6.0321223709369e-05	6.17648183556406e-05	1.38120554493308	5.83240917782027e-05	5.9593690248566e-05
6000	1.41456883365201	7.1802103250478e-05	7.2953154875717e-05	1.37980592734226	6.93967495219885e-05	7.07963671128107e-05
7000	1.4136395793499	6.4019120458891e-05	6.49483747609942e-05	1.3792982791587	6.30344168260038e-05	6.35420650095602e-05
8000	1.41328489483748	7.09550669216061e-05	7.13097514340344e-05	1.37896367112811	6.88718929254302e-05	6.92065009560229e-05
9000	1.41315105162524	4.01692160611855e-05	4.03030592734226e-05	1.37875717017208	3.92676864244742e-05	3.94741873804971e-05
10000	1.41222848948375	4.93145315487572e-05	5.02370936902486e-05	1.37764818355641	4.8717017208413e-05	4.98260038240918e-05
11000	1.41078393881453	5.26606118546845e-05	5.41051625239006e-05	1.37611854684512	5.09158699808795e-05	5.24455066921606e-05
12000	1.40810420650096	6.52208413001912e-05	6.79005736137667e-05	1.37362332695985	6.34502868068834e-05	6.59455066921606e-05
13000	1.40719789674952	5.23900573613767e-05	5.32963671128107e-05	1.3725621414914	5.10669216061186e-05	5.21281070745698e-05
14000	1.40599426386233	6.04330783938814e-05	6.16367112810707e-05	1.37120745697897	5.87715105162524e-05	6.01261950286807e-05
15000	1.40506883365201	5.14302103250478e-05	5.23556405353729e-05	1.37001434034417	4.89837476099427e-05	5.01768642447419e-05
16000	1.40360994263862	4.35411089866157e-05	4.5e-05	1.36876290630975	4.22982791586998e-05	4.35497131931166e-05
17000	1.4033413001912	5.18432122370937e-05	5.21118546845124e-05	1.36834608030593	5.13336520076482e-05	5.17504780114723e-05
18000	1.40123709369025	6.69818355640535e-05	6.90860420650096e-05	1.36632313575526	6.54741873804971e-05	6.74971319311664e-05
19000	1.39808508604207	5.27294455066922e-05	5.58814531548757e-05	1.36399235181644	5.13814531548757e-05	5.37122370936903e-05
20000	1.39567017208413	7.52772466539197e-05	7.76921606118547e-05	1.36164149139579	7.33068833652007e-05	7.56577437858508e-05
21000	1.39431835564054	4.23422562141491e-05	4.36940726577438e-05	1.36025143403442	4.11673040152964e-05	4.2557361376673e-05
22000	1.39247609942639	5.06032504780115e-05	5.24455066921606e-05	1.35833556405354	4.89091778202677e-05	5.08250478011472e-05
23000	1.39158413001912	5.94177820267686e-05	6.03097514340344e-05	1.3572017208413	5.74684512428298e-05	5.86022944550669e-05
24000	1.38898087954111	5.90889101338432e-05	6.16921606118547e-05	1.35466347992352	5.78393881453155e-05	6.03776290630975e-05
25000	1.3869034416826	5.08671128107075e-05	5.2944550669216e-05	1.35218546845124	4.97208413001912e-05	5.21988527724666e-05
26000	1.38589770554493	3.56013384321224e-05	3.66070745697897e-05	1.3510707456979	3.56902485659656e-05	3.68049713193117e-05
27000	1.38306883365201	6.32504780114723e-05	6.60793499043977e-05	1.34852103250478	6.2019120458891e-05	6.45688336520077e-05
28000	1.38220936902486	4.39684512428298e-05	4.48279158699809e-05	1.34761185468451	4.33919694072658e-05	4.43011472275334e-05
29000	1.38015296367113	4.59244741873805e-05	4.7980879541109e-05	1.34582026768642	4.5019120458891e-05	4.6810707456979e-05
30000	1.37369216061185	5.38604206500956e-05	6.0321223709369e-05	1.33992829827916	5.24321223709369e-05	5.83240917782027e-05
31000	1.37082695984704	6.89369024856597e-05	7.1802103250478e-05	1.3366309751434	6.60994263862333e-05	6.93967495219885e-05
32000	1.36819789674952	6.13900573613767e-05	6.4019120458891e-05	1.33441586998088	6.08193116634799e-05	6.30344168260038e-05
33000	1.36536424474187	6.81214149139579e-05	7.09550669216061e-05	1.33191300191205	6.63690248565966e-05	6.88718929254302e-05
34000	1.36437571701721	3.91806883365201e-05	4.01692160611855e-05	1.33112715105163	3.84818355640535e-05	3.92676864244742e-05
35000	1.36256405353728	4.75028680688336e-05	4.93145315487572e-05	1.32925812619503	4.68479923518164e-05	4.8717017208413e-05
36000	1.35864244741874	4.87390057361377e-05	5.26606118546845e-05	1.32528393881453	4.69416826003824e-05	5.09158699808795e-05
37000	1.35191586998088	5.84942638623327e-05	6.52208413001912e-05	1.31919216061185	5.73585086042065e-05	6.34502868068834e-05
38000	1.34948565965583	4.99598470363289e-05	5.23900573613767e-05	1.31661185468451	4.84866156787763e-05	5.10669216061186e-05
39000	1.34630114722753	5.72485659655832e-05	6.04330783938814e-05	1.31330210325048	5.5461759082218e-05	5.87715105162524e-05
40000	1.34359464627151	4.87237093690249e-05	5.14302103250478e-05	1.31093499043977	4.66166347992352e-05	4.89837476099427e-05
41000	1.34134034416826	4.12868068833652e-05	4.35411089866157e-05	1.3088690248566	4.02323135755258e-05	4.22982791586998e-05
42000	1.33992734225621	5.04302103250478e-05	5.18432122370937e-05	1.30752198852772	4.99866156787763e-05	5.13336520076482e-05
43000	1.33598470363289	6.30391969407266e-05	6.69818355640535e-05	1.3041137667304	6.2065965583174e-05	6.54741873804971e-05
44000	1.33219694072658	4.89416826003824e-05	5.27294455066922e-05	1.30082791586998	4.80956022944551e-05	5.13814531548757e-05
45000	1.32878585086042	7.18661567877629e-05	7.52772466539197e-05	1.29705831739962	6.95372848948375e-05	7.33068833652007e-05
46000	1.32701434034417	4.05707456978968e-05	4.23422562141491e-05	1.29520650095602	3.93154875717017e-05	4.11673040152964e-05
47000	1.32473422562141	4.83231357552581e-05	5.06032504780115e-05	1.29317399617591	4.6876673040153e-05	4.89091778202677e-05
48000	1.32364531548757	5.83288718929255e-05	5.94177820267686e-05	1.29195506692161	5.62495219885277e-05	5.74684512428298e-05
49000	1.32086233269598	5.63059273422562e-05	5.90889101338432e-05	1.28941491395793	5.52992351816444e-05	5.78393881453155e-05
50000	1.31918068833652	4.91854684512428e-05	5.08671128107075e-05	1.28783843212237	4.81443594646271e-05	4.97208413001912e-05
51000	1.31837858508604	3.47992351816444e-05	3.56013384321224e-05	1.28690439770554	3.47562141491396e-05	3.56902485659656e-05
52000	1.31547609942639	6.03479923518164e-05	6.32504780114723e-05	1.28424952198853	5.93642447418738e-05	6.2019120458891e-05
53000	1.31452676864245	4.3019120458891e-05	4.39684512428298e-05	1.28323900573614	4.23814531548757e-05	4.33919694072658e-05
54000	1.31276481835564	4.41625239005736e-05	4.59244741873805e-05	1.28161854684512	4.33986615678776e-05	4.5019120458891e-05
55000	1.30763384321224	4.87294455066922e-05	5.38604206500956e-05	1.27687954110899	4.76931166347992e-05	5.24321223709369e-05
56000	1.30392160611855	6.52246653919694e-05	6.89369024856597e-05	1.27352963671128	6.27495219885277e-05	6.60994263862333e-05
57000	1.30125430210325	5.87227533460803e-05	6.13900573613767e-05	1.27152294455067	5.88126195028681e-05	6.08193116634799e-05
58000	1.29728011472275	6.41472275334608e-05	6.81214149139579e-05	1.26787093690249	6.2717017208413e-05	6.63690248565966e-05
59000	1.29690152963671	3.8802103250478e-05	3.91806883365201e-05	1.26739579349904	3.80066921606119e-05	3.84818355640535e-05
60000	1.29523040152964	4.58317399617591e-05	4.75028680688336e-05	1.26582982791587	4.52820267686424e-05	4.68479923518164e-05
61000	1.29184416826004	4.53527724665392e-05	4.87390057361377e-05	1.26289005736138	4.40019120458891e-05	4.69416826003824e-05
62000	1.28925430210325	5.59043977055449e-05	5.84942638623327e-05	1.26038527724665	5.48537284894838e-05	5.73585086042065e-05
63000	1.28694168260038	4.76472275334608e-05	4.99598470363289e-05	1.25804206500956	4.61434034416826e-05	4.84866156787763e-05
64000	1.28301242829828	5.33193116634799e-05	5.72485659655832e-05	1.25473135755258	5.2151051625239e-05	5.5461759082218e-05
65000	1.28118260038241	4.68938814531549e-05	4.87237093690249e-05	1.25312906309751	4.50143403441683e-05	4.66166347992352e-05
66000	1.27953537284895	3.96395793499044e-05	4.12868068833652e-05	1.25141013384321	3.85133843212237e-05	4.02323135755258e-05
67000	1.27750478011472	4.83996175908222e-05	5.04302103250478e-05	1.24945984703633	4.80363288718929e-05	4.99866156787763e-05
68000	1.27613001912046	6.16644359464627e-05	6.30391969407266e-05	1.24826959847036	6.08757170172084e-05	6.2065965583174e-05
69000	1.27369024856597	4.65019120458891e-05	4.89416826003824e-05	1.24612715105163	4.5953154875717e-05	4.80956022944551e-05
70000	1.26876003824092	6.69359464627151e-05	7.18661567877629e-05	1.2419913957935	6.54015296367113e-05	6.95372848948375e-05
71000	1.2676137667304	3.94244741873805e-05	4.05707456978968e-05	1.24075621414914	3.80803059273423e-05	3.93154875717017e-05
72000	1.26438910133843	4.50984703632887e-05	4.83231357552581e-05	1.23777629063098	4.38967495219885e-05	4.6876673040153e-05
73000	1.2624120458891	5.63518164435946e-05	5.83288718929255e-05	1.23611950286807	5.45927342256214e-05	5.62495219885277e-05
74000	1.2600965583174	5.39904397705545e-05	5.63059273422562e-05	1.23394741873805	5.31271510516252e-05	5.52992351816444e-05
75000	1.25982026768642	4.89091778202677e-05	4.91854684512428e-05	1.2337275334608	4.79244741873805e-05	4.81443594646271e-05
76000	1.25806405353728	3.30430210325048e-05	3.47992351816444e-05	1.23233365200765	3.33623326959847e-05	3.47562141491396e-05
77000	1.2562189292543	5.85028680688336e-05	6.03479923518164e-05	1.23027055449331	5.73011472275335e-05	5.93642447418738e-05
78000	1.25519980879541	4.2e-05	4.3019120458891e-05	1.22936137667304	4.1472275334608e-05	4.23814531548757e-05
79000	1.25375717017208	4.27198852772467e-05	4.41625239005736e-05	1.22797705544933	4.20143403441683e-05	4.33986615678776e-05
80000	1.25014435946463	4.51166347992352e-05	4.87294455066922e-05	1.22495315487572	4.46692160611855e-05	4.76931166347992e-05
81000	1.24612619502868	6.1206500956023e-05	6.52246653919694e-05	1.22096940726577	5.87657743785851e-05	6.27495219885277e-05
82000	1.24296080305927	5.5557361376673e-05	5.87227533460803e-05	1.21798183556405	5.58250478011472e-05	5.88126195028681e-05
83000	1.23964818355641	6.08346080305927e-05	6.41472275334608e-05	1.21485564053537	5.95908221797323e-05	6.2717017208413e-05
84000	1.23855162523901	3.77055449330784e-05	3.8802103250478e-05	1.2138948374761	3.70458891013384e-05	3.80066921606119e-05
85000	1.23712045889101	4.44005736137667e-05	4.58317399617591e-05	1.21225430210325	4.36414913957935e-05	4.52820267686424e-05
86000	1.23432887189293	4.25611854684512e-05	4.53527724665392e-05	1.20991682600382	4.16644359464627e-05	4.40019120458891e-05
87000	1.23223326959847	5.38087954110899e-05	5.59043977055449e-05	1.20812141491396	5.30583173996176e-05	5.48537284894838e-05
88000	1.22961950286807	4.50334608030593e-05	4.76472275334608e-05	1.20546845124283	4.34904397705545e-05	4.61434034416826e-05
89000	1.22758030592734	5.12801147227533e-05	5.33193116634799e-05	1.20381453154876	5.04971319311663e-05	5.2151051625239e-05
90000	1.22725717017208	4.65707456978968e-05	4.68938814531549e-05	1.20359560229446	4.47954110898661e-05	4.50143403441683e-05
91000	1.2250258126195	3.74082217973231e-05	3.96395793499044e-05	1.20150573613767	3.6423518164436e-05	3.85133843212237e-05
92000	1.22308221797323	4.64560229445507e-05	4.83996175908222e-05	1.19956118546845	4.60917782026769e-05	4.80363288718929e-05
93000	1.21949521988528	5.80774378585086e-05	6.16644359464627e-05	1.19655831739962	5.78728489483748e-05	6.08757170172084e-05
94000	1.21693881453155	4.39455066921606e-05	4.65019120458891e-05	1.19433843212237	4.37332695984704e-05	4.5953154875717e-05
95000	1.21229445506692	6.22915869980879e-05	6.69359464627151e-05	1.19035372848948	6.14168260038241e-05	6.54015296367113e-05
96000	1.21050764818356	3.76376673040153e-05	3.94244741873805e-05	1.18845028680688	3.61768642447419e-05	3.80803059273423e-05
97000	1.20841586998088	4.30066921606119e-05	4.50984703632887e-05	1.18643403441683	4.18804971319312e-05	4.38967495219885e-05
98000	1.20671128107075	5.46472275334608e-05	5.63518164435946e-05	1.18483556405354	5.29942638623327e-05	5.45927342256214e-05
99000	1.20570554493308	5.29847036328872e-05	5.39904397705545e-05	1.18368068833652	5.1972275334608e-05	5.31271510516252e-05
100000	1.2048240917782	4.8027724665392e-05	4.89091778202677e-05	1.18317208413002	4.74158699808795e-05	4.79244741873805e-05
101000	1.20309942638623	3.13183556405354e-05	3.30430210325048e-05	1.18163575525813	3.18260038240918e-05	3.33623326959847e-05
102000	1.20214627151052	5.75497131931166e-05	5.85028680688336e-05	1.18030210325048	5.59674952198853e-05	5.73011472275335e-05
103000	1.20090630975143	4.07600382409178e-05	4.2e-05	1.17928298279159	4.0453154875717e-05	4.1472275334608e-05
104000	1.19945984703633	4.12734225621415e-05	4.27198852772467e-05	1.17820554493308	4.09369024856597e-05	4.20143403441683e-05
105000	1.19703919694073	4.26959847036329e-05	4.51166347992352e-05	1.1763413001912	4.28049713193116e-05	4.46692160611855e-05
106000	1.19332504780115	5.74923518164436e-05	6.1206500956023e-05	1.17324665391969	5.56711281070746e-05	5.87657743785851e-05
107000	1.19011185468451	5.23441682600383e-05	5.5557361376673e-05	1.16994933078394	5.2527724665392e-05	5.58250478011472e-05
108000	1.18804493307839	5.87676864244742e-05	6.08346080305927e-05	1.16786998087954	5.75114722753346e-05	5.95908221797323e-05
109000	1.18668164435946	3.63422562141492e-05	3.77055449330784e-05	1.16659942638623	3.57753346080306e-05	3.70458891013384e-05
110000	1.18501816443595	4.27370936902486e-05	4.44005736137667e-05	1.16516634799235	4.2208413001912e-05	4.36414913957935e-05
111000	1.18223135755258	3.9774378585086e-05	4.25611854684512e-05	1.16280592734226	3.93040152963671e-05	4.16644359464627e-05
112000	1.18034034416826	5.19177820267687e-05	5.38087954110899e-05	1.16125143403442	5.15038240917782e-05	5.30583173996176e-05
113000	1.17927915869981	4.3972275334608e-05	4.50334608030593e-05	1.16017112810707	4.24101338432122e-05	4.34904397705545e-05
114000	1.17778489483748	4.97858508604206e-05	5.12801147227533e-05	1.1587361376673	4.90621414913958e-05	5.04971319311663e-05
115000	1.17798087954111	4.67667304015296e-05	4.65707456978968e-05	1.15892734225621	4.49866156787763e-05	4.47954110898661e-05
116000	1.17655353728489	3.5980879541109e-05	3.74082217973231e-05	1.15737954110899	3.48757170172084e-05	3.6423518164436e-05
117000	1.17485850860421	4.47609942638623e-05	4.64560229445507e-05	1.15549904397706	4.42112810707457e-05	4.60917782026769e-05
118000	1.17113288718929	5.43518164435947e-05	5.80774378585086e-05	1.15249235181644	5.48661567877629e-05	5.78728489483748e-05
119000	1.1673326959847	4.01453154875717e-05	4.39455066921606e-05	1.14943881453155	4.06797323135755e-05	4.37332695984704e-05
120000	1.16544455066922	6.04034416826004e-05	6.22915869980879e-05	1.14745602294455	5.9434034416826e-05	6.14168260038241e-05
121000	1.16350573613767	3.56988527724665e-05	3.76376673040153e-05	1.14503919694073	3.37600382409178e-05	3.61768642447419e-05
122000	1.16195602294455	4.14569789674952e-05	4.30066921606119e-05	1.1441845124283	4.10258126195029e-05	4.18804971319312e-05
123000	1.16054110898662	5.32323135755258e-05	5.46472275334608e-05	1.1430086042065	5.18183556405354e-05	5.29942638623327e-05
124000	1.16001625239006	5.24598470363289e-05	5.29847036328872e-05	1.14225143403442	5.12151051625239e-05	5.1972275334608e-05
125000	1.15833843212237	4.63499043977055e-05	4.8027724665392e-05	1.14081357552581	4.59780114722753e-05	4.74158699808795e-05
126000	1.15770554493308	3.06854684512428e-05	3.13183556405354e-05	1.14014435946463	3.11567877629063e-05	3.18260038240918e-05
127000	1.15618068833652	5.60248565965583e-05	5.75497131931166e-05	1.13866156787763	5.44847036328872e-05	5.59674952198853e-05
128000	1.15472848948375	3.93078393881453e-05	4.07600382409178e-05	1.13744550669216	3.92370936902486e-05	4.0453154875717e-05
129000	1.15404588910134	4.05908221797323e-05	4.12734225621415e-05	1.13673804971319	4.02294455066921e-05	4.09369024856597e-05
130000	1.15300191204589	4.16520076481836e-05	4.26959847036329e-05	1.13582695984704	4.18938814531549e-05	4.28049713193116e-05
131000	1.15000191204589	5.44923518164436e-05	5.74923518164436e-05	1.13292256214149	5.27667304015296e-05	5.56711281070746e-05
132000	1.14806405353728	5.0406309751434e-05	5.23441682600383e-05	1.13099713193117	5.06022944550669e-05	5.2527724665392e-05
133000	1.14560038240918	5.63040152963671e-05	5.87676864244742e-05	1.12860898661568	5.5123326959847e-05	5.75114722753346e-05
134000	1.14495889101338	3.57007648183556e-05	3.63422562141492e-05	1.12818642447419	3.53527724665392e-05	3.57753346080306e-05
135000	1.14370936902486	4.14875717017208e-05	4.27370936902486e-05	1.12689866156788	4.09206500956023e-05	4.2208413001912e-05
136000	1.1421673040153	3.82323135755258e-05	3.9774378585086e-05	1.12536328871893	3.77686424474187e-05	3.93040152963671e-05
137000	1.14036233269598	5.0112810707457e-05	5.19177820267687e-05	1.1236673040153	4.98078393881453e-05	5.15038240917782e-05
138000	1.1406051625239	4.42151051625239e-05	4.3972275334608e-05	1.12400669216061	4.27495219885277e-05	4.24101338432122e-05
139000	1.1376931166348	4.68738049713193e-05	4.97858508604206e-05	1.12119980879541	4.6255258126195e-05	4.90621414913958e-05
140000	1.13743977055449	4.65133843212237e-05	4.67667304015296e-05	1.12107552581262	4.48623326959847e-05	4.49866156787763e-05
141000	1.1363326959847	3.48738049713193e-05	3.5980879541109e-05	1.12012715105163	3.39273422562141e-05	3.48757170172084e-05
142000	1.13483747609943	4.32657743785851e-05	4.47609942638623e-05	1.11854875717017	4.26328871892926e-05	4.42112810707457e-05
143000	1.13261472275335	5.21290630975143e-05	5.43518164435947e-05	1.11607839388145	5.2395793499044e-05	5.48661567877629e-05
144000	1.13073996175908	3.82705544933078e-05	4.01453154875717e-05	1.1145258126195	3.91271510516252e-05	4.06797323135755e-05
145000	1.129034416826	5.8697896749522e-05	6.04034416826004e-05	1.11320554493308	5.81137667304015e-05	5.9434034416826e-05
146000	1.12640822179732	3.30726577437858e-05	3.56988527724665e-05	1.11078776290631	3.13422562141491e-05	3.37600382409178e-05
147000	1.12552676864245	4.05755258126195e-05	4.14569789674952e-05	1.11013288718929	4.03709369024857e-05	4.10258126195029e-05
148000	1.12434321223709	5.20487571701721e-05	5.32323135755258e-05	1.10940822179732	5.1093690248566e-05	5.18183556405354e-05
149000	1.1207275334608	4.88441682600382e-05	5.24598470363289e-05	1.10599235181644	4.77992351816443e-05	5.12151051625239e-05
150000	1.11897323135755	4.45956022944551e-05	4.63499043977055e-05	1.10348757170172	4.34732313575526e-05	4.59780114722753e-05
151000	1.11877724665392	3.04894837476099e-05	3.06854684512428e-05	1.1031051625239	3.0774378585086e-05	3.11567877629063e-05
152000	1.11451529636711	5.17629063097514e-05	5.60248565965583e-05	1.09989196940727	5.12715105162524e-05	5.44847036328872e-05
153000	1.11353059273423	3.83231357552581e-05	3.93078393881453e-05	1.09859847036329	3.79435946462715e-05	3.92370936902486e-05
154000	1.11336998087954	4.04302103250478e-05	4.05908221797323e-05	1.09827437858509	3.99053537284895e-05	4.02294455066921e-05
155000	1.11307265774379	4.13546845124283e-05	4.16520076481836e-05	1.09803154875717	4.1651051625239e-05	4.18938814531549e-05
156000	1.10913479923518	5.05544933078394e-05	5.44923518164436e-05	1.09465009560229	4.93852772466539e-05	5.27667304015296e-05
157000	1.10957648183556	5.08479923518164e-05	5.0406309751434e-05	1.09501625239006	5.09684512428298e-05	5.06022944550669e-05
158000	1.10515678776291	5.18843212237094e-05	5.63040152963671e-05	1.09153346080306	5.16405353728489e-05	5.5123326959847e-05
159000	1.10480592734226	3.53499043977056e-05	3.57007648183556e-05	1.09153059273423	3.53499043977056e-05	3.53527724665392e-05
160000	1.10416539196941	4.08470363288719e-05	4.14875717017208e-05	1.09076768642447	4.01577437858509e-05	4.09206500956023e-05
161000	1.10328393881453	3.73508604206501e-05	3.82323135755258e-05	1.09017877629063	3.71797323135755e-05	3.77686424474187e-05
162000	1.10171797323136	4.8546845124283e-05	5.0112810707457e-05	1.08913575525813	4.87648183556406e-05	4.98078393881453e-05
163000	1.10136998087954	4.38671128107075e-05	4.42151051625239e-05	1.08878393881453	4.23977055449331e-05	4.27495219885277e-05
164000	1.09887284894837	4.4376673040153e-05	4.68738049713193e-05	1.08672848948375	4.41998087954111e-05	4.6255258126195e-05
165000	1.09771128107075	4.53518164435946e-05	4.65133843212237e-05	1.0855793499044	4.37131931166348e-05	4.48623326959847e-05
166000	1.09624569789675	3.34082217973231e-05	3.48738049713193e-05	1.08446271510516	3.2810707456979e-05	3.39273422562141e-05
167000	1.09463193116635	4.16520076481836e-05	4.32657743785851e-05	1.08271223709369	4.08824091778203e-05	4.26328871892926e-05
168000	1.09237571701721	4.98728489483748e-05	5.21290630975143e-05	1.08027820267686	4.9961759082218e-05	5.2395793499044e-05
169000	1.09238240917782	3.82772466539197e-05	3.82705544933078e-05	1.08053537284895	3.93843212237094e-05	3.91271510516252e-05
170000	1.09185086042065	5.81663479923518e-05	5.8697896749522e-05	1.07965200764818	5.72304015296367e-05	5.81137667304015e-05
171000	1.08879636711281	3.00181644359465e-05	3.30726577437858e-05	1.07703632887189	2.87265774378585e-05	3.13422562141491e-05
172000	1.08835755258126	4.01367112810707e-05	4.05755258126195e-05	1.07653824091778	3.98728489483748e-05	4.03709369024857e-05
173000	1.08761950286807	5.1310707456979e-05	5.20487571701721e-05	1.07598852772467	5.05439770554493e-05	5.1093690248566e-05
174000	1.08386806883365	4.50927342256214e-05	4.88441682600382e-05	1.07315678776291	4.49674952198853e-05	4.77992351816443e-05
175000	1.08249617590822	4.32237093690249e-05	4.45956022944551e-05	1.07175812619503	4.20745697896749e-05	4.34732313575526e-05
176000	1.08185468451243	2.98479923518164e-05	3.04894837476099e-05	1.07137858508604	3.03948374760994e-05	3.0774378585086e-05
177000	1.07968164435946	4.95898661567878e-05	5.17629063097514e-05	1.06924282982792	4.91357552581262e-05	5.12715105162524e-05
178000	1.07842638623327	3.70678776290631e-05	3.83231357552581e-05	1.06821510516252	3.69158699808796e-05	3.79435946462715e-05
179000	1.07829541108987	4.02992351816444e-05	4.04302103250478e-05	1.06804206500956	3.97323135755258e-05	3.99053537284895e-05
180000	1.07762906309751	4.06883365200765e-05	4.13546845124283e-05	1.0677275334608	4.13365200764818e-05	4.1651051625239e-05
181000	1.07589101338432	4.88164435946463e-05	5.05544933078394e-05	1.06649235181644	4.81500956022945e-05	4.93852772466539e-05
182000	1.07524760994264	5.02045889101338e-05	5.08479923518164e-05	1.06592160611855	5.03977055449331e-05	5.09684512428298e-05
183000	1.07212141491396	4.87581261950287e-05	5.18843212237094e-05	1.06346653919694	4.91854684512428e-05	5.16405353728489e-05
184000	1.07180210325048	3.50305927342256e-05	3.53499043977056e-05	1.06305831739962	3.49416826003824e-05	3.53499043977056e-05
185000	1.0714741873805	4.0519120458891e-05	4.08470363288719e-05	1.06268068833652	3.97801147227533e-05	4.01577437858509e-05
186000	1.07117686424474	3.70535372848948e-05	3.73508604206501e-05	1.06214435946463	3.66434034416826e-05	3.71797323135755e-05
187000	1.07122084130019	4.85908221797323e-05	4.8546845124283e-05	1.06197609942639	4.85965583173996e-05	4.87648183556406e-05
188000	1.07002198852772	4.26682600382409e-05	4.38671128107075e-05	1.06098183556405	4.14034416826004e-05	4.23977055449331e-05
189000	1.06824282982792	4.25975143403442e-05	4.4376673040153e-05	1.05956118546845	4.27791586998088e-05	4.41998087954111e-05
190000	1.06666443594646	4.37734225621415e-05	4.53518164435946e-05	1.05835850860421	4.25105162523901e-05	4.37131931166348e-05
191000	1.06541682600382	3.21606118546845e-05	3.34082217973231e-05	1.0571309751434	3.15831739961759e-05	3.2810707456979e-05
192000	1.06344168260038	3.96768642447419e-05	4.16520076481836e-05	1.05504015296367	3.87915869980879e-05	4.08824091778203e-05
193000	1.06190917782027	4.834034416826e-05	4.98728489483748e-05	1.05374187380497	4.86634799235182e-05	4.9961759082218e-05
194000	1.06204397705545	3.84120458891013e-05	3.82772466539197e-05	1.0541845124283	3.98269598470363e-05	3.93843212237094e-05
195000	1.06056692160612	5.6689292543021e-05	5.81663479923518e-05	1.05245411089866	5.55e-05	5.72304015296367e-05
196000	1.05830401529637	2.7755258126195e-05	3.00181644359465e-05	1.05064244741874	2.6914913957935e-05	2.87265774378585e-05
197000	1.05765583173996	3.94885277246654e-05	4.01367112810707e-05	1.0501395793499	3.93699808795411e-05	3.98728489483748e-05
198000	1.05690726577438	5.05621414913958e-05	5.1310707456979e-05	1.0491673040153	4.95717017208413e-05	5.05439770554493e-05
199000	1.05693307839388	4.51185468451243e-05	4.50927342256214e-05	1.04908508604207	4.48852772466539e-05	4.49674952198853e-05
200000	1.05561759082218	4.19082217973231e-05	4.32237093690249e-05	1.04770745697897	4.06969407265774e-05	4.20745697896749e-05
201000	1.05358317399618	2.78135755258126e-05	2.98479923518164e-05	1.04581070745698	2.84980879541109e-05	3.03948374760994e-05
202000	1.05234799235182	4.83546845124283e-05	4.95898661567878e-05	1.04431739961759	4.76424474187381e-05	4.91357552581262e-05
203000	1.05201816443595	3.67380497131931e-05	3.70678776290631e-05	1.04421701720841	3.68154875717017e-05	3.69158699808796e-05
204000	1.05170267686424	3.99837476099426e-05	4.02992351816444e-05	1.04408221797323	3.95975143403442e-05	3.97323135755258e-05
205000	1.05101338432122	3.99990439770555e-05	4.06883365200765e-05	1.0434292543021	4.06835564053537e-05	4.13365200764818e-05
206000	1.05125334608031	4.90564053537285e-05	4.88164435946463e-05	1.04355544933078	4.82762906309751e-05	4.81500956022945e-05
207000	1.04973135755258	4.86826003824092e-05	5.02045889101338e-05	1.04257648183556	4.94187380497132e-05	5.03977055449331e-05
208000	1.0479206500956	4.69474187380497e-05	4.87581261950287e-05	1.04022657743786	4.68355640535373e-05	4.91854684512428e-05
209000	1.04808891013384	3.51988527724666e-05	3.50305927342256e-05	1.04	3.47151051625239e-05	3.49416826003824e-05
210000	1.04728489483748	3.97151051625239e-05	4.0519120458891e-05	1.03925239005736	3.90325047801147e-05	3.97801147227533e-05
211000	1.04749904397706	3.72676864244742e-05	3.70535372848948e-05	1.03866539196941	3.60564053537285e-05	3.66434034416826e-05
212000	1.04567495219885	4.67667304015296e-05	4.85908221797323e-05	1.03681644359465	4.67476099426386e-05	4.85965583173996e-05
213000	1.04473231357553	4.1725621414914e-05	4.26682600382409e-05	1.03615200764818	4.07390057361377e-05	4.14034416826004e-05
214000	1.04181453154876	3.96797323135755e-05	4.25975143403442e-05	1.03330975143403	3.99369024856597e-05	4.27791586998088e-05
215000	1.03949426386233	4.1453154875717e-05	4.37734225621415e-05	1.03134894837476	4.05497131931166e-05	4.25105162523901e-05
216000	1.03880114722753	3.14674952198853e-05	3.21606118546845e-05	1.03090152963671	3.11357552581262e-05	3.15831739961759e-05
217000	1.03647323135755	3.7348948374761e-05	3.96768642447419e-05	1.02901051625239	3.69005736137667e-05	3.87915869980879e-05
218000	1.03668642447419	4.85535372848948e-05	4.834034416826e-05	1.02906978967495	4.87227533460803e-05	4.86634799235182e-05
219000	1.03713766730402	3.88632887189292e-05	3.84120458891013e-05	1.02969216061185	4.04493307839388e-05	3.98269598470363e-05
220000	1.03384416826004	5.3395793499044e-05	5.6689292543021e-05	1.02655736137667	5.23652007648184e-05	5.55e-05
221000	1.0322638623327	2.61749521988528e-05	2.7755258126195e-05	1.02545124282983	2.58087954110899e-05	2.6914913957935e-05
222000	1.03024856596558	3.74732313575526e-05	3.94885277246654e-05	1.02452294455067	3.84416826003824e-05	3.93699808795411e-05
223000	1.02909177820268	4.94053537284895e-05	5.05621414913958e-05	1.0236673040153	4.87160611854685e-05	4.95717017208413e-05
224000	1.02981261950287	4.58393881453155e-05	4.51185468451243e-05	1.02429541108987	4.55133843212237e-05	4.48852772466539e-05
225000	1.02828011472275	4.03757170172084e-05	4.19082217973231e-05	1.02296080305927	3.93623326959847e-05	4.06969407265774e-05
226000	1.02794646271511	2.74799235181644e-05	2.78135755258126e-05	1.02235181644359	2.78891013384321e-05	2.84980879541109e-05
227000	1.02639005736138	4.67982791586998e-05	4.83546845124283e-05	1.02101529636711	4.63059273422562e-05	4.76424474187381e-05
228000	1.02576290630975	3.61108986615679e-05	3.67380497131931e-05	1.02018642447419	3.59866156787763e-05	3.68154875717017e-05
229000	1.02503632887189	3.92571701720841e-05	3.99837476099426e-05	1.01959273422562	3.90038240917782e-05	3.95975143403442e-05
230000	1.02430401529637	3.92667304015296e-05	3.99990439770555e-05	1.01894072657744	4.00315487571702e-05	4.06835564053537e-05
231000	1.02317877629063	4.79311663479923e-05	4.90564053537285e-05	1.0175430210325	4.68785850860421e-05	4.82762906309751e-05
232000	1.02295124282983	4.84550669216061e-05	4.86826003824092e-05	1.0173862332696	4.92619502868069e-05	4.94187380497132e-05
233000	1.02178202676864	4.57782026768643e-05	4.69474187380497e-05	1.0160879541109	4.55372848948375e-05	4.68355640535373e-05
234000	1.02241682600382	3.58336520076482e-05	3.51988527724666e-05	1.0163948374761	3.50219885277247e-05	3.47151051625239e-05
235000	1.02181835564054	3.91166347992352e-05	3.97151051625239e-05	1.0158604206501	3.84980879541109e-05	3.90325047801147e-05
236000	1.02184512428298	3.72944550669216e-05	3.72676864244742e-05	1.01514913957935	3.53451242829828e-05	3.60564053537285e-05
237000	1.01954110898662	4.44627151051625e-05	4.67667304015296e-05	1.01309464627151	4.46931166347992e-05	4.67476099426386e-05
238000	1.01956596558317	4.17504780114723e-05	4.1725621414914e-05	1.01302198852772	4.06663479923518e-05	4.07390057361377e-05
239000	1.01804493307839	3.81586998087954e-05	3.96797323135755e-05	1.01139101338432	3.83059273422562e-05	3.99369024856597e-05
240000	1.01661663479924	4.00248565965583e-05	4.1453154875717e-05	1.01016061185468	3.93193116634799e-05	4.05497131931166e-05
241000	1.01533652007648	3.01873804971319e-05	3.14674952198853e-05	1.00932122370937	3.02963671128107e-05	3.11357552581262e-05
242000	1.01388432122371	3.58967495219885e-05	3.7348948374761e-05	1.00849426386233	3.60736137667304e-05	3.69005736137667e-05
243000	1.01345219885277	4.81214149139579e-05	4.85535372848948e-05	1.00816347992352	4.83919694072658e-05	4.87227533460803e-05
244000	1.01366539196941	3.90764818355641e-05	3.88632887189292e-05	1.00807552581262	4.03613766730402e-05	4.04493307839388e-05
245000	1.01063766730402	5.0368068833652e-05	5.3395793499044e-05	1.00500956022945	4.92992351816444e-05	5.23652007648184e-05
246000	1.00952390057361	2.50611854684512e-05	2.61749521988528e-05	1.00402103250478	2.48202676864245e-05	2.58087954110899e-05
247000	1.00755640535373	3.55057361376673e-05	3.74732313575526e-05	1.00206978967495	3.64904397705545e-05	3.84416826003824e-05
248000	1.00589196940727	4.77409177820268e-05	4.94053537284895e-05	1.00085564053537	4.75019120458891e-05	4.87160611854685e-05
249000	1.00476099426386	4.4708413001912e-05	4.58393881453155e-05	0.999809751434034	4.44674952198853e-05	4.55133843212237e-05
250000	1.00344550669216	3.90602294455067e-05	4.03757170172084e-05	0.998848948374761	3.84015296367113e-05	3.93623326959847e-05
