Distance from Center (cmd=annotatePeaks.pl /expanse/lustre/projects/csd940/ctea/homer/homer_scripts/reference_peaks/H3K27me3.bed mm10 -size 500000 -hist 1000 -bedGraph /expanse/lustre/projects/csd940/ctea/homer/bwt2_bam/tags/ctrl_M2/tagdirs/tagdirs.25x50kb.PC1.bedGraph /expanse/lustre/projects/csd940/ctea/homer/bwt2_bam/tags/mut_M2/tagdirs/tagdirs.25x50kb.PC1.bedGraph)	/expanse/lustre/projects/csd940/ctea/homer/bwt2_bam/tags/ctrl_M2/tagdirs/tagdirs.25x50kb.PC1.bedGraph Coverage	/expanse/lustre/projects/csd940/ctea/homer/bwt2_bam/tags/ctrl_M2/tagdirs/tagdirs.25x50kb.PC1.bedGraph + Tags	/expanse/lustre/projects/csd940/ctea/homer/bwt2_bam/tags/ctrl_M2/tagdirs/tagdirs.25x50kb.PC1.bedGraph - Tags	/expanse/lustre/projects/csd940/ctea/homer/bwt2_bam/tags/mut_M2/tagdirs/tagdirs.25x50kb.PC1.bedGraph Coverage	/expanse/lustre/projects/csd940/ctea/homer/bwt2_bam/tags/mut_M2/tagdirs/tagdirs.25x50kb.PC1.bedGraph + Tags	/expanse/lustre/projects/csd940/ctea/homer/bwt2_bam/tags/mut_M2/tagdirs/tagdirs.25x50kb.PC1.bedGraph - Tags
-250000	0.271746726548169	8.90948194066671e-06	9.12107027642482e-06	0.345503510658486	1.21289771649061e-05	1.19742551711051e-05
-249000	0.271633310139794	1.30515529128977e-05	1.31649693212727e-05	0.345535644253273	1.62012777531786e-05	1.61691441583908e-05
-248000	0.271761022202543	7.90081599089126e-06	7.77310392814219e-06	0.345607312290467	1.06773989499652e-05	1.06057309127712e-05
-247000	0.2720402935037	1.22733885761275e-05	1.19941172749699e-05	0.346176987791764	1.54117274969954e-05	1.48420519956987e-05
-246000	0.27192643430957	8.47618445189449e-06	8.59004364602442e-06	0.346304889619837	1.18522993231703e-05	1.17243974950977e-05
-245000	0.271636536150294	1.05574672654817e-05	1.08473654247581e-05	0.346024036940983	1.3131127838573e-05	1.34119805174268e-05
-244000	0.271444493642862	9.43215889683092e-06	9.6242014042634e-06	0.345993294958568	1.23974318426213e-05	1.24281738250364e-05
-243000	0.271186096527295	1.3330507938516e-05	1.35889050540831e-05	0.34588936681637	1.65721424505029e-05	1.66760705927004e-05
-242000	0.270846100322601	9.14567651337846e-06	9.48567271807199e-06	0.345769118856348	1.18772850907711e-05	1.19975330507938e-05
-241000	0.270527737364792	1.08854449996837e-05	1.12038079574926e-05	0.345414384211525	1.42138022645328e-05	1.45685369093554e-05
-240000	0.270719779872225	1.19814662534e-05	1.17894237459675e-05	0.345731229046746	1.47227528622936e-05	1.44059080270732e-05
-239000	0.270260484534126	8.97438168132077e-06	9.43367701941933e-06	0.345470618002404	1.22963501802771e-05	1.25569612246189e-05
-238000	0.270163134923145	1.07602631412487e-05	1.08576127522297e-05	0.345676513378455	1.45036371687014e-05	1.42977417926498e-05
-237000	0.269598266810045	1.09542033019166e-05	1.15190714150168e-05	0.345340438990448	1.38743121007021e-05	1.4210386488709e-05
-236000	0.269043962299956	1.12290467455247e-05	1.17833512556139e-05	0.345056044025555	1.44074261496616e-05	1.4691821114555e-05
-235000	0.26889468024543	8.49920931115189e-06	8.64849136567778e-06	0.345217218040357	1.20311215130622e-05	1.18699474982605e-05
-234000	0.269021000695806	1.20471883104561e-05	1.19208678600797e-05	0.345593269656525	1.49995572142451e-05	1.4623505598077e-05
-233000	0.268435448162439	1.18936681637042e-05	1.24792206970713e-05	0.345218799418053	1.47605161616801e-05	1.51349864001518e-05
-232000	0.267780061990006	9.88367385666393e-06	1.05390600290974e-05	0.344809159339617	1.34267189575558e-05	1.38363590359922e-05
-231000	0.26779347207287	1.08809538870264e-05	1.08675438041622e-05	0.344985324814979	1.3367638686824e-05	1.31914732114618e-05
-230000	0.267304383578974	1.13851603516984e-05	1.18742488455943e-05	0.344554367765197	1.47338225061674e-05	1.51647795559491e-05
-229000	0.26627743690303	1.08400278322474e-05	1.18669745081915e-05	0.343811436523499	1.37247770257448e-05	1.44677082674426e-05
-228000	0.265929913340502	9.35751786956797e-06	9.70504143209564e-06	0.343832626984629	1.27312923018534e-05	1.27101018407236e-05
-227000	0.265560566765766	1.18544499968373e-05	1.22237965715732e-05	0.343610411790752	1.53512556138908e-05	1.55734708077677e-05
-226000	0.265033525207161	1.05296350180277e-05	1.10566765766336e-05	0.343387817066228	1.39931684483522e-05	1.42157631728762e-05
-225000	0.264747295844139	8.62325257764564e-06	8.90948194066671e-06	0.343426149661585	1.21673097602631e-05	1.21289771649061e-05
-224000	0.265239041052565	1.35432981213233e-05	1.30515529128977e-05	0.343928774748561	1.67039028401543e-05	1.62012777531786e-05
-223000	0.265187930925422	7.8497058637485e-06	7.90081599089126e-06	0.343937693718768	1.06863179201721e-05	1.06773989499652e-05
-222000	0.265639951926118	1.27254095768233e-05	1.22733885761275e-05	0.344510025934594	1.59840597128218e-05	1.54117274969954e-05
-221000	0.265371370738187	8.20760326396356e-06	8.47618445189449e-06	0.344441710418116	1.17839838066924e-05	1.18522993231703e-05
-220000	0.265193117844266	1.03792143715605e-05	1.05574672654817e-05	0.344526472262635	1.32158896830919e-05	1.3131127838573e-05
-219000	0.264875134417104	9.11417546966919e-06	9.43215889683092e-06	0.344440824846606	1.23117844265924e-05	1.23974318426213e-05
-218000	0.264028401543425	1.24837750648365e-05	1.3330507938516e-05	0.343831108862041	1.59624264659371e-05	1.65721424505029e-05
-217000	0.264107913213992	9.22518818394584e-06	9.14567651337846e-06	0.344142007717123	1.21881839458536e-05	1.18772850907711e-05
-216000	0.263884749193497	1.06622809791891e-05	1.08854449996837e-05	0.343942184831425	1.40139793788348e-05	1.42138022645328e-05
-215000	0.263672085520906	1.17688025808084e-05	1.19814662534e-05	0.343890062622557	1.46706306534253e-05	1.47227528622936e-05
-214000	0.263485672718072	8.78796887848694e-06	8.97438168132077e-06	0.344007906888481	1.24141944462015e-05	1.22963501802771e-05
-213000	0.263067935985831	1.03425264090075e-05	1.07602631412487e-05	0.343912518185844	1.44082484660636e-05	1.45036371687014e-05
-212000	0.263043266493769	1.09295338098552e-05	1.09542033019166e-05	0.343809096084509	1.37708899993674e-05	1.38743121007021e-05
-211000	0.262580365614523	1.07661458662787e-05	1.12290467455247e-05	0.343549939907648	1.41482699728003e-05	1.44074261496616e-05
-210000	0.262410841925485	8.32968562211399e-06	8.49920931115189e-06	0.343804035675881	1.22852172812955e-05	1.20311215130622e-05
-209000	0.262324625213486	1.19609715984566e-05	1.20471883104561e-05	0.344203048896198	1.53985704345626e-05	1.49995572142451e-05
-208000	0.261630843190588	1.11998861408059e-05	1.18936681637042e-05	0.343629514833323	1.41869820988045e-05	1.47605161616801e-05
-207000	0.260670251122778	8.92308178885444e-06	9.88367385666393e-06	0.342946802454298	1.27440065785312e-05	1.34267189575558e-05
-206000	0.260575811246758	1.07865140110064e-05	1.08809538870264e-05	0.343107280662914	1.35281168954393e-05	1.3367638686824e-05
-205000	0.260196027579227	1.10053766841672e-05	1.13851603516984e-05	0.343020747675375	1.46472895186286e-05	1.47338225061674e-05
-204000	0.259601682585869	1.02456828388892e-05	1.08400278322474e-05	0.34256575368461	1.32697830349801e-05	1.37247770257448e-05
-203000	0.259532734518312	9.28856980201151e-06	9.35751786956797e-06	0.34272079195395	1.28863305711936e-05	1.27312923018534e-05
-202000	0.259232272756025	1.15539882345499e-05	1.18544499968373e-05	0.342688089063192	1.53185527231324e-05	1.53512556138908e-05
-201000	0.258541020937441	9.83838319944336e-06	1.05296350180277e-05	0.342206591182238	1.35116705673983e-05	1.39931684483522e-05
-200000	0.258064267189576	8.14649882978051e-06	8.62325257764564e-06	0.341959200455437	1.19199190334619e-05	1.21673097602631e-05
-199000	0.258517426782213	1.39964577139604e-05	1.35432981213233e-05	0.342595420330192	1.73401227149093e-05	1.67039028401543e-05
-198000	0.258477892339806	7.81017142134228e-06	7.8497058637485e-06	0.342759187804415	1.08500853943956e-05	1.06863179201721e-05
-197000	0.258150610411791	1.23981276488076e-05	1.27254095768233e-05	0.342461825542413	1.56866974508192e-05	1.59840597128218e-05
-196000	0.257688278828515	7.74527168068821e-06	8.20760326396356e-06	0.342160161933076	1.14823201973559e-05	1.17839838066924e-05
-195000	0.257733632740844	1.04245682838889e-05	1.03792143715605e-05	0.342506230628123	1.3561958378139e-05	1.32158896830919e-05
-194000	0.257510405465241	8.89094819406667e-06	9.11417546966919e-06	0.342400531342906	1.22060851413752e-05	1.23117844265924e-05
-193000	0.256638939844392	1.16123094439876e-05	1.24837750648365e-05	0.341614333607439	1.517622873047e-05	1.59624264659371e-05
-192000	0.256648617875893	9.2348662154469e-06	9.22518818394584e-06	0.341954519577456	1.25283699158707e-05	1.21881839458536e-05
-191000	0.256201467518502	1.02151306217977e-05	1.06622809791891e-05	0.341590106901132	1.36495667025112e-05	1.40139793788348e-05
-190000	0.255727623505598	1.12949585679044e-05	1.17688025808084e-05	0.341280030362452	1.43605541147448e-05	1.46706306534253e-05
-189000	0.255396799291543	8.45714466443165e-06	8.78796887848694e-06	0.341427035233095	1.25611993168448e-05	1.24141944462015e-05
-188000	0.254896514643557	9.8422417610222e-06	1.03425264090075e-05	0.341150230881144	1.41314441141122e-05	1.44082484660636e-05
-187000	0.254894047694351	1.0927066860649e-05	1.09295338098552e-05	0.341134037573534	1.37546966917579e-05	1.37708899993674e-05
-186000	0.254810614207097	1.06827123790246e-05	1.07661458662787e-05	0.341231070908976	1.42453033082421e-05	1.41482699728003e-05
-185000	0.254587450186603	8.10652160161933e-06	8.32968562211399e-06	0.341264153330381	1.2318299702701e-05	1.22852172812955e-05
-184000	0.253977987222468	1.13515086343222e-05	1.19609715984566e-05	0.340942564362072	1.50769814662534e-05	1.53985704345626e-05
-183000	0.253324625213486	1.05465241318236e-05	1.11998861408059e-05	0.340479347207287	1.37237649440192e-05	1.41869820988045e-05
-182000	0.252775128091593	8.37358466696185e-06	8.92308178885444e-06	0.34014592953381	1.24105889050541e-05	1.27440065785312e-05
-181000	0.252164589790626	1.01759757100386e-05	1.07865140110064e-05	0.339775064836486	1.3157252198115e-05	1.35281168954393e-05
-180000	0.252022708583718	1.08634954772598e-05	1.10053766841672e-05	0.339919033461952	1.47912581440951e-05	1.46472895186286e-05
-179000	0.251450439623	9.67341387817066e-06	1.02456828388892e-05	0.339428553355683	1.27793029287115e-05	1.32697830349801e-05
-178000	0.251190714150168	9.02884432917958e-06	9.28856980201151e-06	0.339484344360807	1.29421215763173e-05	1.28863305711936e-05
-177000	0.250274147637422	1.0637421721804e-05	1.15539882345499e-05	0.338832753494845	1.466696185717e-05	1.53185527231324e-05
-176000	0.249519450945664	9.08368650768549e-06	9.83838319944336e-06	0.338278006199001	1.29569232715542e-05	1.35116705673983e-05
-175000	0.24926124359542	7.88829147953698e-06	8.14649882978051e-06	0.338161743310772	1.18036561452337e-05	1.19199190334619e-05
-174000	0.24854487949902	1.32800936175596e-05	1.39964577139604e-05	0.337773546713897	1.6951926118034e-05	1.73401227149093e-05
-173000	0.24844246947941	7.70776140173319e-06	7.81017142134228e-06	0.337886077550762	1.09626162312607e-05	1.08500853943956e-05
-172000	0.247430893794674	1.13865519640711e-05	1.23981276488076e-05	0.337129609715985	1.49302296160415e-05	1.56866974508192e-05
-171000	0.24671902081093	7.03339869694478e-06	7.74527168068821e-06	0.336537288886078	1.08899993674489e-05	1.14823201973559e-05
-170000	0.246827187045354	1.05327345183124e-05	1.04245682838889e-05	0.336948383831994	1.39730533240559e-05	1.3561958378139e-05
-169000	0.24628920235309	8.35296350180277e-06	8.89094819406667e-06	0.336718957555823	1.19766588652034e-05	1.22060851413752e-05
-168000	0.24615415269783	1.14772597887279e-05	1.16123094439876e-05	0.336690682522614	1.51479536972611e-05	1.517622873047e-05
-167000	0.245916313492314	8.99702700993105e-06	9.2348662154469e-06	0.336908912644696	1.27466000379531e-05	1.25283699158707e-05
-166000	0.245322537794927	9.62135492441014e-06	1.02151306217977e-05	0.336506230628123	1.32468846859384e-05	1.36495667025112e-05
-165000	0.24448485040167	1.04572711746474e-05	1.12949585679044e-05	0.335997406540578	1.38517300271997e-05	1.43605541147448e-05
-164000	0.244452716806882	8.42501106964388e-06	8.45714466443165e-06	0.33628743121007	1.28512239863369e-05	1.25611993168448e-05
-163000	0.243870137263584	9.25966221772407e-06	9.8422417610222e-06	0.335963944588526	1.38079574925675e-05	1.41314441141122e-05
-162000	0.243295591118983	1.03525207160478e-05	1.0927066860649e-05	0.335604782086153	1.33955341893858e-05	1.37546966917579e-05
-161000	0.243299955721425	1.06870769814662e-05	1.06827123790246e-05	0.335708520463027	1.43490416851161e-05	1.42453033082421e-05
-160000	0.242792523246252	7.59908912644696e-06	8.10652160161933e-06	0.335456195837814	1.20659750774875e-05	1.2318299702701e-05
-159000	0.241961920425074	1.05209058131444e-05	1.13515086343222e-05	0.33481611740148	1.44369030299197e-05	1.50769814662534e-05
-158000	0.241306217977102	9.89082168385097e-06	1.05465241318236e-05	0.334481244860522	1.33888924030615e-05	1.37237649440192e-05
-157000	0.240843759883611	7.91112657347081e-06	8.37358466696185e-06	0.334271364412676	1.22007084572079e-05	1.24105889050541e-05
-156000	0.240046682269593	9.37889809602126e-06	1.01759757100386e-05	0.333749699538238	1.26355873236764e-05	1.3157252198115e-05
-155000	0.24019830476311	1.10151179707762e-05	1.08634954772598e-05	0.334004554367765	1.50461129736226e-05	1.47912581440951e-05
-154000	0.239156429881713	8.63153899677399e-06	9.67341387817066e-06	0.333218862673161	1.19936112341071e-05	1.27793029287115e-05
-153000	0.23821418179518	8.08659624264659e-06	9.02884432917958e-06	0.332715352014675	1.24386109178316e-05	1.29421215763173e-05
-152000	0.236829274463913	9.25251439053704e-06	1.0637421721804e-05	0.331492820545259	1.34444303877538e-05	1.466696185717e-05
-151000	0.236052818015055	8.30723005882725e-06	9.08368650768549e-06	0.331069643873743	1.2533746600038e-05	1.29569232715542e-05
-150000	0.236000569295971	7.83604276045292e-06	7.88829147953698e-06	0.331172939464862	1.19069517363527e-05	1.18036561452337e-05
-149000	0.234616610791321	1.18961351129104e-05	1.32800936175596e-05	0.330042886963122	1.58218736162945e-05	1.6951926118034e-05
-148000	0.234146182554241	7.23733316465305e-06	7.70776140173319e-06	0.32982965399456	1.07493832626985e-05	1.09626162312607e-05
-147000	0.233015750521855	1.02561199316845e-05	1.13865519640711e-05	0.329002783224745	1.41033588462268e-05	1.49302296160415e-05
-146000	0.23233537858182	6.35302675691062e-06	7.03339869694478e-06	0.328576823328484	1.04640394711873e-05	1.08899993674489e-05
-145000	0.232319944335505	1.0517300271997e-05	1.05327345183124e-05	0.328774622050731	1.41708520463027e-05	1.39730533240559e-05
-144000	0.2319258650136	7.95888417989753e-06	8.35296350180277e-06	0.328371054462648	1.15730912771206e-05	1.19766588652034e-05
-143000	0.231549244101461	1.11006388765893e-05	1.14772597887279e-05	0.328270225820735	1.50471250553482e-05	1.51479536972611e-05
-142000	0.230906002909735	8.35378581820481e-06	8.99702700993105e-06	0.32781112024796	1.22874944651781e-05	1.27466000379531e-05
-141000	0.230617306597508	9.33265861218294e-06	9.62135492441014e-06	0.327889872857233	1.33256372952116e-05	1.32468846859384e-05
-140000	0.229717123157695	9.5570877348346e-06	1.04572711746474e-05	0.327092858498324	1.30547156682902e-05	1.38517300271997e-05
-139000	0.229206907457777	7.9147953697261e-06	8.42501106964388e-06	0.326743943323423	1.25023088114365e-05	1.28512239863369e-05
-138000	0.228277247137706	8.33000189765324e-06	9.25966221772407e-06	0.326080207476754	1.31442216458979e-05	1.38079574925675e-05
-137000	0.227364286166108	9.43955974444937e-06	1.03525207160478e-05	0.325413561895123	1.27288886077551e-05	1.33955341893858e-05
-136000	0.226707065595547	1.00298564109052e-05	1.06870769814662e-05	0.325065342526409	1.40008223164021e-05	1.43490416851161e-05
-135000	0.225902587133911	6.79461066481118e-06	7.59908912644696e-06	0.324493326586122	1.14939591372003e-05	1.20659750774875e-05
-134000	0.225033082421406	9.65140110063888e-06	1.05209058131444e-05	0.323836359035992	1.377993547979e-05	1.44369030299197e-05
-133000	0.224443734581567	9.3014738440129e-06	9.89082168385097e-06	0.323639635650579	1.31921690176482e-05	1.33888924030615e-05
-132000	0.223608893668164	7.07628566006704e-06	7.91112657347081e-06	0.322893098867734	1.14541716743627e-05	1.22007084572079e-05
-131000	0.223138402175976	8.90840660383326e-06	9.37889809602126e-06	0.322758681763552	1.25011702194952e-05	1.26355873236764e-05
-130000	0.222800177114302	1.06768929091024e-05	1.10151179707762e-05	0.32264165981403	1.49290910241002e-05	1.50461129736226e-05
-129000	0.221942374596749	7.7737364792207e-06	8.63153899677399e-06	0.322185970017079	1.15379214371561e-05	1.19936112341071e-05
-128000	0.220970649629958	7.11487127585552e-06	8.08659624264659e-06	0.321407742425201	1.16603833259536e-05	1.24386109178316e-05
-127000	0.219747548864571	8.02941362515023e-06	9.25251439053704e-06	0.320466126889746	1.25028148522993e-05	1.34444303877538e-05
-126000	0.219167056739832	7.72673793408818e-06	8.30723005882725e-06	0.32019387690556	1.22614966158517e-05	1.2533746600038e-05
-125000	0.218877411600987	7.54639762160794e-06	7.83604276045292e-06	0.320001012081726	1.17140869125182e-05	1.19069517363527e-05
-124000	0.217778543867417	1.07972673793409e-05	1.18961351129104e-05	0.319210512998925	1.50313745334936e-05	1.58218736162945e-05
-123000	0.216995698652666	6.45448794990196e-06	7.23733316465305e-06	0.318608324372193	1.01471946359669e-05	1.07493832626985e-05
-122000	0.216337908786134	9.59833006515275e-06	1.02561199316845e-05	0.318253969258018	1.37490037320514e-05	1.41033588462268e-05
-121000	0.215835852995129	5.85097096590549e-06	6.35302675691062e-06	0.318233854133721	1.0443924346891e-05	1.04640394711873e-05
-120000	0.215229805806819	9.91125308368651e-06	1.0517300271997e-05	0.317876968815232	1.38139667278133e-05	1.41708520463027e-05
-119000	0.21454399392751	7.27307230058827e-06	7.95888417989753e-06	0.317477133278512	1.1173255740401e-05	1.15730912771206e-05
-118000	0.213712442279714	1.02690872287937e-05	1.11006388765893e-05	0.316950787526093	1.45207793029287e-05	1.50471250553482e-05
-117000	0.212917262318932	7.55860585742298e-06	8.35378581820481e-06	0.316333480928585	1.16701878676703e-05	1.22874944651781e-05
-116000	0.212381681320767	8.79707761401733e-06	9.33265861218294e-06	0.316146562084888	1.3138718451515e-05	1.33256372952116e-05
-115000	0.211625593016636	8.80099943070403e-06	9.5570877348346e-06	0.315635777089	1.25439306724018e-05	1.30547156682902e-05
-114000	0.21075963059017	7.04883294326016e-06	7.9147953697261e-06	0.315077487507116	1.19440192295528e-05	1.25023088114365e-05
-113000	0.209978746283762	7.54911759124549e-06	8.33000189765324e-06	0.314620975393763	1.26877095325448e-05	1.31442216458979e-05
-112000	0.208684040736289	8.14485419697641e-06	9.43955974444937e-06	0.313753621354924	1.18615345689164e-05	1.27288886077551e-05
-111000	0.207397242077298	8.74305775191347e-06	1.00298564109052e-05	0.312862103864887	1.31093048263647e-05	1.40008223164021e-05
-110000	0.206895755582263	6.29312416977671e-06	6.79461066481118e-06	0.312615535454488	1.12473907268012e-05	1.14939591372003e-05
-109000	0.205664811183503	8.42045670187867e-06	9.65140110063888e-06	0.311552280346638	1.271668037194e-05	1.377993547979e-05
-108000	0.204902966664558	8.539629325068e-06	9.3014738440129e-06	0.311240306154722	1.28801948257322e-05	1.31921690176482e-05
-107000	0.204423619457271	6.59693845278006e-06	7.07628566006704e-06	0.311020557910051	1.12344234296919e-05	1.14541716743627e-05
-106000	0.20360282117781	8.08760832437219e-06	8.90840660383326e-06	0.310640141691442	1.21207540008856e-05	1.25011702194952e-05
-105000	0.202529761528243	9.60383325953571e-06	1.06768929091024e-05	0.309976911885635	1.42658612182934e-05	1.49290910241002e-05
-104000	0.201557657030805	6.80163198178253e-06	7.7737364792207e-06	0.309370611676893	1.09316212284142e-05	1.15379214371561e-05
-103000	0.20082022898349	6.3774432285407e-06	7.11487127585552e-06	0.308829147953697	1.11189196027579e-05	1.16603833259536e-05
-102000	0.19993440445316	7.14358909481941e-06	8.02941362515023e-06	0.308367891707255	1.20415586058574e-05	1.25028148522993e-05
-101000	0.199314124865583	7.10645834651149e-06	7.72673793408818e-06	0.308034347523563	1.19279524321589e-05	1.22614966158517e-05
-100000	0.198758302232905	6.99057498893035e-06	7.54639762160794e-06	0.307875703713075	1.15554431020305e-05	1.17140869125182e-05
-99000	0.197640521222089	9.67948636852426e-06	1.07972673793409e-05	0.307104244417737	1.42599152381555e-05	1.50313745334936e-05
-98000	0.196746157252198	5.56012398001138e-06	6.45448794990196e-06	0.306348535644253	9.3914858624834e-06	1.01471946359669e-05
-97000	0.19584141944462	8.69359225757479e-06	9.59833006515275e-06	0.305732810424442	1.31332785122399e-05	1.37490037320514e-05
-96000	0.195083623252578	5.09317477386299e-06	5.85097096590549e-06	0.305319438294642	1.00305522170915e-05	1.0443924346891e-05
-95000	0.194100891897021	8.92852172812954e-06	9.91125308368651e-06	0.304709279524322	1.32038079574926e-05	1.38139667278133e-05
-94000	0.193159402871782	6.33158327534949e-06	7.27307230058827e-06	0.304221582642798	1.06855588588779e-05	1.1173255740401e-05
-93000	0.191812828135872	8.9225124928838e-06	1.02690872287937e-05	0.303125118603327	1.34243152634575e-05	1.45207793029287e-05
-92000	0.190853627680435	6.59940540198621e-06	7.55860585742298e-06	0.302451388449617	1.09964577139604e-05	1.16701878676703e-05
-91000	0.189243405655007	7.18685558858878e-06	8.79707761401733e-06	0.301167626035802	1.18549560377001e-05	1.3138718451515e-05
-90000	0.188319375039534	7.87696881523184e-06	8.80099943070403e-06	0.300465684103991	1.18419887405908e-05	1.25439306724018e-05
-89000	0.187633373394902	6.36283129862737e-06	7.04883294326016e-06	0.300019166297679	1.14975014232399e-05	1.19440192295528e-05
-88000	0.186938009994307	6.85375419065089e-06	7.54911759124549e-06	0.299777531785692	1.24460750205579e-05	1.26877095325448e-05
-87000	0.185331013979379	6.5378581820482e-06	8.14485419697641e-06	0.298589727370485	1.06737301537099e-05	1.18615345689164e-05
-86000	0.184067303434752	7.47934720728699e-06	8.74305775191347e-06	0.297866215446897	1.23857929027769e-05	1.31093048263647e-05
-85000	0.18350749573028	5.73331646530458e-06	6.29312416977671e-06	0.297656714529698	1.10378898096021e-05	1.12473907268012e-05
-84000	0.18207502055791	6.98798152950852e-06	8.42045670187867e-06	0.296750079068885	1.18100449111266e-05	1.271668037194e-05
-83000	0.181072553608704	7.53716237586185e-06	8.539629325068e-06	0.296160667973939	1.22907837307863e-05	1.28801948257322e-05
-82000	0.180963501802771	6.48788664684673e-06	6.59693845278006e-06	0.296447846163578	1.15216016193308e-05	1.12344234296919e-05
-81000	0.179867227528623	6.99133405022456e-06	8.08760832437219e-06	0.295643683977481	1.13165918147891e-05	1.21207540008856e-05
-80000	0.178653108988551	8.3897147194636e-06	9.60383325953571e-06	0.294953887026377	1.35760642671896e-05	1.42658612182934e-05
-79000	0.177378139034727	5.52666202795876e-06	6.80163198178253e-06	0.293993358213676	9.97109241571257e-06	1.09316212284142e-05
-78000	0.176608261117085	5.60756531089886e-06	6.3774432285407e-06	0.293751533936365	1.08770953254475e-05	1.11189196027579e-05
-77000	0.175767980264406	6.30330824214056e-06	7.14358909481941e-06	0.293167942311342	1.14579669808337e-05	1.20415586058574e-05
-76000	0.175078309823518	6.41678790562338e-06	7.10645834651149e-06	0.292750015813777	1.15100259345942e-05	1.19279524321589e-05
-75000	0.174088493895882	6.0007590612942e-06	6.99057498893035e-06	0.29216768929091	1.09731165791638e-05	1.15554431020305e-05
-74000	0.172973685875134	8.56467834777659e-06	9.67948636852426e-06	0.291483269023974	1.35754949712189e-05	1.42599152381555e-05
-73000	0.171923651084825	4.51008918970207e-06	5.56012398001138e-06	0.290643241191726	8.55145803023594e-06	9.3914858624834e-06
-72000	0.170587133911063	7.35707508381302e-06	8.69359225757479e-06	0.289724777025745	1.22148143462585e-05	1.31332785122399e-05
-71000	0.169748687456512	4.25472831931178e-06	5.09317477386299e-06	0.289211651590866	9.51742678221266e-06	1.00305522170915e-05
-70000	0.168673287367955	7.8531216395724e-06	8.92852172812954e-06	0.288375545575305	1.23677019419318e-05	1.32038079574926e-05
-69000	0.167504016699348	5.162312606743e-06	6.33158327534949e-06	0.287695679676134	1.00056929597065e-05	1.06855588588779e-05
-68000	0.166024922512493	7.44341830602821e-06	8.9225124928838e-06	0.286555822632678	1.22844582200013e-05	1.34243152634575e-05
-67000	0.165196154089443	5.77063697893604e-06	6.59940540198621e-06	0.286109368081473	1.05500031627554e-05	1.09964577139604e-05
-66000	0.163717123157695	5.70782465684103e-06	7.18685558858878e-06	0.285048326902397	1.07939148586248e-05	1.18549560377001e-05
-65000	0.162709089758998	6.86893541653489e-06	7.87696881523184e-06	0.284320323866152	1.11139857043456e-05	1.18419887405908e-05
-64000	0.16223682712379	5.89056866341957e-06	6.36283129862737e-06	0.284102283509393	1.12794610664811e-05	1.14975014232399e-05
-63000	0.161174267822127	5.79119488898729e-06	6.85375419065089e-06	0.283404895945348	1.17486874565121e-05	1.24460750205579e-05
-62000	0.159686697450819	5.05028781074072e-06	6.5378581820482e-06	0.282559617939149	9.82845214751091e-06	1.06737301537099e-05
-61000	0.158828515402619	6.6211651590866e-06	7.47934720728699e-06	0.282158643810488	1.1984818774116e-05	1.23857929027769e-05
-60000	0.157975457018154	4.88025808084003e-06	5.73331646530458e-06	0.281774179264976	1.06534252640901e-05	1.10378898096021e-05
-59000	0.156750838130179	5.7633626415333e-06	6.98798152950852e-06	0.281045037636789	1.10809032829401e-05	1.18100449111266e-05
-58000	0.155324308937947	6.11063318362958e-06	7.53716237586185e-06	0.279941552280347	1.11872983743437e-05	1.22907837307863e-05
-57000	0.154708077677272	5.87165538617244e-06	6.48788664684673e-06	0.279774369030299	1.13544183692833e-05	1.15216016193308e-05
-56000	0.153805617053577	6.0888734265292e-06	6.99133405022456e-06	0.2791265102157	1.06687330001898e-05	1.13165918147891e-05
-55000	0.152749130242267	7.33322790815358e-06	8.3897147194636e-06	0.278517300271997	1.29668543234866e-05	1.35760642671896e-05
-54000	0.152133088746916	4.91062053260801e-06	5.52666202795876e-06	0.278207540008856	9.66133215257131e-06	9.97109241571257e-06
-53000	0.151036055411474	4.51053197545701e-06	5.60756531089886e-06	0.27763077993548	1.03003352520716e-05	1.08770953254475e-05
-52000	0.150707634891517	5.97488772218356e-06	6.30330824214056e-06	0.277607438800683	1.14346258460371e-05	1.14579669808337e-05
-51000	0.150237396419761	5.94654943386678e-06	6.41678790562338e-06	0.277475109115061	1.13776962489721e-05	1.15100259345942e-05
-50000	0.149307672844582	5.0710354861155e-06	6.0007590612942e-06	0.276948826617749	1.04468340818521e-05	1.09731165791638e-05
-49000	0.148008476184452	7.26548168764628e-06	8.56467834777659e-06	0.276259978493263	1.28866468467329e-05	1.35754949712189e-05
-48000	0.14699588841799	3.49750142323993e-06	4.51008918970207e-06	0.275657283825669	7.94876336264153e-06	8.55145803023594e-06
-47000	0.146052501739515	6.41368840533873e-06	7.35707508381302e-06	0.275397621607945	1.19551521285344e-05	1.22148143462585e-05
-46000	0.145323107090898	3.52533367069391e-06	4.25472831931178e-06	0.275159719147321	9.27952432158898e-06	9.51742678221266e-06
-45000	0.144443987601999	6.97400215067368e-06	7.8531216395724e-06	0.274809096084509	1.20170788791195e-05	1.23677019419318e-05
-44000	0.143919729268138	4.63805427288254e-06	5.162312606743e-06	0.274748371180973	9.94496805617054e-06	1.00056929597065e-05
-43000	0.142874122335379	6.39781137326839e-06	7.44341830602821e-06	0.274188689986716	1.17247770257448e-05	1.22844582200013e-05
-42000	0.142155734075527	5.05224871908406e-06	5.77063697893604e-06	0.274129419950661	1.04907331267e-05	1.05500031627554e-05
-41000	0.141127775317857	4.67986589917136e-06	5.70782465684103e-06	0.273752482762983	1.04169776709469e-05	1.07939148586248e-05
-40000	0.140909228920235	6.65038901891328e-06	6.86893541653489e-06	0.273910430767284	1.1271933708647e-05	1.11139857043456e-05
-39000	0.140587323676387	5.56866341957113e-06	5.89056866341957e-06	0.274162818647606	1.15318489468025e-05	1.12794610664811e-05
-38000	0.139857233221583	5.06110443418306e-06	5.79119488898729e-06	0.274034221013347	1.16200898222532e-05	1.17486874565121e-05
-37000	0.139535707508381	4.72876209753938e-06	5.05028781074072e-06	0.274555316591815	1.03495477259789e-05	9.82845214751091e-06
-36000	0.138729837434373	5.81529508507813e-06	6.6211651590866e-06	0.274360807135176	1.17903093174774e-05	1.1984818774116e-05
-35000	0.138462837624138	4.61325827060535e-06	4.88025808084003e-06	0.274689796951104	1.09824150800177e-05	1.06534252640901e-05
-34000	0.138017837940414	5.31836295780885e-06	5.7633626415333e-06	0.274793725093301	1.11848314251376e-05	1.10809032829401e-05
-33000	0.137490163830729	5.58295907394523e-06	6.11063318362958e-06	0.274944525270416	1.1338098551458e-05	1.11872983743437e-05
-32000	0.137256689227655	5.63818078309823e-06	5.87165538617244e-06	0.275551584540452	1.19614776393194e-05	1.13544183692833e-05
-31000	0.137180972863559	6.01315706243281e-06	6.0888734265292e-06	0.276069454108419	1.11866025681574e-05	1.06687330001898e-05
-30000	0.13676462774369	6.91688278828516e-06	7.33322790815358e-06	0.276203744702385	1.31011449174521e-05	1.29668543234866e-05
-29000	0.136687140236574	4.83313302549181e-06	4.91062053260801e-06	0.276784110316908	1.02416977670947e-05	9.66133215257131e-06
-28000	0.136179201720539	4.00259345942185e-06	4.51053197545701e-06	0.276724903535961	1.0241128471124e-05	1.03003352520716e-05
-27000	0.136428237080144	6.22392308178885e-06	5.97488772218356e-06	0.27766285027516	1.23725725852363e-05	1.14346258460371e-05
-26000	0.136349041685116	5.86735403883863e-06	5.94654943386678e-06	0.278109557846796	1.18244038206085e-05	1.13776962489721e-05
-25000	0.136154975014232	4.87696881523183e-06	5.0710354861155e-06	0.27851514959833	1.08524258333861e-05	1.04468340818521e-05
-24000	0.135396483016004	6.50698968941742e-06	7.26548168764628e-06	0.278394079321905	1.2765576570308e-05	1.28866468467329e-05
-23000	0.135221519387691	3.32253779492694e-06	3.49750142323993e-06	0.279059839332026	8.61452337276235e-06	7.94876336264153e-06
-22000	0.135080776772724	6.27294579037257e-06	6.41368840533873e-06	0.279604402555506	1.24997153520147e-05	1.19551521285344e-05
-21000	0.134934530963375	3.3790878613448e-06	3.52533367069391e-06	0.280078626099057	9.75374786514011e-06	9.27952432158898e-06
-20000	0.134717945474097	6.75741666139541e-06	6.97400215067368e-06	0.280506673413878	1.24451261939402e-05	1.20170788791195e-05
-19000	0.134954772597887	4.87488139667278e-06	4.63805427288254e-06	0.281240432664938	1.06787273072301e-05	9.94496805617054e-06
-18000	0.135148776013663	6.59181478904421e-06	6.39781137326839e-06	0.281938009994307	1.24223543551142e-05	1.17247770257448e-05
-17000	0.135209690682523	5.11316338794357e-06	5.05224871908406e-06	0.282347650072743	1.09003732051363e-05	1.04907331267e-05
-16000	0.135068758302233	4.53893351888165e-06	4.67986589917136e-06	0.282732367638687	1.08016952368904e-05	1.04169776709469e-05
-15000	0.13522417610222	6.80580681890063e-06	6.65038901891328e-06	0.283217091530141	1.17566576001012e-05	1.1271933708647e-05
-14000	0.135181605414637	5.52609273198811e-06	5.56866341957113e-06	0.283647795559491	1.19625529761528e-05	1.15318489468025e-05
-13000	0.134890442153204	4.7699411727497e-06	5.06110443418306e-06	0.283784806123094	1.17571003858562e-05	1.16200898222532e-05
-12000	0.134853817445759	4.69213739009425e-06	4.72876209753938e-06	0.284235688531849	1.08004301347334e-05	1.03495477259789e-05
-11000	0.134323802897084	5.28528053640332e-06	5.81529508507813e-06	0.284093617559618	1.16482383452464e-05	1.17903093174774e-05
-10000	0.134598140299829	4.88759567335063e-06	4.61325827060535e-06	0.284542159529382	1.14309570497818e-05	1.09824150800177e-05
-9000	0.1346390030995	5.35922575747992e-06	5.31836295780885e-06	0.284869314947182	1.15119868429376e-05	1.11848314251376e-05
-8000	0.134827756341325	5.7717123157695e-06	5.58295907394523e-06	0.285454993990765	1.19237775950408e-05	1.1338098551458e-05
-7000	0.134861218293377	5.67164273515086e-06	5.63818078309823e-06	0.285739705231197	1.2246188879752e-05	1.19614776393194e-05
-6000	0.134751597191473	5.90353596052881e-06	6.01315706243281e-06	0.28583553671959	1.12824340565501e-05	1.11866025681574e-05
-5000	0.134242330318173	6.40761591498514e-06	6.91688278828516e-06	0.28541071541527	1.26763236131318e-05	1.31011449174521e-05
-4000	0.134213169713454	4.80397242077298e-06	4.83313302549181e-06	0.285656841039914	1.04878233917389e-05	1.02416977670947e-05
-3000	0.134266620279588	4.05604402555506e-06	4.00259345942185e-06	0.285672212031122	1.02564994623316e-05	1.0241128471124e-05
-2000	0.134147827187045	6.10512998924663e-06	6.22392308178885e-06	0.285613637801252	1.23139983553672e-05	1.23725725852363e-05
-1000	0.134146372319565	5.86589917135809e-06	5.86735403883863e-06	0.285659244734012	1.18700107533683e-05	1.18244038206085e-05
0	0.133968625466506	4.69922196217344e-06	4.87696881523183e-06	0.285408627996711	1.06018090960845e-05	1.08524258333861e-05
1000	0.133563223480296	6.10158770320703e-06	6.50698968941742e-06	0.28509621101904	1.24531595926371e-05	1.2765576570308e-05
2000	0.133422227844898	3.18154215952938e-06	3.32253779492694e-06	0.284966601303055	8.48491365677778e-06	8.61452337276235e-06
3000	0.133047757606427	5.89847555190081e-06	6.27294579037257e-06	0.284479410462395	1.20125245113543e-05	1.24997153520147e-05
4000	0.132910810297932	3.24214055284964e-06	3.3790878613448e-06	0.28425536087039	9.52969827313555e-06	9.75374786514011e-06
5000	0.13275463343665	6.60123980011386e-06	6.75741666139541e-06	0.283952305648681	1.2142070972231e-05	1.24451261939402e-05
6000	0.132981656018723	5.10190397874628e-06	4.87488139667278e-06	0.283990828009362	1.07172496679107e-05	1.06787273072301e-05
7000	0.133349610981087	6.95976975140743e-06	6.59181478904421e-06	0.284300525017395	1.27320513631476e-05	1.24223543551142e-05
8000	0.133420140426339	5.18369283319628e-06	5.11316338794357e-06	0.284082737681068	1.06825858688089e-05	1.09003732051363e-05
9000	0.133459991144285	4.57878423682713e-06	4.53893351888165e-06	0.283793661838193	1.05126193940161e-05	1.08016952368904e-05
10000	0.133365551268265	6.71136694288064e-06	6.80580681890063e-06	0.283444430387754	1.14074261496616e-05	1.17566576001012e-05
11000	0.133495667025112	5.65620848883547e-06	5.52609273198811e-06	0.283231640204947	1.17497627933456e-05	1.19625529761528e-05
12000	0.132906761971029	4.18103611866658e-06	4.7699411727497e-06	0.282231260674299	1.07567208552091e-05	1.17571003858562e-05
13000	0.132470364981972	4.25574040103739e-06	4.69213739009425e-06	0.281429691947625	9.9988614080587e-06	1.08004301347334e-05
14000	0.132095578467961	4.9104940223923e-06	5.28528053640332e-06	0.280580112594092	1.07986589917136e-05	1.16482383452464e-05
15000	0.131795369726105	4.58738693149471e-06	4.88759567335063e-06	0.27976639888671	1.06172433423999e-05	1.14309570497818e-05
16000	0.132236953634006	5.80080966538048e-06	5.35922575747992e-06	0.279703270289076	1.14488582453033e-05	1.15119868429376e-05
17000	0.132560946296413	6.09570497817699e-06	5.7717123157695e-06	0.279579543298121	1.18000506040863e-05	1.19237775950408e-05
18000	0.132450945663862	5.56164210259978e-06	5.67164273515086e-06	0.278823961034854	1.14906066164843e-05	1.2246188879752e-05
19000	0.131967676639889	5.42026693655513e-06	5.90353596052881e-06	0.277965146435575	1.04236194572712e-05	1.12824340565501e-05
20000	0.131339996204694	5.77993547978999e-06	6.40761591498514e-06	0.27673021696502	1.1441394142577e-05	1.26763236131318e-05
21000	0.131186982098804	4.65095831488392e-06	4.80397242077298e-06	0.276090707824657	9.84831425137579e-06	1.04878233917389e-05
22000	0.131521411854007	4.39047378075779e-06	4.05604402555506e-06	0.275708836738567	9.87462837624138e-06	1.02564994623316e-05
23000	0.13145543677652	6.03915491175912e-06	6.10512998924663e-06	0.274779492694035	1.13846543108356e-05	1.23139983553672e-05
24000	0.131757479916503	6.16794231134165e-06	5.86589917135809e-06	0.274669998102347	1.17605161616801e-05	1.18700107533683e-05
25000	0.131739958251629	4.68170029729901e-06	4.69922196217344e-06	0.273912707951167	9.8445189449048e-06	1.06018090960845e-05
26000	0.131607565310899	5.96919476247707e-06	6.10158770320703e-06	0.273173129230185	1.17135808716554e-05	1.24531595926371e-05
27000	0.131709469289645	3.28344613827567e-06	3.18154215952938e-06	0.272505281801505	7.81706622809792e-06	8.48491365677778e-06
28000	0.131337655765703	5.52666202795876e-06	5.89847555190081e-06	0.27138629894364	1.08935416534885e-05	1.20125245113543e-05
29000	0.131483016003542	3.38750079068885e-06	3.24214055284964e-06	0.271053766841672	9.19716617116833e-06	9.52969827313555e-06
30000	0.131676513378455	6.79473717502689e-06	6.60123980011386e-06	0.270571383389209	1.16596875197672e-05	1.2142070972231e-05
31000	0.131998481877412	5.42387247770258e-06	5.10190397874628e-06	0.270219242203808	1.036510848251e-05	1.07172496679107e-05
32000	0.13214238724777	7.10367512176609e-06	6.95976975140743e-06	0.269846290087925	1.23590992472642e-05	1.27320513631476e-05
33000	0.13216003542286	5.20134100828643e-06	5.18369283319628e-06	0.269226769561642	1.00630653425264e-05	1.06825858688089e-05
34000	0.132614649882978	5.03339869694477e-06	4.57878423682713e-06	0.269111835030679	1.03976848630527e-05	1.05126193940161e-05
35000	0.133198621038649	7.29533809855146e-06	6.71136694288064e-06	0.269110127142767	1.14057182617496e-05	1.14074261496616e-05
36000	0.133548801315706	6.00638876589285e-06	5.65620848883547e-06	0.268817509013853	1.14571446644316e-05	1.17497627933456e-05
37000	0.133693465747359	4.32570055031944e-06	4.18103611866658e-06	0.268293819975963	1.02330318173192e-05	1.07567208552091e-05
38000	0.133779492694035	4.34176734771333e-06	4.25574040103739e-06	0.26767518502119	9.38022645328611e-06	9.9988614080587e-06
39000	0.134058700740085	5.18970206844203e-06	4.9104940223923e-06	0.267367638686824	1.04911126573471e-05	1.07986589917136e-05
40000	0.134203365171738	4.73205136314757e-06	4.58738693149471e-06	0.266849326333101	1.00989309886773e-05	1.06172433423999e-05
41000	0.134926307799355	6.52375229299766e-06	5.80080966538048e-06	0.266972167752546	1.15716996647479e-05	1.14488582453033e-05
42000	0.135682459358593	6.85185653741539e-06	6.09570497817699e-06	0.26716768929091	1.19955721424505e-05	1.18000506040863e-05
43000	0.136454108419255	6.33329116326143e-06	5.56164210259978e-06	0.267636978936049	1.19598962616231e-05	1.14906066164843e-05
44000	0.136716870137264	5.68302865456385e-06	5.42026693655513e-06	0.26735568347144	1.01423239926624e-05	1.04236194572712e-05
45000	0.137338288316782	6.40135365930799e-06	5.77993547978999e-06	0.267440318805744	1.15260294768803e-05	1.1441394142577e-05
46000	0.137781453602378	5.09412360048073e-06	4.65095831488392e-06	0.26734746030742	9.75545575305207e-06	9.84831425137579e-06
47000	0.138111265734708	4.72028591308748e-06	4.39047378075779e-06	0.267054778923398	9.58194699221963e-06	9.87462837624138e-06
48000	0.139065469036625	6.99335821367576e-06	6.03915491175912e-06	0.267399645771396	1.17295211588336e-05	1.13846543108356e-05
49000	0.139678537541907	6.78101081662344e-06	6.16794231134165e-06	0.267651780631286	1.201265102157e-05	1.17605161616801e-05
50000	0.140134543614397	5.13770636978937e-06	4.68170029729901e-06	0.267698526155987	9.89126446960592e-06	9.8445189449048e-06
51000	0.140647985324815	6.48263647289519e-06	5.96919476247707e-06	0.267658485672718	1.16735403883864e-05	1.17135808716554e-05
52000	0.14166285027516	4.29831108862041e-06	3.28344613827567e-06	0.268232399266241	8.3909798216206e-06	7.81706622809792e-06
53000	0.141913720032893	5.77753178569169e-06	5.52666202795876e-06	0.267996520969068	1.0657663356316e-05	1.08935416534885e-05
54000	0.142825162881903	4.2989436396989e-06	3.38750079068885e-06	0.268268075147068	9.4687203491682e-06	9.19716617116833e-06
55000	0.143570687583022	7.5402618761465e-06	6.79473717502689e-06	0.268658991713581	1.205060408628e-05	1.16596875197672e-05
56000	0.143856284394965	5.70946928964514e-06	5.42387247770258e-06	0.268478271870454	1.01843886393826e-05	1.036510848251e-05
57000	0.144328294009741	7.57568473654247e-06	7.10367512176609e-06	0.26852546018091	1.24062875577203e-05	1.23590992472642e-05
58000	0.144659434499336	5.53248149788096e-06	5.20134100828643e-06	0.268417420456702	9.95502561831868e-06	1.00630653425264e-05
59000	0.145484091340376	5.8580555379847e-06	5.03339869694477e-06	0.268783983806692	1.07642482130432e-05	1.03976848630527e-05
60000	0.1463827566576	8.19400341577583e-06	7.29533809855146e-06	0.269370168891138	1.19919033461952e-05	1.14057182617496e-05
61000	0.147490290340945	7.11392244923777e-06	6.00638876589285e-06	0.269819090391549	1.19060661648428e-05	1.14571446644316e-05
62000	0.14849484470871	5.33025491808463e-06	4.32570055031944e-06	0.270284268454678	1.06982098804478e-05	1.02330318173192e-05
63000	0.149413308874692	5.26023151369473e-06	4.34176734771333e-06	0.270633436650009	9.72939464861788e-06	9.38022645328611e-06
64000	0.15061458662787	6.39097982162061e-06	5.18970206844203e-06	0.271456891644	1.13145676513379e-05	1.04911126573471e-05
65000	0.151443544816244	5.56100955152129e-06	4.73205136314757e-06	0.27183408185211	1.04761211967866e-05	1.00989309886773e-05
66000	0.152166297678538	7.24650515529129e-06	6.52375229299766e-06	0.272147194635967	1.18848124486052e-05	1.15716996647479e-05
67000	0.153150104370928	7.83566322980581e-06	6.85185653741539e-06	0.272635081282814	1.24834587892972e-05	1.19955721424505e-05
68000	0.154430577519135	7.61376431146815e-06	6.33329116326143e-06	0.273553798469226	1.28786134480359e-05	1.19598962616231e-05
69000	0.155009614776393	6.26206591182238e-06	5.68302865456385e-06	0.273606616484281	1.01951420077171e-05	1.01423239926624e-05
70000	0.156254981339743	7.64672022265798e-06	6.40135365930799e-06	0.274459295338099	1.23787083306977e-05	1.15260294768803e-05
71000	0.157348788664685	6.18793092542223e-06	5.09412360048073e-06	0.275131950154975	1.04281105699285e-05	9.75545575305207e-06
72000	0.157626921373901	4.99841862230375e-06	4.72028591308748e-06	0.274916819533177	9.36681637042191e-06	9.58194699221963e-06
73000	0.158594471503574	7.96090834334872e-06	6.99335821367576e-06	0.275575684736542	1.23883863621987e-05	1.17295211588336e-05
74000	0.159177810108166	7.36434942121576e-06	6.78101081662344e-06	0.275894427224998	1.23313935100259e-05	1.201265102157e-05
75000	0.159696312227212	5.65620848883547e-06	5.13770636978937e-06	0.276139730533241	1.01365677778481e-05	9.89126446960592e-06
76000	0.160298690619267	7.08501486495034e-06	6.48263647289519e-06	0.27630773609969	1.18415459548359e-05	1.16735403883864e-05
77000	0.161278132709216	5.27775317856917e-06	4.29831108862041e-06	0.276907268011892	8.99051173382251e-06	8.3909798216206e-06
78000	0.161835852995129	6.33525207160479e-06	5.77753178569169e-06	0.277055031943829	1.08054272882535e-05	1.0657663356316e-05
79000	0.162705990258713	5.16908090328294e-06	4.2989436396989e-06	0.277459485103422	9.87317350876083e-06	9.4687203491682e-06
80000	0.163539439559744	8.37371117717756e-06	7.5402618761465e-06	0.277975963059017	1.25670820418749e-05	1.205060408628e-05
81000	0.163835157188943	6.0051869188437e-06	5.70946928964514e-06	0.277988108039724	1.01965336200898e-05	1.01843886393826e-05
82000	0.164281358719717	8.02188626731607e-06	7.57568473654247e-06	0.278191599721678	1.26097792396736e-05	1.24062875577203e-05
83000	0.1646543108356	5.90543361376431e-06	5.53248149788096e-06	0.278286419128345	1.00498450249858e-05	9.95502561831868e-06
84000	0.165321399202986	6.52514390537036e-06	5.8580555379847e-06	0.278323549876653	1.08013789613511e-05	1.07642482130432e-05
85000	0.166092542222784	8.96514643557467e-06	8.19400341577583e-06	0.278907268011892	1.25756214814346e-05	1.19919033461952e-05
86000	0.167200075906129	8.2214561325827e-06	7.11392244923777e-06	0.279534252640901	1.25330507938516e-05	1.19060661648428e-05
87000	0.168180024036941	6.31020304889619e-06	5.33025491808463e-06	0.280109557846796	1.12735150863432e-05	1.06982098804478e-05
88000	0.168958694414574	6.03890189132772e-06	5.26023151369473e-06	0.280513188689987	1.01330254918085e-05	9.72939464861788e-06
89000	0.170176165475362	7.60845088240876e-06	6.39097982162061e-06	0.281350812828136	1.2152191789487e-05	1.13145676513379e-05
90000	0.170914415839079	6.29925991523816e-06	5.56100955152129e-06	0.281684357011829	1.08096653804795e-05	1.04761211967866e-05
91000	0.171500664178632	7.83275349484471e-06	7.24650515529129e-06	0.281881776203428	1.20822316402049e-05	1.18848124486052e-05
92000	0.172418812069075	8.75381112024795e-06	7.83566322980581e-06	0.282348788664685	1.29504712505535e-05	1.24834587892972e-05
93000	0.173017901195522	8.21285343791511e-06	7.61376431146815e-06	0.282648997406541	1.31788221898918e-05	1.28786134480359e-05
94000	0.173684736542476	6.92890125877664e-06	6.26206591182238e-06	0.282932064014169	1.04782086153457e-05	1.01951420077171e-05
95000	0.174809728635587	8.7717123157695e-06	7.64672022265798e-06	0.28370314377886	1.31497880953887e-05	1.23787083306977e-05
96000	0.175865076854956	7.24327914479094e-06	6.18793092542223e-06	0.284381365045227	1.11063318362958e-05	1.04281105699285e-05
97000	0.176480549054336	5.61389082168385e-06	4.99841862230375e-06	0.284654500600924	9.63995192611803e-06	9.36681637042191e-06
98000	0.176830855841609	8.3112151306218e-06	7.96090834334872e-06	0.284839711556708	1.25735973179834e-05	1.23883863621987e-05
99000	0.177289771649061	7.82326522866721e-06	7.36434942121576e-06	0.285057878423683	1.25495603770004e-05	1.23313935100259e-05
100000	0.177979252324625	6.34568916440002e-06	5.65620848883547e-06	0.285302675691062	1.03813650452274e-05	1.01365677778481e-05
101000	0.17823182997027	7.33759251059522e-06	7.08501486495034e-06	0.285029856410905	1.1568726674679e-05	1.18415459548359e-05
102000	0.178934720728699	5.98064393699792e-06	5.27775317856917e-06	0.285340755265988	9.30141058890505e-06	8.99051173382251e-06
103000	0.179771712315769	7.17224365867544e-06	6.33525207160479e-06	0.285922006452021	1.13866784742868e-05	1.08054272882535e-05
104000	0.180230691378329	5.62805996584224e-06	5.16908090328294e-06	0.286031501043709	9.98266810044911e-06	9.87317350876083e-06
105000	0.180992472642166	9.13549244101461e-06	8.37371117717756e-06	0.286409703333544	1.29452843317098e-05	1.25670820418749e-05
106000	0.181248086532988	6.26080080966538e-06	6.0051869188437e-06	0.286502308811437	1.02891390979822e-05	1.01965336200898e-05
107000	0.181547725978873	8.32152571320134e-06	8.02188626731607e-06	0.286317540641407	1.24250110696439e-05	1.26097792396736e-05
108000	0.182049085963692	6.40679359858309e-06	5.90543361376431e-06	0.286701752166487	1.04340565500664e-05	1.00498450249858e-05
109000	0.182402555506357	6.87861344803592e-06	6.52514390537036e-06	0.286600923524575	1.07005503194383e-05	1.08013789613511e-05
110000	0.183302359415523	9.86495034474033e-06	8.96514643557467e-06	0.287247453981909	1.32221519387691e-05	1.25756214814346e-05
111000	0.183905813144411	8.82490986147131e-06	8.2214561325827e-06	0.287652855968119	1.2938452780062e-05	1.25330507938516e-05
112000	0.184660130305522	7.06452021000696e-06	6.31020304889619e-06	0.288102346764501	1.1723005882725e-05	1.12735150863432e-05
113000	0.185219684989563	6.59845657536846e-06	6.03890189132772e-06	0.288499588841799	1.05302675691062e-05	1.01330254918085e-05
114000	0.186152318299703	8.54108419254855e-06	7.60845088240876e-06	0.289013852868619	1.26664558163072e-05	1.2152191789487e-05
115000	0.187100828641913	7.24777025744828e-06	6.29925991523816e-06	0.289576570308052	1.13723828199127e-05	1.08096653804795e-05
116000	0.18789645138845	8.62837624138149e-06	7.83275349484471e-06	0.290001960908343	1.25076222404959e-05	1.20822316402049e-05
117000	0.188677778480612	9.53513821241064e-06	8.75381112024795e-06	0.290554304510089	1.35028148522993e-05	1.29504712505535e-05
118000	0.188812448605225	8.34752356252767e-06	8.21285343791511e-06	0.290403314567651	1.3027832247454e-05	1.31788221898918e-05
119000	0.189367954962363	7.48440761591499e-06	6.92890125877664e-06	0.290639698905687	1.0714592953381e-05	1.04782086153457e-05
120000	0.190256878992979	9.66063634638497e-06	8.7717123157695e-06	0.291168954393067	1.36790435827693e-05	1.31497880953887e-05
121000	0.191215573407553	8.20197355936491e-06	7.24327914479094e-06	0.291753494844709	1.16908722879372e-05	1.11063318362958e-05
122000	0.192266936555127	6.66525396925802e-06	5.61389082168385e-06	0.292376747422354	1.02632045037637e-05	9.63995192611803e-06
123000	0.192325827060535	8.37010563603011e-06	8.3112151306218e-06	0.292162755392498	1.2359605288127e-05	1.25735973179834e-05
124000	0.19285906761971	8.35650578784236e-06	7.82326522866721e-06	0.292413688405339	1.28004933898412e-05	1.25495603770004e-05
125000	0.193726358403441	7.21297994813081e-06	6.34568916440002e-06	0.292988740590803	1.09564172306914e-05	1.03813650452274e-05
126000	0.193780315010437	7.39154911759125e-06	7.33759251059522e-06	0.292744955405149	1.13249414890252e-05	1.1568726674679e-05
127000	0.194645265355177	6.84559428173825e-06	5.98064393699792e-06	0.293337529255487	9.89398443924347e-06	9.30141058890505e-06
128000	0.195470238471757	7.9972167752546e-06	7.17224365867544e-06	0.293706812575115	1.17559617939149e-05	1.13866784742868e-05
129000	0.195775317856917	5.9331393510026e-06	5.62805996584224e-06	0.293850464925043	1.01263204503764e-05	9.98266810044911e-06
130000	0.195975140742615	9.33531532671263e-06	9.13549244101461e-06	0.293776835979505	1.28716553861724e-05	1.29452843317098e-05
131000	0.196377949269403	6.66360933645392e-06	6.26080080966538e-06	0.293925295717629	1.0437598836106e-05	1.02891390979822e-05
132000	0.196899044847871	8.84262129166931e-06	8.32152571320134e-06	0.294143905370359	1.26436207223733e-05	1.24250110696439e-05
133000	0.197466632930609	6.97438168132076e-06	6.40679359858309e-06	0.294514453792144	1.08046049718515e-05	1.04340565500664e-05
134000	0.197917831614903	7.32981213232968e-06	6.87861344803592e-06	0.294668796255298	1.08548927825922e-05	1.07005503194383e-05
135000	0.19844424062243	1.03913593522677e-05	9.86495034474033e-06	0.295038332595357	1.35916882788285e-05	1.32221519387691e-05
136000	0.198951926118034	9.33259535707508e-06	8.82490986147131e-06	0.295244670757164	1.31447909418686e-05	1.2938452780062e-05
137000	0.199817192738314	7.92978683028654e-06	7.06452021000696e-06	0.295717123157695	1.21954582832564e-05	1.1723005882725e-05
138000	0.200596179391486	7.37744322854071e-06	6.59845657536846e-06	0.296411158201025	1.1224302612436e-05	1.05302675691062e-05
139000	0.201376494401923	9.32139920298564e-06	8.54108419254855e-06	0.296883673856664	1.31389714719464e-05	1.26664558163072e-05
140000	0.202456132582706	8.32740843823139e-06	7.24777025744828e-06	0.297670883673857	1.21595926371054e-05	1.13723828199127e-05
141000	0.203385792902777	9.55803656145234e-06	8.62837624138149e-06	0.298356822063382	1.31935606300209e-05	1.25076222404959e-05
142000	0.204100385856158	1.02497311657916e-05	9.53513821241064e-06	0.29901031058258	1.41563033714972e-05	1.35028148522993e-05
143000	0.204622493516351	8.86963122272124e-06	8.34752356252767e-06	0.299186476057942	1.32039977228161e-05	1.3027832247454e-05
144000	0.204935163514454	7.79707761401733e-06	7.48440761591499e-06	0.299225694224809	1.07538111202479e-05	1.0714592953381e-05
145000	0.206012461256246	1.07379340881776e-05	9.66063634638497e-06	0.299999873489784	1.4453222847745e-05	1.36790435827693e-05
146000	0.206817192738314	9.0067050414321e-06	8.20197355936491e-06	0.300506293883231	1.2197292681384e-05	1.16908722879372e-05
147000	0.207845720791954	7.69378202289835e-06	6.66525396925802e-06	0.30124770700234	1.1004617622873e-05	1.02632045037637e-05
148000	0.208014105889051	8.5384907331267e-06	8.37010563603011e-06	0.30105414637232	1.21660446581061e-05	1.2359605288127e-05
149000	0.208865772661142	9.20817255993421e-06	8.35650578784236e-06	0.301372382819913	1.31187298374344e-05	1.28004933898412e-05
150000	0.209710860902018	8.05806818900627e-06	7.21297994813081e-06	0.302159908912645	1.17439433234234e-05	1.09564172306914e-05
151000	0.21032626984629	8.00695806186349e-06	7.39154911759125e-06	0.30268461003226	1.18496426086406e-05	1.13249414890252e-05
152000	0.211154975014232	7.67429944968056e-06	6.84559428173825e-06	0.303391612372699	1.06009867796825e-05	9.89398443924347e-06
153000	0.211917072553609	8.75931431463091e-06	7.9972167752546e-06	0.303719210576254	1.20835599974698e-05	1.17559617939149e-05
154000	0.212576507052945	6.59257385033842e-06	5.9331393510026e-06	0.304164842811057	1.05719526851793e-05	1.01263204503764e-05
155000	0.212578088430641	9.33689670440887e-06	9.33531532671263e-06	0.304065279271301	1.27720918464166e-05	1.28716553861724e-05
156000	0.213066923904105	7.1524448099184e-06	6.66360933645392e-06	0.30439717882219	1.07694983869948e-05	1.0437598836106e-05
157000	0.213976785375419	9.75248276298311e-06	8.84262129166931e-06	0.305156050351066	1.34024922512493e-05	1.26436207223733e-05
158000	0.21529185906762	8.28945537352141e-06	6.97438168132076e-06	0.30611063318363	1.17591878044152e-05	1.08046049718515e-05
159000	0.215862862926181	7.90081599089126e-06	7.32981213232968e-06	0.306446707571636	1.1190967170599e-05	1.08548927825922e-05
160000	0.215824973116579	1.03534695426656e-05	1.03913593522677e-05	0.306255107849959	1.3400088557151e-05	1.35916882788285e-05
161000	0.216494022392308	1.00016446328041e-05	9.33259535707508e-06	0.306608261117085	1.34979442089949e-05	1.31447909418686e-05
162000	0.217202606110443	8.63837054842178e-06	7.92978683028654e-06	0.306997849326333	1.25850464925043e-05	1.21954582832564e-05
163000	0.218401353659308	8.57619077740527e-06	7.37744322854071e-06	0.307954772597887	1.21812258839901e-05	1.1224302612436e-05
164000	0.219127016256563	1.00470618002404e-05	9.32139920298564e-06	0.308453855398823	1.36380542728825e-05	1.31389714719464e-05
165000	0.22028920235309	9.48959453475868e-06	8.32740843823139e-06	0.309482699728003	1.3188436966285e-05	1.21595926371054e-05
166000	0.22055544310203	9.82427731039282e-06	9.55803656145234e-06	0.309334935796066	1.30457966980834e-05	1.31935606300209e-05
167000	0.221640710987412	1.13349990511734e-05	1.02497311657916e-05	0.310139604023025	1.49609715984566e-05	1.41563033714972e-05
168000	0.222307672844582	9.5365930798912e-06	8.86963122272124e-06	0.310615851730027	1.36802454298185e-05	1.32039977228161e-05
169000	0.222752735783415	8.24214055284964e-06	7.79707761401733e-06	0.310905180593333	1.10431399835537e-05	1.07538111202479e-05
170000	0.224002403694098	1.19876019988614e-05	1.07379340881776e-05	0.311853058384465	1.54011006388766e-05	1.4453222847745e-05
171000	0.224333607438801	9.33790878613447e-06	9.0067050414321e-06	0.311946549433867	1.22907837307863e-05	1.2197292681384e-05
172000	0.225027452716807	8.38762730090455e-06	7.69378202289835e-06	0.31240982984376	1.14678980327661e-05	1.1004617622873e-05
173000	0.225324308937947	8.83534695426656e-06	8.5384907331267e-06	0.312562464419002	1.23186792333481e-05	1.21660446581061e-05
174000	0.226385792902777	1.02696565247644e-05	9.20817255993421e-06	0.313249667910684	1.38059333291163e-05	1.31187298374344e-05
175000	0.227126193940161	8.79846922639003e-06	8.05806818900627e-06	0.313862293630211	1.23565690429502e-05	1.17439433234234e-05
176000	0.227689860206212	8.57062432791449e-06	8.00695806186349e-06	0.314214308305396	1.22016572838257e-05	1.18496426086406e-05
177000	0.228511797077614	8.49623632108292e-06	7.67429944968056e-06	0.314860965272946	1.12476437472326e-05	1.06009867796825e-05
178000	0.229470997533051	9.7185147700677e-06	8.75931431463091e-06	0.315622746536783	1.28453412613069e-05	1.20835599974698e-05
179000	0.230238345246379	7.35992156366626e-06	6.59257385033842e-06	0.316217597571004	1.11668037194003e-05	1.05719526851793e-05
180000	0.23061812891391	9.71668037194004e-06	9.33689670440887e-06	0.316508634322222	1.30631285976343e-05	1.27720918464166e-05
181000	0.231026946675944	7.56126257195268e-06	7.1524448099184e-06	0.316867164273515	1.11280283382883e-05	1.07694983869948e-05
182000	0.231923587829717	1.06491239167563e-05	9.75248276298311e-06	0.317502372066544	1.40377000442786e-05	1.34024922512493e-05
183000	0.233197672212031	9.56353975583529e-06	8.28945537352141e-06	0.318569106205326	1.28259219431969e-05	1.17591878044152e-05
184000	0.234059776076918	8.76291985577835e-06	7.90081599089126e-06	0.319357770889999	1.19796318552723e-05	1.1190967170599e-05
185000	0.234232399266241	1.05260927319881e-05	1.03534695426656e-05	0.319208362325258	1.32506799924094e-05	1.3400088557151e-05
186000	0.23479581251186	1.05650578784237e-05	1.00016446328041e-05	0.319557024479727	1.38466063634638e-05	1.34979442089949e-05
187000	0.235421405528496	9.26396356505788e-06	8.63837054842178e-06	0.319946359668543	1.29743816813208e-05	1.25850464925043e-05
188000	0.236237016889114	9.39180213802265e-06	8.57619077740527e-06	0.320578784236827	1.2813650452274e-05	1.21812258839901e-05
189000	0.23644512619394	1.02551711050667e-05	1.00470618002404e-05	0.320715984565754	1.37752546018091e-05	1.36380542728825e-05
190000	0.237226959326966	1.02714276677842e-05	9.48959453475868e-06	0.321357264849137	1.38297172496679e-05	1.3188436966285e-05
191000	0.236766019356063	9.36333733949017e-06	9.82427731039282e-06	0.320656398254159	1.23449301031058e-05	1.30457966980834e-05
192000	0.237757796192043	1.23267758871529e-05	1.13349990511734e-05	0.321295717629199	1.56002909734961e-05	1.49609715984566e-05
193000	0.238277816433677	1.00566133215257e-05	9.5365930798912e-06	0.321528433170979	1.39129609715985e-05	1.36802454298185e-05
194000	0.238781769877918	8.74609399709026e-06	8.24214055284964e-06	0.321870010753368	1.13847175659434e-05	1.10431399835537e-05
195000	0.239961730659751	1.31675627806945e-05	1.19876019988614e-05	0.322924852931874	1.64559428173825e-05	1.54011006388766e-05
196000	0.240200455436777	9.57663356316023e-06	9.33790878613447e-06	0.322804098930989	1.21700297299007e-05	1.22907837307863e-05
197000	0.24032538427478	8.51255613890822e-06	8.38762730090455e-06	0.322710418116263	1.13742172180404e-05	1.14678980327661e-05
198000	0.240676133847808	9.18609652729459e-06	8.83534695426656e-06	0.32295704978177	1.25653108988551e-05	1.23186792333481e-05
199000	0.241397368587513	1.09908912644696e-05	1.02696565247644e-05	0.323573344297552	1.44222278448985e-05	1.38059333291163e-05
200000	0.241305901701562	8.70700234043899e-06	8.79846922639003e-06	0.323271111392245	1.20543361376431e-05	1.23565690429502e-05
201000	0.241966032007085	9.23075463343664e-06	8.57062432791449e-06	0.323665127459042	1.25956733506231e-05	1.22016572838257e-05
202000	0.242844392434689	9.37459674868745e-06	8.49623632108292e-06	0.324267632361313	1.18501486495035e-05	1.12476437472326e-05
203000	0.243651211335315	1.05253336706939e-05	9.7185147700677e-06	0.324864191283446	1.34419001834398e-05	1.28453412613069e-05
204000	0.244330571193624	8.03928142197483e-06	7.35992156366626e-06	0.325374280473148	1.16768929091024e-05	1.11668037194003e-05
205000	0.244916819533177	1.03029287114935e-05	9.71668037194004e-06	0.3259661585173	1.36550066417863e-05	1.30631285976343e-05
206000	0.245452716806882	8.09715984565754e-06	7.56126257195268e-06	0.326376620912139	1.15384907331267e-05	1.11280283382883e-05
207000	0.246024732747169	1.12211398570435e-05	1.06491239167563e-05	0.326779113163388	1.44401922955279e-05	1.40377000442786e-05
208000	0.24687937250933	1.04181795179961e-05	9.56353975583529e-06	0.327507748750712	1.35545575305206e-05	1.28259219431969e-05
209000	0.247468277563413	9.35182490986147e-06	8.76291985577835e-06	0.328100259345942	1.25721424505029e-05	1.19796318552723e-05
210000	0.247358276930862	1.0416092099437e-05	1.05260927319881e-05	0.327699538237713	1.28499588841799e-05	1.32506799924094e-05
211000	0.247987412233538	1.11941931810994e-05	1.05650578784237e-05	0.328264912391676	1.44119805174268e-05	1.38466063634638e-05
212000	0.248259029666646	9.5355809981656e-06	9.26396356505788e-06	0.32837276235056	1.3082231640205e-05	1.29743816813208e-05
213000	0.248636346384971	9.76911885634766e-06	9.39180213802265e-06	0.328538364222911	1.29792523246252e-05	1.2813650452274e-05
214000	0.249153014105889	1.07718388259852e-05	1.02551711050667e-05	0.328770573723828	1.40074641027263e-05	1.37752546018091e-05
215000	0.249708204187488	1.08266177493833e-05	1.02714276677842e-05	0.32906648111835	1.412562464419e-05	1.38297172496679e-05
216000	0.249692580175849	9.34771332785121e-06	9.36333733949017e-06	0.329032513125435	1.23109621101904e-05	1.23449301031058e-05
217000	0.250156050351066	1.27902460623695e-05	1.23267758871529e-05	0.329345309633753	1.59130874818142e-05	1.56002909734961e-05
218000	0.250530330824214	1.04308937946739e-05	1.00566133215257e-05	0.32927889177051	1.3846543108356e-05	1.39129609715985e-05
219000	0.251145233727623	9.36099690049972e-06	8.74609399709026e-06	0.329712885065469	1.1818710860902e-05	1.13847175659434e-05
220000	0.251838066923904	1.38603959769751e-05	1.31675627806945e-05	0.330213169713454	1.69562274653678e-05	1.64559428173825e-05
221000	0.251683534695427	9.42210133468276e-06	9.57663356316023e-06	0.329798595736606	1.17554557530521e-05	1.21700297299007e-05
222000	0.251884243152635	8.71326459611614e-06	8.51255613890822e-06	0.329930609146689	1.15062306281232e-05	1.13742172180404e-05
223000	0.252653868049845	9.95572142450503e-06	9.18609652729459e-06	0.330495350749573	1.31300525017395e-05	1.25653108988551e-05
224000	0.253215004111582	1.15520273262066e-05	1.09908912644696e-05	0.330938073249415	1.48649503447403e-05	1.44222278448985e-05
225000	0.25341925485483	8.91125308368651e-06	8.70700234043899e-06	0.330926497564678	1.20427604529066e-05	1.20543361376431e-05
226000	0.253857739262445	9.66923904105257e-06	9.23075463343664e-06	0.331242520083497	1.29116958694415e-05	1.25956733506231e-05
227000	0.254506230628123	1.00230881143652e-05	9.37459674868745e-06	0.331709722310077	1.23173508760832e-05	1.18501486495035e-05
228000	0.254950407995446	1.09695110380163e-05	1.05253336706939e-05	0.3320153077361	1.3747485609463e-05	1.34419001834398e-05
229000	0.255356948573597	8.44582200012651e-06	8.03928142197483e-06	0.332116136378013	1.17777215510152e-05	1.16768929091024e-05
230000	0.255442279714087	1.03882598519831e-05	1.03029287114935e-05	0.332117527990385	1.3656398254159e-05	1.36550066417863e-05
231000	0.256103232336011	8.75811246758176e-06	8.09715984565754e-06	0.332656208488835	1.2077171231577e-05	1.15384907331267e-05
232000	0.256985767600734	1.21036751217661e-05	1.12211398570435e-05	0.333386551964071	1.51705357707635e-05	1.44401922955279e-05
233000	0.257483142513758	1.09155544310203e-05	1.04181795179961e-05	0.333678980327661	1.38469858941109e-05	1.35545575305206e-05
234000	0.25760724903536	9.47593143146308e-06	9.35182490986147e-06	0.333568663419571	1.24618255424126e-05	1.25721424505029e-05
235000	0.257631981782529	1.04408248466064e-05	1.0416092099437e-05	0.333480232778797	1.27615282434056e-05	1.28499588841799e-05
236000	0.258371560503511	1.19337719020811e-05	1.11941931810994e-05	0.334132456195838	1.50642039344677e-05	1.44119805174268e-05
237000	0.2587622873047	9.9263077993548e-06	9.5355809981656e-06	0.334229046745525	1.31788221898918e-05	1.3082231640205e-05
238000	0.259002466949206	1.00092985008539e-05	9.76911885634766e-06	0.334253399962047	1.30036055411474e-05	1.29792523246252e-05
239000	0.259417926497565	1.11872983743437e-05	1.07718388259852e-05	0.334392497944209	1.41465620848884e-05	1.40074641027263e-05
240000	0.259833449301031	1.12421405528496e-05	1.08266177493833e-05	0.334612435954203	1.43455626541843e-05	1.412562464419e-05
241000	0.260036877727877	9.55114175469668e-06	9.34771332785121e-06	0.334768992346132	1.24675185021191e-05	1.23109621101904e-05
242000	0.260768865835916	1.35222341704093e-05	1.27902460623695e-05	0.335362831298627	1.65069264343095e-05	1.59130874818142e-05
243000	0.261301663609336	1.09636915680941e-05	1.04308937946739e-05	0.335597064962996	1.40807767727244e-05	1.3846543108356e-05
244000	0.261732051363148	9.79138465431083e-06	9.36099690049972e-06	0.335752229742552	1.1973875640458e-05	1.1818710860902e-05
245000	0.261925675248276	1.40540198621039e-05	1.38603959769751e-05	0.335705547472958	1.69095451957746e-05	1.69562274653678e-05
246000	0.262126953001455	9.62337908786134e-06	9.42210133468276e-06	0.335692200645202	1.17421089252957e-05	1.17554557530521e-05
247000	0.262338667847429	8.92497944208994e-06	8.71326459611614e-06	0.335808337023215	1.16223670061357e-05	1.15062306281232e-05
248000	0.263007464102726	1.06245176798026e-05	9.95572142450503e-06	0.336174520842558	1.34962363210829e-05	1.31300525017395e-05
249000	0.263563539755835	1.21081029793156e-05	1.15520273262066e-05	0.336592004554368	1.52824340565501e-05	1.48649503447403e-05
250000	0.263941236004807	9.28894933265861e-06	8.91125308368651e-06	0.336749446517806	1.22002024163451e-05	1.20427604529066e-05
