Distance from Center (cmd=annotatePeaks.pl /expanse/lustre/projects/csd940/ctea/homer/homer_scripts/reference_peaks/CTCF.bed mm10 -size 500000 -hist 1000 -bedGraph /expanse/lustre/projects/csd940/ctea/homer/bwt2_bam/tags/ctrl_M3/tagdirs/tagdirs.25x50kb.PC1.bedGraph /expanse/lustre/projects/csd940/ctea/homer/bwt2_bam/tags/mut_M3/tagdirs/tagdirs.25x50kb.PC1.bedGraph)	/expanse/lustre/projects/csd940/ctea/homer/bwt2_bam/tags/ctrl_M3/tagdirs/tagdirs.25x50kb.PC1.bedGraph Coverage	/expanse/lustre/projects/csd940/ctea/homer/bwt2_bam/tags/ctrl_M3/tagdirs/tagdirs.25x50kb.PC1.bedGraph + Tags	/expanse/lustre/projects/csd940/ctea/homer/bwt2_bam/tags/ctrl_M3/tagdirs/tagdirs.25x50kb.PC1.bedGraph - Tags	/expanse/lustre/projects/csd940/ctea/homer/bwt2_bam/tags/mut_M3/tagdirs/tagdirs.25x50kb.PC1.bedGraph Coverage	/expanse/lustre/projects/csd940/ctea/homer/bwt2_bam/tags/mut_M3/tagdirs/tagdirs.25x50kb.PC1.bedGraph + Tags	/expanse/lustre/projects/csd940/ctea/homer/bwt2_bam/tags/mut_M3/tagdirs/tagdirs.25x50kb.PC1.bedGraph - Tags
-250000	0.619170560531905	2.37619355434481e-05	2.36490596238495e-05	0.621930218241143	2.34692030658417e-05	2.33425370148059e-05
-249000	0.619894142272294	2.40960384153662e-05	2.33724566749777e-05	0.622676301289747	2.41874595992243e-05	2.34413765506202e-05
-248000	0.620647028041986	2.44320805245175e-05	2.3679194754825e-05	0.623465016775941	2.42166097208114e-05	2.34278942346169e-05
-247000	0.621430325976544	2.59985840490041e-05	2.52152861144458e-05	0.624098562501924	2.59143041832118e-05	2.5280758457229e-05
-246000	0.622177209345277	2.46647889925201e-05	2.3917905623788e-05	0.624811278357497	2.45215009080555e-05	2.38087850524825e-05
-245000	0.622861236802413	2.44958598824145e-05	2.38118324252778e-05	0.625440853264383	2.48352263982516e-05	2.42056514913658e-05
-244000	0.623497983808908	2.65546218487395e-05	2.59178748422446e-05	0.626173392433897	2.6561670822175e-05	2.5829131652661e-05
-243000	0.624442638593899	2.62674300489426e-05	2.53227752639517e-05	0.626952319389294	2.640465416936e-05	2.56257272139625e-05
-242000	0.625352448671776	2.41889678948503e-05	2.32791578169729e-05	0.627758703481393	2.44329116261889e-05	2.36265275340906e-05
-241000	0.626193769815619	2.48306707298304e-05	2.39893495859882e-05	0.628660602702619	2.4955489888263e-05	2.40535906670361e-05
-240000	0.626868624372826	2.75373534028996e-05	2.68624988456921e-05	0.629375904207837	2.73522947640595e-05	2.6636993258842e-05
-239000	0.627767568565888	2.43243759042079e-05	2.3425431711146e-05	0.630184596915689	2.46505987010188e-05	2.38419059931665e-05
-238000	0.628383507249053	2.5967032967033e-05	2.53510942838674e-05	0.630519099947671	2.60197617508542e-05	2.56852587188722e-05
-237000	0.629011850894204	2.45524979222458e-05	2.39241542770954e-05	0.631128051220488	2.46452427124696e-05	2.40362914396528e-05
-236000	0.629702834980146	2.65762304921969e-05	2.58852464062548e-05	0.631694400837258	2.65668113399206e-05	2.60004617231509e-05
-235000	0.630529134730815	2.75039554283252e-05	2.66776556776557e-05	0.632503185889741	2.74904115492351e-05	2.66816264967525e-05
-234000	0.631330809246776	2.61518761350694e-05	2.53502016191091e-05	0.633190383845846	2.6055653030443e-05	2.53684550743374e-05
-233000	0.632247575953458	2.61850586388402e-05	2.52682919321575e-05	0.63411533844307	2.65942684766214e-05	2.56693138793979e-05
-232000	0.632949702958106	2.51147228122018e-05	2.44125958075538e-05	0.634765844799458	2.53074152738018e-05	2.46569089174131e-05
-231000	0.633557977036969	2.54860713516176e-05	2.48777972727553e-05	0.6353621140764	2.54640933296396e-05	2.4867824052698e-05
-230000	0.633980607627667	2.70122202727245e-05	2.65895896820266e-05	0.635707636900914	2.69923661772401e-05	2.66468433527257e-05
-229000	0.634173115400006	2.60713823991135e-05	2.58788746267737e-05	0.6358422138086	2.62018037984424e-05	2.60672268907563e-05
-228000	0.634748022285837	2.38659771600948e-05	2.32910702742636e-05	0.636441869055314	2.41249730661496e-05	2.35253178194355e-05
-227000	0.635446332379106	2.40200080032013e-05	2.33216979099332e-05	0.637102779573368	2.42569335426478e-05	2.35960230245944e-05
-226000	0.636094714809	2.64349739895958e-05	2.57865915597008e-05	0.637730599932281	2.65089420383538e-05	2.5881121679441e-05
-225000	0.636347862221812	2.40150829562594e-05	2.37619355434481e-05	0.638109151352849	2.38477544864099e-05	2.34692030658417e-05
-224000	0.637010588850925	2.47587650444794e-05	2.40960384153662e-05	0.63871687136393	2.47951796103056e-05	2.41874595992243e-05
-223000	0.637701480592237	2.51229722658294e-05	2.44320805245175e-05	0.639471788715486	2.49715270723674e-05	2.42166097208114e-05
-222000	0.638505617631668	2.68027210884353e-05	2.59985840490041e-05	0.640260442638594	2.67029581063194e-05	2.59143041832118e-05
-221000	0.639202203958506	2.53613753193585e-05	2.46647889925201e-05	0.640952073136947	2.52131314064087e-05	2.45215009080555e-05
-220000	0.639923384738511	2.52170406624188e-05	2.44958598824145e-05	0.641615661649275	2.54988149105796e-05	2.48352263982516e-05
-219000	0.640638316865208	2.72695539754363e-05	2.65546218487395e-05	0.642298427063133	2.72444362360329e-05	2.6561670822175e-05
-218000	0.641480900052329	2.71100132360636e-05	2.62674300489426e-05	0.643084402991966	2.71906300981931e-05	2.640465416936e-05
-217000	0.642193092621664	2.49011604641857e-05	2.41889678948503e-05	0.64371286976329	2.50613783975128e-05	2.44329116261889e-05
-216000	0.642852279373288	2.54898574814541e-05	2.48306707298304e-05	0.644327823437067	2.55704435620402e-05	2.4955489888263e-05
-215000	0.643319450857266	2.80045248868778e-05	2.75373534028996e-05	0.644712654292486	2.77371256194786e-05	2.73522947640595e-05
-214000	0.64389565056792	2.49005756148613e-05	2.43243759042079e-05	0.645219472404346	2.5157416812879e-05	2.46505987010188e-05
-213000	0.644542617046819	2.66139994459322e-05	2.5967032967033e-05	0.645819989534275	2.66202788807831e-05	2.60197617508542e-05
-212000	0.645022101148152	2.50319820235787e-05	2.45524979222458e-05	0.646358451072737	2.51837042509312e-05	2.46452427124696e-05
-211000	0.645560254871179	2.71143842152246e-05	2.65762304921969e-05	0.646839412688152	2.7047772955336e-05	2.65668113399206e-05
-210000	0.6464144734817	2.83581740388464e-05	2.75039554283252e-05	0.647587742789423	2.82387416505064e-05	2.74904115492351e-05
-209000	0.647176378243605	2.69137808969742e-05	2.61518761350694e-05	0.648217656293287	2.6685566534306e-05	2.6055653030443e-05
-208000	0.647953027364792	2.69617077600271e-05	2.61850586388402e-05	0.648888693939114	2.7265306122449e-05	2.65942684766214e-05
-207000	0.648434327577185	2.55960230245944e-05	2.51147228122018e-05	0.649394588604673	2.58133099393604e-05	2.53074152738018e-05
-206000	0.649017483916644	2.60692276910764e-05	2.54860713516176e-05	0.650057592267676	2.61270969926432e-05	2.54640933296396e-05
-205000	0.649498968818296	2.74937051743774e-05	2.70122202727245e-05	0.650441653584511	2.73764274940746e-05	2.69923661772401e-05
-204000	0.649665589312648	2.6238002893465e-05	2.60713823991135e-05	0.650599778372888	2.63599285868194e-05	2.62018037984424e-05
-203000	0.650359559208299	2.45599470557454e-05	2.38659771600948e-05	0.651277126235109	2.48023209283713e-05	2.41249730661496e-05
-202000	0.651205897743713	2.48663465386154e-05	2.40200080032013e-05	0.652053775356296	2.50335826638347e-05	2.42569335426478e-05
-201000	0.651453381352541	2.6682457598424e-05	2.64349739895958e-05	0.652372179641087	2.68273463231446e-05	2.65089420383538e-05
-200000	0.652052636439191	2.46143380429095e-05	2.40150829562594e-05	0.652946594022224	2.4422168867547e-05	2.38477544864099e-05
-199000	0.652431957398344	2.51380860036322e-05	2.47587650444794e-05	0.653306984332194	2.51555699202758e-05	2.47951796103056e-05
-198000	0.652811986332995	2.55030012004802e-05	2.51229722658294e-05	0.653685997475913	2.53505402160864e-05	2.49715270723674e-05
-197000	0.653201865361529	2.71926001169699e-05	2.68027210884353e-05	0.654146212331086	2.71631729614923e-05	2.67029581063194e-05
-196000	0.653659740819405	2.58192507772339e-05	2.53613753193585e-05	0.654650414011758	2.5717333087081e-05	2.52131314064087e-05
-195000	0.654314094868717	2.58713947117308e-05	2.52170406624188e-05	0.655268291932158	2.61166928309785e-05	2.54988149105796e-05
-194000	0.655096746390864	2.80522054975836e-05	2.72695539754363e-05	0.655934620001847	2.79107643057223e-05	2.72444362360329e-05
-193000	0.655819835626558	2.78331024717579e-05	2.71100132360636e-05	0.656524886877828	2.77808969741743e-05	2.71906300981931e-05
-192000	0.656322867608582	2.54041924462092e-05	2.49011604641857e-05	0.65696909533044	2.55055868501247e-05	2.50613783975128e-05
-191000	0.656841228799212	2.60082186720842e-05	2.54898574814541e-05	0.657457167482378	2.60585157139779e-05	2.55704435620402e-05
-190000	0.657254009296026	2.84173053836919e-05	2.80045248868778e-05	0.657779696493982	2.80596546310832e-05	2.77371256194786e-05
-189000	0.657704158586512	2.53507249053468e-05	2.49005756148613e-05	0.658040570074183	2.54182903930803e-05	2.5157416812879e-05
-188000	0.65827195493582	2.71817957952411e-05	2.66139994459322e-05	0.658588173731031	2.71678825376304e-05	2.66202788807831e-05
-187000	0.658985317203805	2.57453442915628e-05	2.50319820235787e-05	0.659224674485179	2.58202050050789e-05	2.51837042509312e-05
-186000	0.659587281066273	2.77163480776926e-05	2.71143842152246e-05	0.659779450241635	2.76025487117924e-05	2.7047772955336e-05
-185000	0.660378058915874	2.91489518884477e-05	2.83581740388464e-05	0.660574475944224	2.90337673530951e-05	2.82387416505064e-05
-184000	0.660887678148182	2.74234001292825e-05	2.69137808969742e-05	0.661138732416043	2.72498230061255e-05	2.6685566534306e-05
-183000	0.661353125865731	2.74271554775757e-05	2.69617077600271e-05	0.661537969033767	2.7664542740173e-05	2.7265306122449e-05
-182000	0.662060331825038	2.63032289839013e-05	2.55960230245944e-05	0.662202265521593	2.64776064271863e-05	2.58133099393604e-05
-181000	0.662807430664573	2.68163265306122e-05	2.60692276910764e-05	0.662899775294733	2.68246067657832e-05	2.61270969926432e-05
-180000	0.663253701480592	2.79399759903961e-05	2.74937051743774e-05	0.663252624126574	2.7729276325915e-05	2.73764274940746e-05
-179000	0.663322590574691	2.63068919875643e-05	2.6238002893465e-05	0.663297103456767	2.64044079170129e-05	2.63599285868194e-05
-178000	0.664007141318066	2.52444977991197e-05	2.45599470557454e-05	0.663934804691107	2.54400221627112e-05	2.48023209283713e-05
-177000	0.664767476221258	2.56266814418075e-05	2.48663465386154e-05	0.664637177948102	2.57359559208299e-05	2.50335826638347e-05
-176000	0.664922061132145	2.68370425093114e-05	2.6682457598424e-05	0.664829747283529	2.70199156585712e-05	2.68273463231446e-05
-175000	0.665295687505772	2.49879644165358e-05	2.46143380429095e-05	0.665148982669991	2.47414042540093e-05	2.4422168867547e-05
-174000	0.66578994674793	2.56323452457906e-05	2.51380860036322e-05	0.665693231138609	2.5699818388894e-05	2.51555699202758e-05
-173000	0.666326653738418	2.60397081909687e-05	2.55030012004802e-05	0.666199802998122	2.58571120755995e-05	2.53505402160864e-05
-172000	0.666699110413396	2.75650567919475e-05	2.71926001169699e-05	0.666660202542556	2.76235725059254e-05	2.71631729614923e-05
-171000	0.667491519684797	2.66116600486349e-05	2.58192507772339e-05	0.667306276356696	2.6363406901222e-05	2.5717333087081e-05
-170000	0.668043494320805	2.64233693477391e-05	2.58713947117308e-05	0.667856034721581	2.6666451195863e-05	2.61166928309785e-05
-169000	0.668979407147474	2.89881183242527e-05	2.80522054975836e-05	0.668738018284237	2.87927478683781e-05	2.79107643057223e-05
-168000	0.669763597746791	2.86172930710746e-05	2.78331024717579e-05	0.669463785514206	2.85066642041432e-05	2.77808969741743e-05
-167000	0.670529196293902	2.61697909933204e-05	2.54041924462092e-05	0.670203404438699	2.62452057746175e-05	2.55055868501247e-05
-166000	0.670919475482501	2.63984978606828e-05	2.60082186720842e-05	0.670569674023456	2.64247852987348e-05	2.60585157139779e-05
-165000	0.671329916582017	2.88277464832087e-05	2.84173053836919e-05	0.671018776741466	2.85087573490935e-05	2.80596546310832e-05
-164000	0.672069381598793	2.60901899221227e-05	2.53507249053468e-05	0.671665897128082	2.60654107796965e-05	2.54182903930803e-05
-163000	0.672382553021209	2.74949672176563e-05	2.71817957952411e-05	0.671903715332287	2.74057007418352e-05	2.71678825376304e-05
-162000	0.673034290639333	2.6397081909687e-05	2.57453442915628e-05	0.672476990796319	2.63934804691107e-05	2.58202050050789e-05
-161000	0.673485486502293	2.81675439406532e-05	2.77163480776926e-05	0.672815249176594	2.79408070920676e-05	2.76025487117924e-05
-160000	0.6741868747499	2.98503401360544e-05	2.91489518884477e-05	0.673504571059193	2.97230892356943e-05	2.90337673530951e-05
-159000	0.6746976944624	2.79342198417829e-05	2.74234001292825e-05	0.67411761627728	2.78628682242127e-05	2.72498230061255e-05
-158000	0.675391787484224	2.81212484993997e-05	2.74271554775757e-05	0.674829593375812	2.83765198387048e-05	2.7664542740173e-05
-157000	0.676195986086742	2.71074275864192e-05	2.63032289839013e-05	0.675465786314526	2.71137993659002e-05	2.64776064271863e-05
-156000	0.676949333579586	2.75696740234555e-05	2.68163265306122e-05	0.676049004217071	2.74078246683288e-05	2.68246067657832e-05
-155000	0.677420260411857	2.84109028226675e-05	2.79399759903961e-05	0.676557207498384	2.82374796072275e-05	2.7729276325915e-05
-154000	0.677744143811371	2.66307753870779e-05	2.63068919875643e-05	0.676806599562902	2.66537999815311e-05	2.64044079170129e-05
-153000	0.678631729614923	2.61320836026719e-05	2.52444977991197e-05	0.677713854772678	2.63472773724875e-05	2.54400221627112e-05
-152000	0.679455536060578	2.64504878874627e-05	2.56266814418075e-05	0.678429956598024	2.64520577461754e-05	2.57359559208299e-05
-151000	0.679994243851387	2.73757503001201e-05	2.68370425093114e-05	0.678892911010558	2.74828700711054e-05	2.70199156585712e-05
-150000	0.680502447132699	2.54961676978483e-05	2.49879644165358e-05	0.679350293963739	2.51987872071905e-05	2.47414042540093e-05
-149000	0.680854741896759	2.59846400098501e-05	2.56323452457906e-05	0.679647366638963	2.59968910641179e-05	2.5699818388894e-05
-148000	0.681770831409487	2.69557977036969e-05	2.60397081909687e-05	0.680556007018192	2.67657524548281e-05	2.58571120755995e-05
-147000	0.682427032351402	2.82212577338628e-05	2.75650567919475e-05	0.681183211746237	2.82507772339705e-05	2.76235725059254e-05
-146000	0.683235355680734	2.74199833779666e-05	2.66116600486349e-05	0.681891187244128	2.70713823991135e-05	2.6363406901222e-05
-145000	0.683830609166744	2.70186228337489e-05	2.64233693477391e-05	0.682397635977468	2.71728999292025e-05	2.6666451195863e-05
-144000	0.684405177455598	2.95626866131068e-05	2.89881183242527e-05	0.683002985809709	2.93980977006187e-05	2.87927478683781e-05
-143000	0.684926616800566	2.91387324160434e-05	2.86172930710746e-05	0.683540493120325	2.90441715147597e-05	2.85066642041432e-05
-142000	0.685853233601133	2.70964077938867e-05	2.61697909933204e-05	0.684378797672915	2.70835103272078e-05	2.62452057746175e-05
-141000	0.686299873795672	2.68451380552221e-05	2.63984978606828e-05	0.684724382060517	2.6770369686336e-05	2.64247852987348e-05
-140000	0.686900175454797	2.94280481423338e-05	2.88277464832087e-05	0.685253116631268	2.90374919198449e-05	2.85087573490935e-05
-139000	0.687549573675624	2.67395881429495e-05	2.60901899221227e-05	0.685929602610275	2.67418967587035e-05	2.60654107796965e-05
-138000	0.687727737248746	2.76731307907778e-05	2.74949672176563e-05	0.686098285468033	2.75743835995937e-05	2.74057007418352e-05
-137000	0.688370178840767	2.70395235017084e-05	2.6397081909687e-05	0.686621171545541	2.69163665466186e-05	2.63934804691107e-05
-136000	0.688763720872965	2.85610859728507e-05	2.81675439406532e-05	0.687036199095023	2.83558346415489e-05	2.79408070920676e-05
-135000	0.689249792224582	3.0336411487672e-05	2.98503401360544e-05	0.687480438329178	3.01673284698495e-05	2.97230892356943e-05
-134000	0.689799950749531	2.84843783667313e-05	2.79342198417829e-05	0.688024440545449	2.84068704404839e-05	2.78628682242127e-05
-133000	0.690758026287438	2.90793240373072e-05	2.81212484993997e-05	0.688940345368917	2.92924246621726e-05	2.83765198387048e-05
-132000	0.69135838950965	2.77077908086312e-05	2.71074275864192e-05	0.689456274817619	2.76297288146028e-05	2.71137993659002e-05
-131000	0.692093729799612	2.83050143134177e-05	2.75696740234555e-05	0.690111583094776	2.80631329454859e-05	2.74078246683288e-05
-130000	0.692879521039185	2.91966940622403e-05	2.84109028226675e-05	0.690894788684705	2.90206851971558e-05	2.82374796072275e-05
-129000	0.693633915104503	2.73851694523963e-05	2.66307753870779e-05	0.691527657216733	2.72866685135593e-05	2.66537999815311e-05
-128000	0.694699879951981	2.71980484501493e-05	2.61320836026719e-05	0.692537999815311	2.73576199710653e-05	2.63472773724875e-05
-127000	0.695442761720073	2.71933696555546e-05	2.64504878874627e-05	0.693132052821128	2.70461107519931e-05	2.64520577461754e-05
-126000	0.696070028011204	2.80030165912519e-05	2.73757503001201e-05	0.693649859943978	2.80006771939545e-05	2.74828700711054e-05
-125000	0.696771477821898	2.61976175085419e-05	2.54961676978483e-05	0.694248991904454	2.57979191676671e-05	2.51987872071905e-05
-124000	0.697241696678671	2.64548588666235e-05	2.59846400098501e-05	0.694662110998245	2.64100101579093e-05	2.59968910641179e-05
-123000	0.698006033182504	2.77201342075291e-05	2.69557977036969e-05	0.69540865577	2.75122972265829e-05	2.67657524548281e-05
-122000	0.698784837011728	2.90000615630867e-05	2.82212577338628e-05	0.69614242620125	2.89845476652199e-05	2.82507772339705e-05
-121000	0.699388955582233	2.80241019484717e-05	2.74199833779666e-05	0.69674940745529	2.76783636531536e-05	2.70713823991135e-05
-120000	0.700056730384461	2.76863976359775e-05	2.70186228337489e-05	0.697332409887032	2.77559023609444e-05	2.71728999292025e-05
-119000	0.700425708745037	2.99316649736818e-05	2.95626866131068e-05	0.697616184935513	2.96818727490997e-05	2.93980977006187e-05
-118000	0.700848431680364	2.95614553513713e-05	2.91387324160434e-05	0.697980607627666	2.94085942069135e-05	2.90441715147597e-05
-117000	0.701845045710592	2.80930218241142e-05	2.70964077938867e-05	0.698855080493736	2.79579831932774e-05	2.70835103272078e-05
-116000	0.702313109859328	2.73132022039585e-05	2.68451380552221e-05	0.699243112629667	2.71584018222673e-05	2.6770369686336e-05
-115000	0.70294991842891	3.00648567119155e-05	2.94280481423338e-05	0.699810047095761	2.9604426385939e-05	2.90374919198449e-05
-114000	0.703308954350971	2.70986240650106e-05	2.67395881429495e-05	0.70023704866562	2.71688983285622e-05	2.67418967587035e-05
-113000	0.703795302736479	2.81594791762859e-05	2.76731307907778e-05	0.700749838396897	2.80871733308709e-05	2.75743835995937e-05
-112000	0.704369501646813	2.76137224120417e-05	2.70395235017084e-05	0.701351771477822	2.75182996275434e-05	2.69163665466186e-05
-111000	0.705025764151815	2.92173484778527e-05	2.85610859728507e-05	0.701979622618278	2.89836857820051e-05	2.83558346415489e-05
-110000	0.705370425093114	3.06810724289716e-05	3.0336411487672e-05	0.702307784652322	3.04954905038939e-05	3.01673284698495e-05
-109000	0.706072552097762	2.91865053713793e-05	2.84843783667313e-05	0.702963216055653	2.90623018438144e-05	2.84068704404839e-05
-108000	0.706968295010312	2.99750669498569e-05	2.90793240373072e-05	0.703843999138117	3.01732077446364e-05	2.92924246621726e-05
-107000	0.707531935851264	2.82714316495829e-05	2.77077908086312e-05	0.704382799273556	2.81685289500416e-05	2.76297288146028e-05
-106000	0.708251608335642	2.90246867977961e-05	2.83050143134177e-05	0.70515243020285	2.88327638747807e-05	2.80631329454859e-05
-105000	0.70874349739896	2.96885831255579e-05	2.91966940622403e-05	0.70558580355219	2.94540585464955e-05	2.90206851971558e-05
-104000	0.709542432357558	2.81841044109951e-05	2.73851694523963e-05	0.706435958998984	2.81368239603534e-05	2.72866685135593e-05
-103000	0.710534983224059	2.81905993166497e-05	2.71980484501493e-05	0.707236032874688	2.81576938467695e-05	2.73576199710653e-05
-102000	0.711096900298581	2.77552867300766e-05	2.71933696555546e-05	0.707726659894727	2.75367377720319e-05	2.70461107519931e-05
-101000	0.711719580139748	2.86256964324191e-05	2.80030165912519e-05	0.708344907193647	2.86189244928741e-05	2.80006771939545e-05
-100000	0.712731307907778	2.72093452765721e-05	2.61976175085419e-05	0.709288176809185	2.67411887832056e-05	2.57979191676671e-05
-99000	0.713679533351802	2.74030843106473e-05	2.64548588666235e-05	0.7101519684797	2.72738018284237e-05	2.64100101579093e-05
-98000	0.714099670637486	2.81402714932126e-05	2.77201342075291e-05	0.71053344414689	2.78937728937729e-05	2.75122972265829e-05
-97000	0.714750330901591	2.96507218271924e-05	2.90000615630867e-05	0.711045064179518	2.94961676978483e-05	2.89845476652199e-05
-96000	0.715328746883369	2.8602517930249e-05	2.80241019484717e-05	0.711580693815988	2.82139932896236e-05	2.76783636531536e-05
-95000	0.716211253732262	2.85689044848709e-05	2.76863976359775e-05	0.712465570843722	2.86407793886785e-05	2.77559023609444e-05
-94000	0.716943454304799	3.06638655462185e-05	2.99316649736818e-05	0.713090251485209	3.0306553390587e-05	2.96818727490997e-05
-93000	0.717420999168898	3.00390002154708e-05	2.95614553513713e-05	0.713547911472281	2.98662541939853e-05	2.94085942069135e-05
-92000	0.718245174993074	2.89171976482901e-05	2.80930218241142e-05	0.714419860251793	2.88299319727891e-05	2.79579831932774e-05
-91000	0.719054452550251	2.81224797611352e-05	2.73132022039585e-05	0.715183827377105	2.7922368947579e-05	2.71584018222673e-05
-90000	0.719825991935236	3.08363960969003e-05	3.00648567119155e-05	0.715926678363653	3.03472773724874e-05	2.9604426385939e-05
-89000	0.720304798842614	2.7577430972389e-05	2.70986240650106e-05	0.716328623757195	2.75708437221042e-05	2.71688983285622e-05
-88000	0.721074676024256	2.89293563579278e-05	2.81594791762859e-05	0.717062732785422	2.88212823590975e-05	2.80871733308709e-05
-87000	0.721847261981716	2.83863083695017e-05	2.76137224120417e-05	0.717803890787084	2.82594576292056e-05	2.75182996275434e-05
-86000	0.722407763105242	2.9777849601379e-05	2.92173484778527e-05	0.718350078492936	2.95298734878566e-05	2.89836857820051e-05
-85000	0.723006864284175	3.12801736079048e-05	3.06810724289716e-05	0.718846523224674	3.09919352356327e-05	3.04954905038939e-05
-84000	0.723611352233201	2.97909933204051e-05	2.91865053713793e-05	0.719333148644073	2.9548927263213e-05	2.90623018438144e-05
-83000	0.72416351155847	3.05272262751254e-05	2.99750669498569e-05	0.719877458675778	3.07175177763413e-05	3.01732077446364e-05
-82000	0.725077292455444	2.91852125465571e-05	2.82714316495829e-05	0.72068778280543	2.89788530796934e-05	2.81685289500416e-05
-81000	0.725647797580571	2.9595191922923e-05	2.90246867977961e-05	0.721339797457444	2.94847785267954e-05	2.88327638747807e-05
-80000	0.726043094160741	3.00838797057285e-05	2.96885831255579e-05	0.721697632899314	2.98118939883646e-05	2.94540585464955e-05
-79000	0.727111552313233	2.92525625634869e-05	2.81841044109951e-05	0.722728691476591	2.91678825376305e-05	2.81368239603534e-05
-78000	0.728137870532829	2.92169175362453e-05	2.81905993166497e-05	0.723611383014744	2.90403853849232e-05	2.81576938467695e-05
-77000	0.728899498260843	2.8516914458091e-05	2.77552867300766e-05	0.724191368855234	2.81167236125219e-05	2.75367377720319e-05
-76000	0.729742573952658	2.94687721242344e-05	2.86256964324191e-05	0.724927324776064	2.93548804137039e-05	2.86189244928741e-05
-75000	0.730719949518269	2.81867208421831e-05	2.72093452765721e-05	0.725870255794625	2.76841198017668e-05	2.67411887832056e-05
-74000	0.731771231569551	2.84543663619294e-05	2.74030843106473e-05	0.726861852433281	2.82653984670791e-05	2.72738018284237e-05
-73000	0.732119093791363	2.84881337150245e-05	2.81402714932126e-05	0.727172838366116	2.82047588266076e-05	2.78937728937729e-05
-72000	0.732849447471296	3.03810755071259e-05	2.96507218271924e-05	0.727807892387724	3.0131221719457e-05	2.94961676978483e-05
-71000	0.733267368485856	2.90204389448087e-05	2.8602517930249e-05	0.728222950718749	2.86290516206483e-05	2.82139932896236e-05
-70000	0.73440102194724	2.97025579462554e-05	2.85689044848709e-05	0.729191338073691	2.96091667436206e-05	2.86407793886785e-05
-69000	0.735281743466617	3.15445870655955e-05	3.06638655462185e-05	0.730034136731616	3.11493520485117e-05	3.0306553390587e-05
-68000	0.7360307199803	3.07879767291532e-05	3.00390002154708e-05	0.73070542062979	3.053753809216e-05	2.98662541939853e-05
-67000	0.736909009757749	2.97954874257395e-05	2.89171976482901e-05	0.73154889648167	2.96734078246684e-05	2.88299319727891e-05
-66000	0.737708437221042	2.89219072244282e-05	2.81224797611352e-05	0.732311478437529	2.86849509034383e-05	2.7922368947579e-05
-65000	0.738587311847816	3.17152707236741e-05	3.08363960969003e-05	0.733205559146736	3.12413580816942e-05	3.03472773724874e-05
-64000	0.739188136793179	2.81782559177517e-05	2.7577430972389e-05	0.73375522516699	2.81205097423585e-05	2.75708437221042e-05
-63000	0.740221257733863	2.99624772986118e-05	2.89293563579278e-05	0.734683658078616	2.97497152707237e-05	2.88212823590975e-05
-62000	0.741443869855635	2.96089204912735e-05	2.83863083695017e-05	0.735734293717487	2.93100932680765e-05	2.82594576292056e-05
-61000	0.742245421245421	3.05794009911657e-05	2.9777849601379e-05	0.736588389201835	3.03839689722043e-05	2.95298734878566e-05
-60000	0.742983193277311	3.20179456397944e-05	3.12801736079048e-05	0.73724649859944	3.16500446332379e-05	3.09919352356327e-05
-59000	0.743595807553791	3.04036075968849e-05	2.97909933204051e-05	0.737774833010127	3.00772616739003e-05	2.9548927263213e-05
-58000	0.744351371317758	3.12827900390925e-05	3.05272262751254e-05	0.738376396712531	3.13190814787453e-05	3.07175177763413e-05
-57000	0.745534121340844	3.03679625696433e-05	2.91852125465571e-05	0.739485855880814	3.00883122479761e-05	2.89788530796934e-05
-56000	0.74631003170499	3.03711022870686e-05	2.9595191922923e-05	0.740275802628744	3.02747252747253e-05	2.94847785267954e-05
-55000	0.747134422999969	3.0908271000708e-05	3.00838797057285e-05	0.741082402191646	3.06184935512667e-05	2.98118939883646e-05
-54000	0.748525410164066	3.06435497275833e-05	2.92525625634869e-05	0.742394804075476	3.04802844214609e-05	2.91678825376305e-05
-53000	0.749621756394866	3.03132637670452e-05	2.92169175362453e-05	0.743400498661003	3.00460799704497e-05	2.90403853849232e-05
-52000	0.750686767014498	2.95819250777234e-05	2.8516914458091e-05	0.744432080524517	2.91483054760366e-05	2.81167236125219e-05
-51000	0.751958229445624	3.07402345553606e-05	2.94687721242344e-05	0.745567119155354	3.04899190445409e-05	2.93548804137039e-05
-50000	0.752995536676209	2.92240280727676e-05	2.81867208421831e-05	0.746572105765383	2.86891064117955e-05	2.76841198017668e-05
-49000	0.754492104534121	2.99509342198418e-05	2.84543663619294e-05	0.747981284821621	2.9674577523317e-05	2.82653984670791e-05
-48000	0.755220796010712	2.9216825191615e-05	2.84881337150245e-05	0.748629544125342	2.88530181303291e-05	2.82047588266076e-05
-47000	0.756250561763167	3.14108412595807e-05	3.03810755071259e-05	0.749625696432419	3.11273740265337e-05	3.0131221719457e-05
-46000	0.757054206297904	2.98240834795456e-05	2.90204389448087e-05	0.750401452888848	2.9404808077077e-05	2.86290516206483e-05
-45000	0.758442484686182	3.10908363345338e-05	2.97025579462554e-05	0.75154889648167	3.07566103364423e-05	2.96091667436206e-05
-44000	0.759508234062856	3.26103364422692e-05	3.15445870655955e-05	0.752570043401976	3.21704989688183e-05	3.11493520485117e-05
-43000	0.760693323483239	3.19730661495367e-05	3.07879767291532e-05	0.753701080432173	3.16685751223567e-05	3.053753809216e-05
-42000	0.762232739249546	3.1334903192046e-05	2.97954874257395e-05	0.754981469510881	3.09537969033768e-05	2.96734078246684e-05
-41000	0.763566011019792	3.02551789946748e-05	2.89219072244282e-05	0.756172407424508	2.98758888170653e-05	2.86849509034383e-05
-40000	0.76500963462308	3.31588943269616e-05	3.17152707236741e-05	0.757580016622033	3.26489672792194e-05	3.12413580816942e-05
-39000	0.765962200264721	2.9130821559393e-05	2.81782559177517e-05	0.758444423923415	2.89849170437406e-05	2.81205097423585e-05
-38000	0.767783328716102	3.17836057499923e-05	2.99624772986118e-05	0.760076461353772	3.13817527010804e-05	2.97497152707237e-05
-37000	0.769635638870933	3.14612306461046e-05	2.96089204912735e-05	0.761783421060732	3.10170529750362e-05	2.93100932680765e-05
-36000	0.77141619724813	3.23599593683627e-05	3.05794009911657e-05	0.763375719518577	3.19762674300489e-05	3.03839689722043e-05
-35000	0.772901068119556	3.35028165112199e-05	3.20179456397944e-05	0.764771293132638	3.30456182472989e-05	3.16500446332379e-05
-34000	0.774422969187675	3.19255086650045e-05	3.04036075968849e-05	0.766182319081479	3.14882876227414e-05	3.00772616739003e-05
-33000	0.776326161233724	3.31859820851418e-05	3.12827900390925e-05	0.767873641764398	3.30104041616647e-05	3.13190814787453e-05
-32000	0.778444947209653	3.24867485455721e-05	3.03679625696433e-05	0.769823160033244	3.20378305168221e-05	3.00883122479761e-05
-31000	0.780319204604919	3.22453596823344e-05	3.03711022870686e-05	0.771560993628221	3.20125588697018e-05	3.02747252747253e-05
-30000	0.782102902699541	3.26919690953304e-05	3.0908271000708e-05	0.773191307292148	3.22488072151937e-05	3.06184935512667e-05
-29000	0.784131190937914	3.26718379659556e-05	3.06435497275833e-05	0.775068273463231	3.23572505925448e-05	3.04802844214609e-05
-28000	0.786267337704312	3.24494105334441e-05	3.03132637670452e-05	0.776933758118632	3.19115646258504e-05	3.00460799704497e-05
-27000	0.788103703019669	3.14182903930803e-05	2.95819250777234e-05	0.778588019823314	3.08025671807184e-05	2.91483054760366e-05
-26000	0.790084095176532	3.27206267122233e-05	3.07402345553606e-05	0.780389940591621	3.22918398128482e-05	3.04899190445409e-05
-25000	0.791775479422538	3.09154123187737e-05	2.92240280727676e-05	0.781987441130298	3.02866069504726e-05	2.86891064117955e-05
-24000	0.793899590605473	3.20750454027764e-05	2.99509342198418e-05	0.783927355557608	3.16144919506264e-05	2.9674577523317e-05
-23000	0.795393880629175	3.07111152153169e-05	2.9216825191615e-05	0.785330008926648	3.0255671499369e-05	2.88530181303291e-05
-22000	0.797270200387847	3.32871610182534e-05	3.14108412595807e-05	0.78709643857543	3.28938036753163e-05	3.11273740265337e-05
-21000	0.798701295902977	3.12551789946747e-05	2.98240834795456e-05	0.788386031335611	3.0694400837258e-05	2.9404808077077e-05
-20000	0.800195370455875	3.25849108874319e-05	3.10908363345338e-05	0.78966842121464	3.20390002154708e-05	3.07566103364423e-05
-19000	0.801596300058485	3.40112660448795e-05	3.26103364422692e-05	0.790955797703697	3.34578754578755e-05	3.21704989688183e-05
-18000	0.803446055345215	3.38228214362668e-05	3.19730661495367e-05	0.792645950687968	3.33587281066273e-05	3.16685751223567e-05
-17000	0.804897559023609	3.27864068704405e-05	3.1334903192046e-05	0.793819189214147	3.21270354295564e-05	3.09537969033768e-05
-16000	0.806268784436852	3.1626404407917e-05	3.02551789946748e-05	0.795061162926709	3.11178625296273e-05	2.98758888170653e-05
-15000	0.807711453812294	3.4601563702404e-05	3.31588943269616e-05	0.796448179271709	3.40359836242189e-05	3.26489672792194e-05
-14000	0.808751346692523	3.0170714439622e-05	2.9130821559393e-05	0.797369101486749	2.99058392587804e-05	2.89849170437406e-05
-13000	0.810372795271955	3.34050543294241e-05	3.17836057499923e-05	0.798784775448641	3.27974266629728e-05	3.13817527010804e-05
-12000	0.811211653892326	3.23000892664758e-05	3.14612306461046e-05	0.7995797088066	3.18119863329947e-05	3.10170529750362e-05
-11000	0.812004709576138	3.31530150521747e-05	3.23599593683627e-05	0.800276295133438	3.26728537568873e-05	3.19762674300489e-05
-10000	0.81266451195863	3.41626188937113e-05	3.35028165112199e-05	0.800779173207745	3.35484963216055e-05	3.30456182472989e-05
-9000	0.813202265521593	3.24632622279681e-05	3.19255086650045e-05	0.801301197402038	3.20103118170345e-05	3.14882876227414e-05
-8000	0.814065410779697	3.4049127343245e-05	3.31859820851418e-05	0.802108289469634	3.38174962292609e-05	3.30104041616647e-05
-7000	0.814870163449995	3.3291501215871e-05	3.24867485455721e-05	0.8029443777511	3.28739187982885e-05	3.20378305168221e-05
-6000	0.81534112106381	3.27163172961493e-05	3.22453596823344e-05	0.803500261643119	3.25684427617201e-05	3.20125588697018e-05
-5000	0.815951519069166	3.33023671006864e-05	3.26919690953304e-05	0.804027580262874	3.27761258349494e-05	3.22488072151937e-05
-4000	0.816340074491335	3.30603933881245e-05	3.26718379659556e-05	0.80443709791609	3.27667682457599e-05	3.23572505925448e-05
-3000	0.816735278726875	3.28446147689845e-05	3.24494105334441e-05	0.804720965309201	3.21954320189614e-05	3.19115646258504e-05
-2000	0.816968725951919	3.16517376181242e-05	3.14182903930803e-05	0.804977560254871	3.1059162126389e-05	3.08025671807184e-05
-1000	0.817063964047157	3.28158648074614e-05	3.27206267122233e-05	0.805056822729092	3.23711022870687e-05	3.22918398128482e-05
0	0.816927663373042	3.07791116446579e-05	3.09154123187737e-05	0.804912303382892	3.01420876042725e-05	3.02866069504726e-05
1000	0.816738787822821	3.18861698525564e-05	3.20750454027764e-05	0.804735586542309	3.14377751100441e-05	3.16144919506264e-05
2000	0.816633822759873	3.06061501523687e-05	3.07111152153169e-05	0.804698371656355	3.02184566134146e-05	3.0255671499369e-05
3000	0.816438760119432	3.30920983778126e-05	3.32871610182534e-05	0.804459291408871	3.26547234278327e-05	3.28938036753163e-05
4000	0.81622359713116	3.10400160064025e-05	3.12551789946747e-05	0.804199987687383	3.04350971157694e-05	3.0694400837258e-05
5000	0.815934681564934	3.22959953212054e-05	3.25849108874319e-05	0.80388992520085	3.17289377289377e-05	3.20390002154708e-05
6000	0.815359220611321	3.34358050912673e-05	3.40112660448795e-05	0.803283344106874	3.28512943638994e-05	3.34578754578755e-05
7000	0.815202573337027	3.36661741619725e-05	3.38228214362668e-05	0.803096931080124	3.31723150798781e-05	3.33587281066273e-05
8000	0.814220118816757	3.18039523501709e-05	3.27864068704405e-05	0.802109028226675	3.11391325761074e-05	3.21270354295564e-05
9000	0.813617077600271	3.10233631914304e-05	3.1626404407917e-05	0.801636685443408	3.06455197463601e-05	3.11178625296273e-05
10000	0.812862129467172	3.38466155693047e-05	3.4601563702404e-05	0.800911010558069	3.33103087388802e-05	3.40359836242189e-05
11000	0.812270569766368	2.95791547388186e-05	3.0170714439622e-05	0.80033511866285	2.93299473635608e-05	2.99058392587804e-05
12000	0.811587311847816	3.2721796410872e-05	3.34050543294241e-05	0.799675193154185	3.21375011543079e-05	3.27974266629728e-05
13000	0.810300058484932	3.10128359035922e-05	3.23000892664758e-05	0.79847028041986	3.06070735986703e-05	3.18119863329947e-05
14000	0.808844491642811	3.16974482100532e-05	3.31530150521747e-05	0.797179025456336	3.13815987933635e-05	3.26728537568873e-05
15000	0.807304367901007	3.26224951519069e-05	3.41626188937113e-05	0.79558217133007	3.19516421953397e-05	3.35484963216055e-05
16000	0.805789515806323	3.09484101332841e-05	3.24632622279681e-05	0.794305783852002	3.07339243389664e-05	3.20103118170345e-05
17000	0.804397205035861	3.26568165727829e-05	3.4049127343245e-05	0.793116569704805	3.26282820820636e-05	3.38174962292609e-05
18000	0.802894634776988	3.17889309569982e-05	3.3291501215871e-05	0.791812078677625	3.15694277711084e-05	3.28739187982885e-05
19000	0.801151322067288	3.097300458645e-05	3.27163172961493e-05	0.79032548403977	3.10818481238649e-05	3.25684427617201e-05
20000	0.799843075691815	3.19941207252131e-05	3.33023671006864e-05	0.78930821559393	3.17588573891094e-05	3.27761258349494e-05
21000	0.798066949856866	3.12842675531751e-05	3.30603933881245e-05	0.787798904177055	3.12574568288854e-05	3.27667682457599e-05
22000	0.796185858958968	3.09635238710869e-05	3.28446147689845e-05	0.786118016437344	3.05145442792501e-05	3.21954320189614e-05
23000	0.794336226798412	2.98021054575676e-05	3.16517376181242e-05	0.784585926678364	2.95270723674085e-05	3.1059162126389e-05
24000	0.792466925231631	3.09465632406809e-05	3.28158648074614e-05	0.782869547819128	3.06547234278326e-05	3.23711022870687e-05
25000	0.790513251454428	2.88254378674547e-05	3.07791116446579e-05	0.781076399790686	2.83489395758303e-05	3.01420876042725e-05
26000	0.788447040354603	2.98199587527318e-05	3.18861698525564e-05	0.779215009080555	2.95763843999139e-05	3.14377751100441e-05
27000	0.786639671253117	2.87987810508819e-05	3.06061501523687e-05	0.777619478560655	2.86229260935143e-05	3.02184566134146e-05
28000	0.784820358912796	3.12727860374919e-05	3.30920983778126e-05	0.775932434512266	3.09676793794441e-05	3.26547234278327e-05
29000	0.78297891464278	2.91985717363869e-05	3.10400160064025e-05	0.774220303506018	2.87229661095207e-05	3.04350971157694e-05
30000	0.781577430972389	3.08945116508142e-05	3.22959953212054e-05	0.773012343398898	3.0520977621818e-05	3.17289377289377e-05
31000	0.77993455843876	3.17929325576384e-05	3.34358050912673e-05	0.771504417151476	3.13433681164774e-05	3.28512943638994e-05
32000	0.778115954073937	3.18475697971496e-05	3.36661741619725e-05	0.769873949579832	3.1541847508234e-05	3.31723150798781e-05
33000	0.776330655339059	3.00186536152922e-05	3.18039523501709e-05	0.768199710653492	2.94648936497676e-05	3.11391325761074e-05
34000	0.774685474189676	2.93781820420476e-05	3.10233631914304e-05	0.766700434019762	2.91462431126296e-05	3.06455197463601e-05
35000	0.772769846400098	3.19309877797272e-05	3.38466155693047e-05	0.764848216209561	3.14580909286792e-05	3.33103087388802e-05
36000	0.771169729430234	2.79790377689538e-05	2.95791547388186e-05	0.763359035922061	2.78407670760612e-05	2.93299473635608e-05
37000	0.76988247606735	3.14345430479885e-05	3.2721796410872e-05	0.762155908517253	3.09343737494998e-05	3.21375011543079e-05
38000	0.76859352971958	2.97238895558223e-05	3.10128359035922e-05	0.760950595622864	2.94017607042817e-05	3.06070735986703e-05
39000	0.767048296241574	3.01522147320466e-05	3.16974482100532e-05	0.759499707575338	2.99307107458368e-05	3.13815987933635e-05
40000	0.765121371625573	3.06955705359067e-05	3.26224951519069e-05	0.757663526949241	3.01154615692431e-05	3.19516421953397e-05
41000	0.763798811832425	2.9625850340136e-05	3.09484101332841e-05	0.756564256471819	2.96346538615446e-05	3.07339243389664e-05
42000	0.762423492473913	3.12814972142703e-05	3.26568165727829e-05	0.755409179056238	3.1473204666482e-05	3.26282820820636e-05
43000	0.761222889155662	3.05883276387478e-05	3.17889309569982e-05	0.75428540647028	3.0445655185151e-05	3.15694277711084e-05
44000	0.759908732723859	2.96588481546465e-05	3.097300458645e-05	0.752916551235879	2.97129928894635e-05	3.10818481238649e-05
45000	0.759012743558962	3.10981315603164e-05	3.19941207252131e-05	0.752166959091329	3.10092652445594e-05	3.17588573891094e-05
46000	0.758176716840582	3.04482408347954e-05	3.12842675531751e-05	0.751343706713455	3.04342044510111e-05	3.12574568288854e-05
47000	0.756608274078862	2.93950811093668e-05	3.09635238710869e-05	0.749942161479977	2.91129990457722e-05	3.05145442792501e-05
48000	0.755178686859359	2.83725182380645e-05	2.98021054575676e-05	0.748723674085019	2.83085849724505e-05	2.95270723674085e-05
49000	0.753717548557885	2.94854249392064e-05	3.09465632406809e-05	0.747309200603318	2.92402499461323e-05	3.06547234278326e-05
50000	0.752430664573522	2.75385538830917e-05	2.88254378674547e-05	0.746205312894389	2.72450518669006e-05	2.83489395758303e-05
51000	0.751230738449226	2.8620032628436e-05	2.98199587527318e-05	0.745057407578416	2.84284790839413e-05	2.95763843999139e-05
52000	0.750075291655124	2.76433342567797e-05	2.87987810508819e-05	0.744069504724967	2.76350232400653e-05	2.86229260935143e-05
53000	0.749140394619386	3.03378890017546e-05	3.12727860374919e-05	0.743085541909071	2.99837165635485e-05	3.09676793794441e-05
54000	0.748047188106012	2.81053652230124e-05	2.91985717363869e-05	0.741992150706436	2.76295749068858e-05	2.87229661095207e-05
55000	0.74705971619417	2.99070397389725e-05	3.08945116508142e-05	0.7411270662111	2.96558931264814e-05	3.0520977621818e-05
56000	0.746218487394958	3.09517037584264e-05	3.17929325576384e-05	0.74041047188106	3.06267737864377e-05	3.13433681164774e-05
57000	0.745057776956937	3.06868593591283e-05	3.18475697971496e-05	0.739268261150614	3.0399636777788e-05	3.1541847508234e-05
58000	0.74408089389602	2.90417705543757e-05	3.00186536152922e-05	0.738403238218364	2.85998707175178e-05	2.94648936497676e-05
59000	0.742917474682181	2.82147628282082e-05	2.93781820420476e-05	0.73721978021978	2.79627851140456e-05	2.91462431126296e-05
60000	0.741560685812787	3.05741989103334e-05	3.19309877797272e-05	0.7358263920953	3.00647028041986e-05	3.14580909286792e-05
61000	0.740587127158556	2.70054791147228e-05	2.79790377689538e-05	0.734970511281436	2.69848862621972e-05	2.78407670760612e-05
62000	0.739946132299073	3.07935481885062e-05	3.14345430479885e-05	0.734391756702681	3.03556191707452e-05	3.09343737494998e-05
63000	0.738783205589928	2.85609628466771e-05	2.97238895558223e-05	0.733347431280204	2.8357435281805e-05	2.94017607042817e-05
64000	0.737946224643704	2.93152337858221e-05	3.01522147320466e-05	0.73248382429895	2.90671037645827e-05	2.99307107458368e-05
65000	0.736557607658448	2.9306953550651e-05	3.06955705359067e-05	0.73135084803152	2.8982485301813e-05	3.01154615692431e-05
66000	0.735956228645304	2.90244713269923e-05	2.9625850340136e-05	0.730748268538185	2.90320743682088e-05	2.96346538615446e-05
67000	0.73483402591806	3.01592944870256e-05	3.12814972142703e-05	0.729657740019085	3.0382676147382e-05	3.1473204666482e-05
68000	0.734106473358574	2.98607750792625e-05	3.05883276387478e-05	0.728964385754302	2.97523009203681e-05	3.0445655185151e-05
69000	0.733444608612676	2.89969834087481e-05	2.96588481546465e-05	0.728248868778281	2.89974759134423e-05	2.97129928894635e-05
70000	0.732788561578477	3.04420845261181e-05	3.10981315603164e-05	0.727611290670114	3.0371687136393e-05	3.10092652445594e-05
71000	0.732269800227783	2.99294794841013e-05	3.04482408347954e-05	0.727088743189583	2.99116569704805e-05	3.04342044510111e-05
72000	0.730988333795056	2.81136146766399e-05	2.93950811093668e-05	0.725917536245267	2.7941792101456e-05	2.91129990457722e-05
73000	0.729852402499461	2.72365869424693e-05	2.83725182380645e-05	0.724862775879583	2.72538246067657e-05	2.83085849724505e-05
74000	0.728760180995475	2.83932034352202e-05	2.94854249392064e-05	0.723887308769662	2.82647828362114e-05	2.92402499461323e-05
75000	0.727917813279158	2.66961861667744e-05	2.75385538830917e-05	0.723096007633823	2.64537507310617e-05	2.72450518669006e-05
76000	0.72720023393973	2.79024532890079e-05	2.8620032628436e-05	0.722417028349801	2.774949979992e-05	2.84284790839413e-05
77000	0.72635057099763	2.67936713146797e-05	2.76433342567797e-05	0.721627173946502	2.68451688367655e-05	2.76350232400653e-05
78000	0.725696155385231	2.96834733893557e-05	3.03378890017546e-05	0.720885985163296	2.92425277803429e-05	2.99837165635485e-05
79000	0.724643949887647	2.70531597254286e-05	2.81053652230124e-05	0.71992701696063	2.66706067042202e-05	2.76295749068858e-05
80000	0.723677163172961	2.89402530242866e-05	2.99070397389725e-05	0.719093514328808	2.88223904946594e-05	2.96558931264814e-05
81000	0.722870994551667	3.01455351371318e-05	3.09517037584264e-05	0.71833111706221	2.98643765198387e-05	3.06267737864377e-05
82000	0.721933696555545	2.97495613630067e-05	3.06868593591283e-05	0.717520608243297	2.95891279588759e-05	3.0399636777788e-05
83000	0.721112106381014	2.82201803798443e-05	2.90417705543757e-05	0.716812109459168	2.78913719333887e-05	2.85998707175178e-05
84000	0.72019260011697	2.72952565641641e-05	2.82147628282082e-05	0.715934620001847	2.70852956567243e-05	2.79627851140456e-05
85000	0.719131775787238	2.95133745806015e-05	3.05741989103334e-05	0.714997475913442	2.9127558715794e-05	3.00647028041986e-05
86000	0.718640317665528	2.65140209930125e-05	2.70054791147228e-05	0.714462985194078	2.64503955428325e-05	2.69848862621972e-05
87000	0.717677994274633	2.98312247976114e-05	3.07935481885062e-05	0.713728537568874	2.96211715455413e-05	3.03556191707452e-05
88000	0.716621510142519	2.75044787145627e-05	2.85609628466771e-05	0.712747929941207	2.73768276541386e-05	2.8357435281805e-05
89000	0.71582066672823	2.85143903715332e-05	2.93152337858221e-05	0.712042078369809	2.83612521931849e-05	2.90671037645827e-05
90000	0.714810785852803	2.82970726752239e-05	2.9306953550651e-05	0.711166959091329	2.81073660233324e-05	2.8982485301813e-05
91000	0.714080001231262	2.82936867054514e-05	2.90244713269923e-05	0.71052436359159	2.83894788684705e-05	2.90320743682088e-05
92000	0.713202850370918	2.92821436266814e-05	3.01592944870256e-05	0.709695355065103	2.95536676208944e-05	3.0382676147382e-05
93000	0.71259343737495	2.92513620832949e-05	2.98607750792625e-05	0.709163757810817	2.92207036660818e-05	2.97523009203681e-05
94000	0.712212608120171	2.86161541539693e-05	2.89969834087481e-05	0.708840674731431	2.86743928340567e-05	2.89974759134423e-05
95000	0.711507864684335	2.97373410902823e-05	3.04420845261181e-05	0.708199156585711	2.97301689906732e-05	3.0371687136393e-05
96000	0.710986671591714	2.94082863914797e-05	2.99294794841013e-05	0.707702311693908	2.94148120786776e-05	2.99116569704805e-05
97000	0.710331886600794	2.74588296857204e-05	2.81136146766399e-05	0.707107242897159	2.73467233047065e-05	2.7941792101456e-05
98000	0.709599655246714	2.65043555883892e-05	2.72365869424693e-05	0.70638747806815	2.65340597777572e-05	2.72538246067657e-05
99000	0.708696493982208	2.74900421707144e-05	2.83932034352202e-05	0.705557453750731	2.74347585187922e-05	2.82647828362114e-05
100000	0.708096869517038	2.60965617016037e-05	2.66961861667744e-05	0.705080616862129	2.59769138424601e-05	2.64537507310617e-05
101000	0.707246529380983	2.70521131529535e-05	2.79024532890079e-05	0.704287499615231	2.69563825530212e-05	2.774949979992e-05
102000	0.706342136854742	2.58892787884385e-05	2.67936713146797e-05	0.703379998153107	2.59376673746422e-05	2.68451688367655e-05
103000	0.705568473543263	2.89098100778773e-05	2.96834733893557e-05	0.702673223135408	2.85357527626435e-05	2.92425277803429e-05
104000	0.704546680210546	2.60313663927109e-05	2.70531597254286e-05	0.701740880967772	2.57382645365839e-05	2.66706067042202e-05
105000	0.70357253670699	2.79661095207314e-05	2.89402530242866e-05	0.700814664327269	2.7896173854157e-05	2.88223904946594e-05
106000	0.702566595869117	2.91395942992582e-05	3.01455351371318e-05	0.699904115492351	2.89538276849201e-05	2.98643765198387e-05
107000	0.701841505833102	2.90244713269923e-05	2.97495613630067e-05	0.699226706067042	2.89117185335673e-05	2.95891279588759e-05
108000	0.700912057130544	2.72907316772863e-05	2.82201803798443e-05	0.698260442638594	2.69251085049404e-05	2.78913719333887e-05
109000	0.700289377289377	2.66725767229969e-05	2.72952565641641e-05	0.697731369470865	2.65562224889956e-05	2.70852956567243e-05
110000	0.699798165420014	2.90221627112383e-05	2.95133745806015e-05	0.697305660725829	2.87018499707575e-05	2.9127558715794e-05
111000	0.699321082279065	2.60369378520639e-05	2.65140209930125e-05	0.696833471850279	2.59782066672823e-05	2.64503955428325e-05
112000	0.698474282020501	2.89844245390464e-05	2.98312247976114e-05	0.696072675223936	2.88603749191984e-05	2.96211715455413e-05
113000	0.697875150060024	2.69053467540863e-05	2.75044787145627e-05	0.695497645211931	2.68017976421338e-05	2.73768276541386e-05
114000	0.696980299812233	2.76195401237418e-05	2.85143903715332e-05	0.694785052482532	2.76486594637855e-05	2.83612521931849e-05
115000	0.696247760642719	2.756453350571e-05	2.82970726752239e-05	0.694100686428417	2.74229999692184e-05	2.81073660233324e-05
116000	0.695725120817558	2.77710468802905e-05	2.82936867054514e-05	0.693576230492197	2.78650229322498e-05	2.83894788684705e-05
117000	0.694888355342137	2.84453781512605e-05	2.92821436266814e-05	0.692894911810878	2.88723489395759e-05	2.95536676208944e-05
118000	0.694238495398159	2.86015021393172e-05	2.92513620832949e-05	0.692265521593253	2.85913134484563e-05	2.92207036660818e-05
119000	0.693577030812325	2.79546895681349e-05	2.86161541539693e-05	0.691688921722535	2.80977929633392e-05	2.86743928340567e-05
120000	0.693177701849971	2.93380121279281e-05	2.97373410902823e-05	0.69131421799489	2.93554652630283e-05	2.97301689906732e-05
121000	0.692315141441192	2.85457259827007e-05	2.94082863914797e-05	0.690535660418013	2.86362545018007e-05	2.94148120786776e-05
122000	0.691772370486656	2.69160587311848e-05	2.74588296857204e-05	0.690124480561455	2.69355434481485e-05	2.73467233047065e-05
123000	0.6909709114415	2.57028965432327e-05	2.65043555883892e-05	0.689410441099517	2.58200203158186e-05	2.65340597777572e-05
124000	0.689975343983747	2.64944747129621e-05	2.74900421707144e-05	0.688474466709761	2.64987841290362e-05	2.74347585187922e-05
125000	0.6892657678456	2.53869855634562e-05	2.60965617016037e-05	0.687902699541355	2.54051466740543e-05	2.59769138424601e-05
126000	0.688517591652045	2.63039369593991e-05	2.70521131529535e-05	0.687143503555268	2.61971865669345e-05	2.69563825530212e-05
127000	0.687784529196294	2.51562163326869e-05	2.58892787884385e-05	0.686534798534798	2.53289623541725e-05	2.59376673746422e-05
128000	0.687091451965402	2.8216732846985e-05	2.89098100778773e-05	0.685877366331148	2.78783205589928e-05	2.85357527626435e-05
129000	0.686380644565519	2.53205589928279e-05	2.60313663927109e-05	0.685227260134823	2.50881583402592e-05	2.57382645365839e-05
130000	0.685537938252224	2.71234032074368e-05	2.79661095207314e-05	0.684432634592298	2.71015483116324e-05	2.7896173854157e-05
131000	0.684584541508911	2.81861975559455e-05	2.91395942992582e-05	0.683549419767907	2.80706128605288e-05	2.89538276849201e-05
132000	0.683804013913258	2.82439437313387e-05	2.90244713269923e-05	0.682810016314218	2.81723150798781e-05	2.89117185335673e-05
133000	0.682942715547758	2.64294333117863e-05	2.72907316772863e-05	0.682070489734355	2.61855819250777e-05	2.69251085049404e-05
134000	0.682400406316373	2.6130267491612e-05	2.66725767229969e-05	0.681521962631206	2.60076953858466e-05	2.65562224889956e-05
135000	0.681931634192138	2.85533905870041e-05	2.90221627112383e-05	0.681154400221627	2.83342875611783e-05	2.87018499707575e-05
136000	0.681577400190846	2.56827038507711e-05	2.60369378520639e-05	0.680846707913935	2.567051435959e-05	2.59782066672823e-05
137000	0.680865453873857	2.82724782220581e-05	2.89844245390464e-05	0.68009043617447	2.81041031797334e-05	2.88603749191984e-05
138000	0.680430418321175	2.64703112014037e-05	2.69053467540863e-05	0.679702927324776	2.64142887924401e-05	2.68017976421338e-05
139000	0.679792316926771	2.69814387293379e-05	2.76195401237418e-05	0.679103333641149	2.70490657801582e-05	2.76486594637855e-05
140000	0.679386154461785	2.7158371040724e-05	2.756453350571e-05	0.678685197155785	2.7004863483855e-05	2.74229999692184e-05
141000	0.678898913411518	2.72838058300243e-05	2.77710468802905e-05	0.678108812755872	2.7288638532336e-05	2.78650229322498e-05
142000	0.67822322775264	2.77696924923816e-05	2.84453781512605e-05	0.677595038015206	2.83585741989104e-05	2.88723489395759e-05
143000	0.677200911133684	2.7579185520362e-05	2.86015021393172e-05	0.676632560716594	2.76288361498446e-05	2.85913134484563e-05
144000	0.676630990857882	2.73847692923324e-05	2.79546895681349e-05	0.676112568104165	2.75778003509096e-05	2.80977929633392e-05
145000	0.676054452550251	2.87614738202973e-05	2.93380121279281e-05	0.6756013482316	2.88442453904639e-05	2.93554652630283e-05
146000	0.675328192815588	2.78194662480377e-05	2.85457259827007e-05	0.674973835688121	2.80087419583218e-05	2.86362545018007e-05
147000	0.675253362883615	2.6841228799212e-05	2.69160587311848e-05	0.674906054729584	2.68677624896112e-05	2.69355434481485e-05
148000	0.674313171422415	2.47627050820328e-05	2.57028965432327e-05	0.674022870686736	2.49368362729707e-05	2.58200203158186e-05
149000	0.673674946901838	2.58562501923846e-05	2.64944747129621e-05	0.673385354141657	2.58612675839566e-05	2.64987841290362e-05
150000	0.672998553267461	2.47105919290793e-05	2.53869855634562e-05	0.672819835626558	2.48396281589559e-05	2.54051466740543e-05
151000	0.672361498445532	2.56668821374703e-05	2.63039369593991e-05	0.672233170191153	2.56105211315295e-05	2.61971865669345e-05
152000	0.671831286360698	2.4626004247853e-05	2.51562163326869e-05	0.671858897405116	2.4954689568135e-05	2.53289623541725e-05
153000	0.671081017022193	2.74664635084803e-05	2.8216732846985e-05	0.671184135192539	2.72035583464155e-05	2.78783205589928e-05
154000	0.670153815372303	2.43933573429371e-05	2.53205589928279e-05	0.670412872841444	2.43168959891649e-05	2.50881583402592e-05
155000	0.669221811801644	2.61913996367778e-05	2.71234032074368e-05	0.669566318835226	2.62549943054145e-05	2.71015483116324e-05
156000	0.66843709791609	2.74014836703912e-05	2.81861975559455e-05	0.668830947763721	2.73352417890233e-05	2.80706128605288e-05
157000	0.667804475636408	2.76113214516576e-05	2.82439437313387e-05	0.668273894173054	2.76152614892111e-05	2.81723150798781e-05
158000	0.667250838797057	2.58757964724351e-05	2.64294333117863e-05	0.667829347123465	2.57410348754887e-05	2.61855819250777e-05
159000	0.66644691722843	2.53263459229846e-05	2.6130267491612e-05	0.667073290854803	2.52516391171854e-05	2.60076953858466e-05
160000	0.665926124295872	2.80325976544464e-05	2.85533905870041e-05	0.666582910087112	2.78439067934866e-05	2.83342875611783e-05
161000	0.665532890079109	2.52894696340074e-05	2.56827038507711e-05	0.666219995690584	2.53075999630621e-05	2.567051435959e-05
162000	0.664717979499492	2.74575676424416e-05	2.82724782220581e-05	0.665466863668544	2.73509711576939e-05	2.81041031797334e-05
163000	0.664138640071413	2.58909717733247e-05	2.64703112014037e-05	0.664933511866285	2.58809369901807e-05	2.64142887924401e-05
164000	0.663599285868193	2.64420845261181e-05	2.69814387293379e-05	0.664463785514206	2.65793394280789e-05	2.70490657801582e-05
165000	0.663128235909749	2.66873210822791e-05	2.7158371040724e-05	0.664097792963339	2.66388709329885e-05	2.7004863483855e-05
166000	0.662599655246714	2.67552251669898e-05	2.72838058300243e-05	0.663536891679749	2.67277372487457e-05	2.7288638532336e-05
167000	0.662165358451073	2.73353956967402e-05	2.77696924923816e-05	0.663178686859359	2.80003693785206e-05	2.83585741989104e-05
168000	0.661293932957798	2.67077600270878e-05	2.7579185520362e-05	0.662383014744359	2.68331640348447e-05	2.76288361498446e-05
169000	0.660407978576046	2.64988149105796e-05	2.73847692923324e-05	0.661560408778896	2.67551943854465e-05	2.75778003509096e-05
170000	0.659394065318435	2.77475605626866e-05	2.87614738202973e-05	0.660546464739742	2.78303013513098e-05	2.88442453904639e-05
171000	0.659171360852033	2.75967617816357e-05	2.78194662480377e-05	0.660412995967618	2.78752731861976e-05	2.80087419583218e-05
172000	0.658912488072152	2.65823560193308e-05	2.6841228799212e-05	0.660144950287807	2.65997168098008e-05	2.68677624896112e-05
173000	0.658114661249115	2.39648782589959e-05	2.47627050820328e-05	0.659369132268292	2.41610182534552e-05	2.49368362729707e-05
174000	0.657428325176224	2.51699141194939e-05	2.58562501923846e-05	0.658766521993413	2.52586573090775e-05	2.58612675839566e-05
175000	0.656890171453197	2.41724382060516e-05	2.47105919290793e-05	0.658275156216333	2.43482623818758e-05	2.48396281589559e-05
176000	0.65637938252224	2.51560932065134e-05	2.56668821374703e-05	0.657845692123003	2.51810570381999e-05	2.56105211315295e-05
177000	0.655975713362268	2.42223350878813e-05	2.4626004247853e-05	0.65747600578693	2.45850032320621e-05	2.4954689568135e-05
178000	0.655282543786745	2.67732939329579e-05	2.74664635084803e-05	0.65700972696771	2.67372795271955e-05	2.72035583464155e-05
179000	0.654570289654323	2.3681103210515e-05	2.43933573429371e-05	0.656402530242866	2.37096992643211e-05	2.43168959891649e-05
180000	0.653753901560624	2.53750115430787e-05	2.61913996367778e-05	0.655705359066704	2.55578231292517e-05	2.62549943054145e-05
181000	0.653163573121556	2.68111552313233e-05	2.74014836703912e-05	0.655129374826854	2.67592575491735e-05	2.73352417890233e-05
182000	0.65266297288146	2.71107212115615e-05	2.76113214516576e-05	0.654615476960015	2.7101363622372e-05	2.76152614892111e-05
183000	0.652124696032259	2.53375196232339e-05	2.58757964724351e-05	0.654130144365438	2.52557022809124e-05	2.57410348754887e-05
184000	0.651454581832733	2.46562317234586e-05	2.53263459229846e-05	0.653514236463816	2.46357312155631e-05	2.52516391171854e-05
185000	0.650810077877305	2.73880936990181e-05	2.80325976544464e-05	0.652938837073291	2.72685074029612e-05	2.78439067934866e-05
186000	0.65014815156832	2.46275433250223e-05	2.52894696340074e-05	0.652341182626897	2.47099455166682e-05	2.53075999630621e-05
187000	0.649296457044356	2.66058731184781e-05	2.74575676424416e-05	0.65160325668729	2.66130452180872e-05	2.73509711576939e-05
188000	0.648487487302613	2.50820020315818e-05	2.58909717733247e-05	0.650845415089113	2.51230953920029e-05	2.58809369901807e-05
189000	0.648012989811309	2.59675870348139e-05	2.64420845261181e-05	0.650460615015237	2.61945393542032e-05	2.65793394280789e-05
190000	0.647831409486872	2.65057407578416e-05	2.66873210822791e-05	0.650404500261643	2.65827561793949e-05	2.66388709329885e-05
191000	0.64736583864315	2.62896543232677e-05	2.67552251669898e-05	0.650049650629483	2.63728876165851e-05	2.67277372487457e-05
192000	0.646907932403731	2.68774894573213e-05	2.73353956967402e-05	0.649668575122357	2.76192938713947e-05	2.80003693785206e-05
193000	0.646264351894604	2.6064179517961e-05	2.67077600270878e-05	0.649050727983501	2.62153168959892e-05	2.68331640348447e-05
194000	0.645519038384585	2.57535014005602e-05	2.64988149105796e-05	0.648362421891834	2.60668882937791e-05	2.67551943854465e-05
195000	0.644572782959338	2.68013051374396e-05	2.77475605626866e-05	0.647468926031951	2.69368054914273e-05	2.78303013513098e-05
196000	0.644426970788315	2.74509496106135e-05	2.75967617816357e-05	0.647335641949087	2.77419891033337e-05	2.78752731861976e-05
197000	0.644023209283713	2.6178594514729e-05	2.65823560193308e-05	0.646860528826915	2.61246036876289e-05	2.65997168098008e-05
198000	0.643267306922769	2.32089758980515e-05	2.39648782589959e-05	0.646119493951427	2.34199833779666e-05	2.41610182534552e-05
199000	0.642914704343276	2.48173115400006e-05	2.51699141194939e-05	0.64572850678733	2.4867670144981e-05	2.52586573090775e-05
200000	0.642437005571459	2.36947394342353e-05	2.41724382060516e-05	0.645270354295564	2.38901098901099e-05	2.43482623818758e-05
201000	0.641909533043987	2.46286206790408e-05	2.51560932065134e-05	0.644708406439499	2.46191091821344e-05	2.51810570381999e-05
202000	0.641471788715486	2.37845907593807e-05	2.42223350878813e-05	0.644284205990088	2.41608027826515e-05	2.45850032320621e-05
203000	0.640953365961769	2.62548711792409e-05	2.67732939329579e-05	0.643857789269554	2.63108628066612e-05	2.67372795271955e-05
204000	0.640133407209037	2.28611444577831e-05	2.3681103210515e-05	0.64307526087358	2.29271708683474e-05	2.37096992643211e-05
205000	0.639697140394619	2.49387447286607e-05	2.53750115430787e-05	0.64263188352264	2.51144457783113e-05	2.55578231292517e-05
206000	0.639066303444455	2.61803182811586e-05	2.68111552313233e-05	0.642021393172654	2.61487671991874e-05	2.67592575491735e-05
207000	0.638639086403792	2.66835041708991e-05	2.71107212115615e-05	0.641498353187429	2.65783236371472e-05	2.7101363622372e-05
208000	0.637897712931326	2.4596146150768e-05	2.53375196232339e-05	0.640804660325669	2.45620094191523e-05	2.52557022809124e-05
209000	0.637397081909687	2.41556007018192e-05	2.46562317234586e-05	0.64030621479361	2.41372856835042e-05	2.46357312155631e-05
210000	0.636827069289254	2.68180810785853e-05	2.73880936990181e-05	0.639965678579124	2.69279711884754e-05	2.72685074029612e-05
211000	0.63602290146828	2.38233755040478e-05	2.46275433250223e-05	0.639113091390402	2.38573583279466e-05	2.47099455166682e-05
212000	0.635231446424724	2.58144180749223e-05	2.66058731184781e-05	0.638378859236002	2.58788130636871e-05	2.66130452180872e-05
213000	0.634560685812787	2.44112414196448e-05	2.50820020315818e-05	0.637710530365993	2.44547665219934e-05	2.51230953920029e-05
214000	0.634159756210176	2.55666574322036e-05	2.59675870348139e-05	0.637303967740943	2.57879767291533e-05	2.61945393542032e-05
215000	0.634059377597193	2.64053621448579e-05	2.65057407578416e-05	0.637212608120171	2.64913965586235e-05	2.65827561793949e-05
216000	0.633580108966664	2.58103856927387e-05	2.62896543232677e-05	0.636868655154369	2.60289346507834e-05	2.63728876165851e-05
217000	0.633045649028842	2.63430295195001e-05	2.68774894573213e-05	0.636321420876043	2.70720595930681e-05	2.76192938713947e-05
218000	0.632374765290732	2.53932957798504e-05	2.6064179517961e-05	0.63575941145689	2.56533074768369e-05	2.62153168959892e-05
219000	0.631917967186875	2.52967032967033e-05	2.57535014005602e-05	0.635210638101394	2.5518114938283e-05	2.60668882937791e-05
220000	0.631390217625512	2.62735555760766e-05	2.68013051374396e-05	0.634785575768769	2.6511743158802e-05	2.69368054914273e-05
221000	0.631147474374365	2.72082063594668e-05	2.74509496106135e-05	0.63457007418352	2.75264875180842e-05	2.77419891033337e-05
222000	0.630689137193339	2.57202573337027e-05	2.6178594514729e-05	0.634153876935389	2.57084064394988e-05	2.61246036876289e-05
223000	0.629956259426848	2.24760981315603e-05	2.32089758980515e-05	0.633378089697417	2.26441961399945e-05	2.34199833779666e-05
224000	0.629307446055345	2.41684981684981e-05	2.48173115400006e-05	0.632736509988611	2.42260904361744e-05	2.4867670144981e-05
225000	0.628777972727553	2.31652661064426e-05	2.36947394342353e-05	0.632296610952073	2.34502108535722e-05	2.38901098901099e-05
226000	0.628233939729738	2.40845876812263e-05	2.46286206790408e-05	0.631762889771293	2.40853880013544e-05	2.46191091821344e-05
227000	0.627866777480223	2.34174285098654e-05	2.37845907593807e-05	0.631401791485825	2.37997044971835e-05	2.41608027826515e-05
228000	0.62732566872903	2.57137624280481e-05	2.62548711792409e-05	0.630908640379229	2.58177117000647e-05	2.63108628066612e-05
229000	0.626515529288639	2.20510050173916e-05	2.28611444577831e-05	0.630180595315049	2.21991258041678e-05	2.29271708683474e-05
230000	0.626015021393173	2.44382368331948e-05	2.49387447286607e-05	0.629723027672607	2.46568781358698e-05	2.51144457783113e-05
231000	0.625613568504325	2.57788653923108e-05	2.61803182811586e-05	0.629392557022809	2.5818296549389e-05	2.61487671991874e-05
232000	0.62521205405239	2.62819897189645e-05	2.66835041708991e-05	0.629152214732047	2.63379813463847e-05	2.65783236371472e-05
233000	0.62431240188383	2.36964939822082e-05	2.4596146150768e-05	0.628320374303568	2.37301689906732e-05	2.45620094191523e-05
234000	0.624133591898298	2.39767907162865e-05	2.41556007018192e-05	0.628117277680303	2.39341890602395e-05	2.41372856835042e-05
235000	0.623844645550528	2.65291347308154e-05	2.68180810785853e-05	0.627867269984917	2.66779634930896e-05	2.69279711884754e-05
236000	0.623252747252747	2.32314772062671e-05	2.38233755040478e-05	0.627308954350971	2.32990426940007e-05	2.38573583279466e-05
237000	0.622596515529289	2.51581863514637e-05	2.58144180749223e-05	0.626701111213716	2.52709699264321e-05	2.58788130636871e-05
238000	0.621953796903377	2.37685227937329e-05	2.44112414196448e-05	0.626051005017392	2.38046603256687e-05	2.44547665219934e-05
239000	0.621575707205959	2.51885677347862e-05	2.55666574322036e-05	0.625658725028473	2.53956967402346e-05	2.57879767291533e-05
240000	0.621462000184689	2.62916551235879e-05	2.64053621448579e-05	0.625471634807769	2.63043063379198e-05	2.64913965586235e-05
241000	0.621172068827531	2.55204543355804e-05	2.58103856927387e-05	0.625293563579278	2.5850863422292e-05	2.60289346507834e-05
242000	0.620598947271216	2.57699079631852e-05	2.63430295195001e-05	0.624668051836119	2.64465478499092e-05	2.70720595930681e-05
243000	0.619804721888755	2.45990703973897e-05	2.53932957798504e-05	0.624106473358574	2.5091728999292e-05	2.56533074768369e-05
244000	0.61926949241235	2.47614738202974e-05	2.52967032967033e-05	0.623634930895435	2.50465724751439e-05	2.5518114938283e-05
245000	0.619107550712593	2.61116138763197e-05	2.62735555760766e-05	0.623502693385046	2.63795056484132e-05	2.6511743158802e-05
246000	0.618569181518761	2.66698371656355e-05	2.72082063594668e-05	0.622991073352418	2.70148674854557e-05	2.75264875180842e-05
247000	0.618270754455628	2.54218302705698e-05	2.57202573337027e-05	0.622725520977622	2.54428540647028e-05	2.57084064394988e-05
248000	0.617708406439499	2.19137501154308e-05	2.24760981315603e-05	0.622166189552744	2.20848647151169e-05	2.26441961399945e-05
249000	0.616894450087727	2.33545418167267e-05	2.41684981684981e-05	0.621478499091945	2.35383999753748e-05	2.42260904361744e-05
250000	0.616234801612953	2.25056176316681e-05	2.31652661064426e-05	0.620856127066211	2.28278388278388e-05	2.34502108535722e-05
