Distance from Center (cmd=annotatePeaks.pl /expanse/lustre/projects/csd940/ctea/homer/homer_scripts/reference_peaks/H3K27ac.bed mm10 -size 500000 -hist 1000 -bedGraph /expanse/lustre/projects/csd940/ctea/homer/bwt2_bam/tags/ctrl_M1/tagdirs/tagdirs.25x50kb.PC1.bedGraph /expanse/lustre/projects/csd940/ctea/homer/bwt2_bam/tags/mut_M1/tagdirs/tagdirs.25x50kb.PC1.bedGraph)	/expanse/lustre/projects/csd940/ctea/homer/bwt2_bam/tags/ctrl_M1/tagdirs/tagdirs.25x50kb.PC1.bedGraph Coverage	/expanse/lustre/projects/csd940/ctea/homer/bwt2_bam/tags/ctrl_M1/tagdirs/tagdirs.25x50kb.PC1.bedGraph + Tags	/expanse/lustre/projects/csd940/ctea/homer/bwt2_bam/tags/ctrl_M1/tagdirs/tagdirs.25x50kb.PC1.bedGraph - Tags	/expanse/lustre/projects/csd940/ctea/homer/bwt2_bam/tags/mut_M1/tagdirs/tagdirs.25x50kb.PC1.bedGraph Coverage	/expanse/lustre/projects/csd940/ctea/homer/bwt2_bam/tags/mut_M1/tagdirs/tagdirs.25x50kb.PC1.bedGraph + Tags	/expanse/lustre/projects/csd940/ctea/homer/bwt2_bam/tags/mut_M1/tagdirs/tagdirs.25x50kb.PC1.bedGraph - Tags
-250000	0.766910472521004	3.37596189864612e-05	3.27097447423342e-05	0.747515224487612	3.25063948199283e-05	3.169732969444e-05
-249000	0.768090704768021	3.33604644940333e-05	3.21802322470166e-05	0.74860089902071	3.24500989993043e-05	3.13644244662065e-05
-248000	0.769302991384385	3.21333012254508e-05	3.09210146090865e-05	0.749777706426928	3.15249638786322e-05	3.0348156472414e-05
-247000	0.770493337614384	3.08375876277626e-05	2.96472413977632e-05	0.750987424412693	2.98438486648472e-05	2.86341306790817e-05
-246000	0.771952426820784	3.11501043506181e-05	2.96910151442179e-05	0.752364959597581	3.03643174399315e-05	2.89867822550436e-05
-245000	0.773391395087494	2.93699363193665e-05	2.7930968052657e-05	0.75368122224006	2.83602504414834e-05	2.70439877990047e-05
-244000	0.774086370203885	3.23850805372719e-05	3.16901054208808e-05	0.754411516027185	3.21822657462407e-05	3.14519719591159e-05
-243000	0.775198159148071	3.13879167335581e-05	3.02761277893723e-05	0.755399422058115	3.07540536201638e-05	2.97661475892332e-05
-242000	0.77619457376786	3.12186011665865e-05	3.02221865467973e-05	0.756267565687376	3.00227430834269e-05	2.9154599454166e-05
-241000	0.777311178894419	3.12561673890941e-05	3.01395622625355e-05	0.75726430138599	3.03551131802858e-05	2.93583774816718e-05
-240000	0.778051907743351	3.07103333868464e-05	2.9969604537914e-05	0.757907850377268	3.00132712580939e-05	2.93697222668165e-05
-239000	0.779311606999518	3.0602183336009e-05	2.93424840798416e-05	0.759035853802108	2.98608658425644e-05	2.87328624177236e-05
-238000	0.780387274575908	2.91121100230106e-05	2.80364424466206e-05	0.760092149622732	2.81151067587092e-05	2.70588109380853e-05
-237000	0.781976614758923	3.28391930218869e-05	3.12498528388719e-05	0.761499919730294	3.19289880665703e-05	3.0521217959009e-05
-236000	0.783219617916198	3.33024027398726e-05	3.20593995825975e-05	0.762618718895489	3.26587467223203e-05	3.15399475571253e-05
-235000	0.784006421576497	3.24281586129395e-05	3.16413549526409e-05	0.763375983303901	3.17800074918392e-05	3.1022743083427e-05
-234000	0.785263498688928	3.2477872317654e-05	3.12207952052229e-05	0.764466527532509	3.14566276020763e-05	3.03660833734681e-05
-233000	0.785954139241184	3.17186279231551e-05	3.10279873708996e-05	0.765036763525445	3.0941670680152e-05	3.03714346872157e-05
-232000	0.787085299941136	2.99495906244983e-05	2.88184299245465e-05	0.76612527425483	2.89820195858083e-05	2.78935088564243e-05
-231000	0.788118852678332	3.1464922138385e-05	3.0431369401188e-05	0.767012308021619	3.05580349975919e-05	2.96710012308021e-05
-230000	0.789444212554182	3.16164713437149e-05	3.02911114678654e-05	0.768184352758602	3.04189008401563e-05	2.92468561031733e-05
-229000	0.79055065018462	3.40768983785519e-05	3.29704607481137e-05	0.769293144967089	3.32924492963022e-05	3.21836570878151e-05
-228000	0.791348905656339	3.39163589661262e-05	3.31181034944079e-05	0.77001589340183	3.31687269224594e-05	3.24459784877187e-05
-227000	0.792960507304543	3.08446513619093e-05	2.92330497137048e-05	0.771446834697918	2.98617755659014e-05	2.84308342698132e-05
-226000	0.794202547225344	3.22839942205812e-05	3.10419542997806e-05	0.772675817413175	3.12745759083855e-05	3.00455931931289e-05
-225000	0.795098731738642	3.46558034997592e-05	3.37596189864612e-05	0.7733514207738	3.31819981805533e-05	3.25063948199283e-05
-224000	0.796400117728902	3.46618504842939e-05	3.33604644940333e-05	0.774551452881682	3.36501311071868e-05	3.24500989993043e-05
-223000	0.797791619842671	3.35248033392198e-05	3.21333012254508e-05	0.775814202386686	3.27877133836356e-05	3.15249638786322e-05
-222000	0.798825012040456	3.18709798255471e-05	3.08375876277626e-05	0.776877615454594	3.09072617327554e-05	2.98438486648472e-05
-221000	0.800367153636218	3.26922459463798e-05	3.11501043506181e-05	0.7782424680259	3.17291700112377e-05	3.03643174399315e-05
-220000	0.801805105153315	3.08078878364639e-05	2.93699363193665e-05	0.77956274415369	2.96805265692728e-05	2.83602504414834e-05
-219000	0.802817894793172	3.33978701771286e-05	3.23850805372719e-05	0.780541445924975	3.31609675175256e-05	3.21822657462407e-05
-218000	0.804161609675175	3.27316316155616e-05	3.13879167335581e-05	0.781795954406807	3.2008562101996e-05	3.07540536201638e-05
-217000	0.805424733772141	3.24817252635522e-05	3.12186011665865e-05	0.782815540215123	3.10423288917429e-05	3.00227430834269e-05
-216000	0.806780114518114	3.26115481350671e-05	3.12561673890941e-05	0.783936908010917	3.14764809760796e-05	3.03551131802858e-05
-215000	0.807444319580457	3.13745384491893e-05	3.07103333868464e-05	0.784553646920319	3.06300101674961e-05	3.00132712580939e-05
-214000	0.808801359233692	3.19592229892439e-05	3.0602183336009e-05	0.785716861989618	3.10240809118639e-05	2.98608658425644e-05
-213000	0.809744688821106	3.00554396104244e-05	2.91121100230106e-05	0.786585594263392	2.89838390324824e-05	2.81151067587092e-05
-212000	0.811264568951678	3.43590731524589e-05	3.28391930218869e-05	0.788067801145181	3.34111949483598e-05	3.19289880665703e-05
-211000	0.812600149836785	3.46379836249799e-05	3.33024027398726e-05	0.7894061112003	3.39970567774389e-05	3.26587467223203e-05
-210000	0.813434205597474	3.32622143736287e-05	3.24281586129395e-05	0.790171402579333	3.25452988708728e-05	3.17800074918392e-05
-209000	0.814560282549366	3.36039492695457e-05	3.2477872317654e-05	0.791328196072136	3.26134210948788e-05	3.14566276020763e-05
-208000	0.815689142184406	3.28474875581956e-05	3.17186279231551e-05	0.792393161021031	3.2006635629047e-05	3.0941670680152e-05
-207000	0.817001979986087	3.12624284261786e-05	2.99495906244983e-05	0.793727029485739	3.03158880505164e-05	2.89820195858083e-05
-206000	0.817727618130251	3.21905602825494e-05	3.1464922138385e-05	0.794567934928025	3.1398940439878e-05	3.05580349975919e-05
-205000	0.819326858243699	3.32157114571627e-05	3.16164713437149e-05	0.796064750896345	3.19157168084765e-05	3.04189008401563e-05
-204000	0.820550596671483	3.5300636806336e-05	3.40768983785519e-05	0.797209717985765	3.44374163857227e-05	3.32924492963022e-05
-203000	0.821367795793867	3.47335580885107e-05	3.39163589661262e-05	0.797879274361856	3.38382832985498e-05	3.31687269224594e-05
-202000	0.823305881093809	3.27827366618504e-05	3.08446513619093e-05	0.79967084069139	3.16533418954353e-05	2.98617755659014e-05
-201000	0.824780489110077	3.37586022368492e-05	3.22839942205812e-05	0.801108203563975	3.27119387809707e-05	3.12745759083855e-05
-200000	0.825836142773051	3.57114571627334e-05	3.46558034997592e-05	0.802144003852946	3.42177984695243e-05	3.31819981805533e-05
-199000	0.827231444319581	3.60571520308235e-05	3.46618504842939e-05	0.803390271311607	3.48963985658479e-05	3.36501311071868e-05
-198000	0.828536255150639	3.48296141702788e-05	3.35248033392198e-05	0.804660780221544	3.40582222935731e-05	3.27877133836356e-05
-197000	0.829713169583133	3.30478942580403e-05	3.18709798255471e-05	0.80586584256435	3.21123240755606e-05	3.09072617327554e-05
-196000	0.83103794081447	3.40170171777172e-05	3.26922459463798e-05	0.807090972333708	3.29542997805961e-05	3.17291700112377e-05
-195000	0.832157114571627	3.19270615936212e-05	3.08078878364639e-05	0.808100337132766	3.06898913683309e-05	2.96805265692728e-05
-194000	0.833507251030128	3.47480066356291e-05	3.33978701771286e-05	0.809348370524964	3.44090009097233e-05	3.31609675175256e-05
-193000	0.835114785679884	3.43391662653182e-05	3.27316316155616e-05	0.81084845079467	3.35086423717022e-05	3.2008562101996e-05
-192000	0.836416760314657	3.3783699898325e-05	3.24817252635522e-05	0.812153529191416	3.23474072884893e-05	3.10423288917429e-05
-191000	0.83767464012415	3.38694279445604e-05	3.26115481350671e-05	0.813277465617809	3.26004174024723e-05	3.14764809760796e-05
-190000	0.838893990474662	3.25938887997004e-05	3.13745384491893e-05	0.814515599079574	3.1868143629261e-05	3.06300101674961e-05
-189000	0.840509819660727	3.3575052175309e-05	3.19592229892439e-05	0.815924439449885	3.24329212821748e-05	3.10240809118639e-05
-188000	0.842025204687751	3.15708246374485e-05	3.00554396104244e-05	0.817291272007278	3.03506715898753e-05	2.89838390324824e-05
-187000	0.843495585166158	3.58294536308664e-05	3.43590731524589e-05	0.8186752822818	3.47952052228822e-05	3.34111949483598e-05
-186000	0.844614223791941	3.57566222507626e-05	3.46379836249799e-05	0.819794777117782	3.51165516134211e-05	3.39970567774389e-05
-185000	0.845738213731471	3.43862043131588e-05	3.32622143736287e-05	0.820792262000321	3.35427837534114e-05	3.25452988708728e-05
-184000	0.846842831915235	3.47085674533098e-05	3.36039492695457e-05	0.822006689142184	3.38278482367421e-05	3.26134210948788e-05
-183000	0.84811826403382	3.41229196767806e-05	3.28474875581956e-05	0.823329212821748	3.33291593086102e-05	3.2006635629047e-05
-182000	0.849700701022101	3.28448654144592e-05	3.12624284261786e-05	0.824800824102317	3.17874993310858e-05	3.03158880505164e-05
-181000	0.850532081125916	3.30219403863648e-05	3.21905602825494e-05	0.825650612725424	3.2248729062985e-05	3.1398940439878e-05
-180000	0.852093112859207	3.47767431904532e-05	3.32157114571627e-05	0.827252742548296	3.3517846631348e-05	3.19157168084765e-05
-179000	0.853294268742976	3.65017926901055e-05	3.5300636806336e-05	0.828363033124632	3.55477069620592e-05	3.44374163857227e-05
-178000	0.85426537164874	3.57046609942741e-05	3.47335580885107e-05	0.829106865735538	3.45821159094557e-05	3.38382832985498e-05
-177000	0.856256274415369	3.47736394284797e-05	3.27827366618504e-05	0.83095654733237	3.35030234922673e-05	3.16533418954353e-05
-176000	0.857717664686681	3.52199925081608e-05	3.37586022368492e-05	0.832419221918981	3.41746133675817e-05	3.27119387809707e-05
-175000	0.859211697971852	3.7205490447905e-05	3.57114571627334e-05	0.83386413014395	3.56627066944935e-05	3.42177984695243e-05
-174000	0.860875260876545	3.77207149355167e-05	3.60571520308235e-05	0.83547054101782	3.65028094397175e-05	3.48963985658479e-05
-173000	0.862203724514368	3.61580778081019e-05	3.48296141702788e-05	0.836694547011291	3.52822282870445e-05	3.40582222935731e-05
-172000	0.863748862845829	3.45930325895008e-05	3.30478942580403e-05	0.838126826135816	3.35446032000856e-05	3.21123240755606e-05
-171000	0.864978969336972	3.52471236688607e-05	3.40170171777172e-05	0.839227751913095	3.40552255578744e-05	3.29542997805961e-05
-170000	0.866115588376947	3.30636806335956e-05	3.19270615936212e-05	0.840296997912988	3.17591373682239e-05	3.06898913683309e-05
-169000	0.867835072510301	3.64674907689838e-05	3.47480066356291e-05	0.841791780382084	3.59037833788195e-05	3.44090009097233e-05
-168000	0.869694332958741	3.61984267137582e-05	3.43391662653182e-05	0.843592229892439	3.53090918820571e-05	3.35086423717022e-05
-167000	0.871131856370739	3.52212233103227e-05	3.3783699898325e-05	0.845095681489806	3.38508588858565e-05	3.23474072884893e-05
-166000	0.872302081661048	3.50396532348691e-05	3.38694279445604e-05	0.846193342965698	3.36980788783646e-05	3.26004174024723e-05
-165000	0.873997645421951	3.42894525606036e-05	3.25938887997004e-05	0.847745598544443	3.34203992080056e-05	3.1868143629261e-05
-164000	0.875904372023332	3.54817787766897e-05	3.3575052175309e-05	0.849572804623535	3.42601273612672e-05	3.24329212821748e-05
-163000	0.877551559907957	3.32180125220742e-05	3.15708246374485e-05	0.851091614491358	3.18694814576979e-05	3.03506715898753e-05
-162000	0.879194038636485	3.74719323593942e-05	3.58294536308664e-05	0.852608979504468	3.63125702359929e-05	3.47952052228822e-05
-161000	0.880566008455076	3.71285920693531e-05	3.57566222507626e-05	0.853816931556697	3.63245036656499e-05	3.51165516134211e-05
-160000	0.881975758548724	3.57959544068069e-05	3.43862043131588e-05	0.855213463905389	3.49393161021031e-05	3.35427837534114e-05
-159000	0.883727350564564	3.64601594691497e-05	3.47085674533098e-05	0.856836517365013	3.54509016963665e-05	3.38278482367421e-05
-158000	0.885130090437202	3.55256595494195e-05	3.41229196767806e-05	0.858174559854444	3.46672017980414e-05	3.33291593086102e-05
-157000	0.886860651790014	3.45754267672714e-05	3.28448654144592e-05	0.859740086691283	3.33530261679243e-05	3.17874993310858e-05
-156000	0.888201369936319	3.43626585326698e-05	3.30219403863648e-05	0.861073955155991	3.3582597527693e-05	3.2248729062985e-05
-155000	0.889897682881147	3.64730561352812e-05	3.47767431904532e-05	0.862742869374431	3.51867608497886e-05	3.3517846631348e-05
-154000	0.891579333226307	3.81834430352652e-05	3.65017926901055e-05	0.864431155348638	3.72359929362659e-05	3.55477069620592e-05
-153000	0.892991598437416	3.71169262053834e-05	3.57046609942741e-05	0.865802804088404	3.59537646492214e-05	3.45821159094557e-05
-152000	0.895149622732381	3.69316637234441e-05	3.47736394284797e-05	0.867785679884412	3.54858992882753e-05	3.35030234922673e-05
-151000	0.896689249210681	3.67596189864612e-05	3.52199925081608e-05	0.86927109755445	3.56600310376197e-05	3.41746133675817e-05
-150000	0.898176860919356	3.86931021565795e-05	3.7205490447905e-05	0.870639642532242	3.70312516722855e-05	3.56627066944935e-05
-149000	0.899929469684808	3.94733237009686e-05	3.77207149355167e-05	0.872191362979612	3.80545298870873e-05	3.65028094397175e-05
-148000	0.901709263124097	3.79378712473912e-05	3.61580778081019e-05	0.873836196286188	3.69270615936212e-05	3.52822282870445e-05
-147000	0.903776957243003	3.66607267084069e-05	3.45930325895008e-05	0.875708674479585	3.54170813934821e-05	3.35446032000856e-05
-146000	0.905148070851394	3.66182372772516e-05	3.52471236688607e-05	0.877051426125114	3.53979772034034e-05	3.40552255578744e-05
-145000	0.907023545780489	3.49391555626907e-05	3.30636806335956e-05	0.878904479049607	3.36121902927168e-05	3.17591373682239e-05
-144000	0.908785519344999	3.82294643334939e-05	3.64674907689838e-05	0.880430299138439	3.74296034676513e-05	3.59037833788195e-05
-143000	0.910863059881201	3.82759672499598e-05	3.61984267137582e-05	0.882329854979397	3.7208647723016e-05	3.53090918820571e-05
-142000	0.912641515492053	3.69996789211752e-05	3.52212233103227e-05	0.883978434205598	3.54994381120565e-05	3.38508588858565e-05
-141000	0.914195376464922	3.6593514207738e-05	3.50396532348691e-05	0.885427998073527	3.51476427462942e-05	3.36980788783646e-05
-140000	0.915814684004923	3.59087601006047e-05	3.42894525606036e-05	0.886894097500937	3.4886498635415e-05	3.34203992080056e-05
-139000	0.917707443677423	3.73745384491893e-05	3.54817787766897e-05	0.888705196125649	3.60712259859795e-05	3.42601273612672e-05
-138000	0.919498581901857	3.50091507465082e-05	3.32180125220742e-05	0.890380157328624	3.35444426606732e-05	3.18694814576979e-05
-137000	0.921271525659549	3.92448761170868e-05	3.74719323593942e-05	0.891981591480709	3.79140043880773e-05	3.63125702359929e-05
-136000	0.922884090544229	3.87411569540322e-05	3.71285920693531e-05	0.893585861829079	3.79287740140204e-05	3.63245036656499e-05
-135000	0.924505806175416	3.74176700379944e-05	3.57959544068069e-05	0.895180606838979	3.6534061112003e-05	3.49393161021031e-05
-134000	0.926494889495371	3.84492427891047e-05	3.64601594691497e-05	0.8970546904265	3.73249852838872e-05	3.54509016963665e-05
-133000	0.92817338256542	3.72041526194681e-05	3.55256595494195e-05	0.89857333975491	3.61858511264515e-05	3.46672017980414e-05
-132000	0.930037138117408	3.64391823192594e-05	3.45754267672714e-05	0.90036817038583	3.51478567988441e-05	3.33530261679243e-05
-131000	0.931959437041794	3.62849574570557e-05	3.43626585326698e-05	0.902094504200781	3.53089313426446e-05	3.3582597527693e-05
-130000	0.934197088885321	3.87107079788088e-05	3.64730561352812e-05	0.90411933429657	3.72115909455771e-05	3.51867608497886e-05
-129000	0.936282495852732	4.02688500026757e-05	3.81834430352652e-05	0.906009097233371	3.91257558730669e-05	3.72359929362659e-05
-128000	0.937994541659978	3.88289720126291e-05	3.71169262053834e-05	0.907622999946487	3.75676673623374e-05	3.59537646492214e-05
-127000	0.939709637716059	3.86467597795259e-05	3.69316637234441e-05	0.909236367528228	3.70992668700166e-05	3.54858992882753e-05
-126000	0.941499331085782	3.85493123561834e-05	3.67596189864612e-05	0.910843955691122	3.72676192005137e-05	3.56600310376197e-05
-125000	0.943046342377054	4.02401134478515e-05	3.86931021565795e-05	0.912277305078397	3.84646010595601e-05	3.70312516722855e-05
-124000	0.944685556804195	4.11125381281105e-05	3.94733237009686e-05	0.913821908278482	3.95991330871729e-05	3.80545298870873e-05
-123000	0.94681072403275	4.00630384759459e-05	3.79378712473912e-05	0.915839193021887	3.89443463370258e-05	3.69270615936212e-05
-122000	0.948961952159255	3.8811954834912e-05	3.66607267084069e-05	0.917950767913523	3.7528656285118e-05	3.54170813934821e-05
-121000	0.95080585433724	3.84621394552362e-05	3.66182372772516e-05	0.919667629903141	3.71148391930219e-05	3.53979772034034e-05
-120000	0.953095895542356	3.72291967678065e-05	3.49391555626907e-05	0.921814576978648	3.57591373682239e-05	3.36121902927168e-05
-119000	0.954753357949377	3.98869267405148e-05	3.82294643334939e-05	0.923403810135388	3.90188366243913e-05	3.74296034676513e-05
-118000	0.956672553111789	4.01951624123723e-05	3.82759672499598e-05	0.925087761545459	3.88925991330872e-05	3.7208647723016e-05
-117000	0.958546904264997	3.88740300743832e-05	3.69996789211752e-05	0.926731257023599	3.71429335901963e-05	3.54994381120565e-05
-116000	0.960523840102745	3.85704500454862e-05	3.6593514207738e-05	0.928669395836678	3.70857815593729e-05	3.51476427462942e-05
-115000	0.962078236206989	3.74631562048483e-05	3.59087601006047e-05	0.930238508053727	3.64556108524643e-05	3.4886498635415e-05
-114000	0.964137207684487	3.9433509926687e-05	3.73745384491893e-05	0.932175523090919	3.80082410231712e-05	3.60712259859795e-05
-113000	0.966315459945417	3.71874030074383e-05	3.50091507465082e-05	0.934160057794188	3.55289773639428e-05	3.35444426606732e-05
-112000	0.967971423984588	4.09008401562584e-05	3.92448761170868e-05	0.935682720607909	3.94366672017981e-05	3.79140043880773e-05
-111000	0.970096484186868	4.08662171563119e-05	3.87411569540322e-05	0.93763140150907	3.98774549151817e-05	3.79287740140204e-05
-110000	0.972037245143683	3.93584309948093e-05	3.74176700379944e-05	0.939369080109167	3.82717397120993e-05	3.6534061112003e-05
-109000	0.973816128859635	4.02281265050569e-05	3.84492427891047e-05	0.941103922512977	3.90598276876973e-05	3.73249852838872e-05
-108000	0.975565312784289	3.89533365441216e-05	3.72041526194681e-05	0.942685717343608	3.77676459570824e-05	3.61858511264515e-05
-107000	0.977563546850752	3.84374163857227e-05	3.64391823192594e-05	0.944557927971317	3.70200674265532e-05	3.51478567988441e-05
-106000	0.979428372665489	3.81497832717932e-05	3.62849574570557e-05	0.946188580296463	3.69395836677904e-05	3.53089313426446e-05
-105000	0.981615347567828	4.08976828811473e-05	3.87107079788088e-05	0.948231390806443	3.92544014555574e-05	3.72115909455771e-05
-104000	0.98340038529459	4.20538877294376e-05	4.02688500026757e-05	0.949770749719056	4.06651147856799e-05	3.91257558730669e-05
-103000	0.985347407288489	4.07759940065286e-05	3.88289720126291e-05	0.951531064376304	3.93279820195858e-05	3.75676673623374e-05
-102000	0.987231123240756	4.05304757317921e-05	3.86467597795259e-05	0.953429335901964	3.89975383956761e-05	3.70992668700166e-05
-101000	0.989152244876117	4.0470433991545e-05	3.85493123561834e-05	0.955255471718307	3.90937550168566e-05	3.72676192005137e-05
-100000	0.990873066837909	4.19609354096431e-05	4.02401134478515e-05	0.956884625675603	4.00937550168567e-05	3.84646010595601e-05
-99000	0.992545298870873	4.27847701610745e-05	4.11125381281105e-05	0.958517525552523	4.12320329640927e-05	3.95991330871729e-05
-98000	0.994580778081019	4.20985176860919e-05	4.00630384759459e-05	0.960526890351581	4.09537111360839e-05	3.89443463370258e-05
-97000	0.996801894365067	4.10330711189597e-05	3.8811954834912e-05	0.962727885695938	3.9729651629475e-05	3.7528656285118e-05
-96000	0.99879017498796	4.04504200781292e-05	3.84621394552362e-05	0.964469791833895	3.88567453309788e-05	3.71148391930219e-05
-95000	1.00066254615508	3.9101567934928e-05	3.72291967678065e-05	0.966303954620859	3.75933001551881e-05	3.57591373682239e-05
-94000	1.00273259485204	4.19569754374699e-05	3.98869267405148e-05	0.968274736447798	4.09896184513298e-05	3.90188366243913e-05
-93000	1.00459683202226	4.20593995825976e-05	4.01951624123723e-05	0.970101193342966	4.07190560282549e-05	3.88925991330872e-05
-92000	1.00685936747472	4.11365655268368e-05	3.88740300743832e-05	0.972152726494354	3.9194466741585e-05	3.71429335901963e-05
-91000	1.00923952480334	4.09506073741103e-05	3.85704500454862e-05	0.97441542248622	3.93484775512389e-05	3.70857815593729e-05
-90000	1.01098437416386	3.92080055653663e-05	3.74631562048483e-05	0.976039867287419	3.8080055653663e-05	3.64556108524643e-05
-89000	1.01310707978809	4.15562155509177e-05	3.9433509926687e-05	0.978118531599508	4.00869053352598e-05	3.80082410231712e-05
-88000	1.01516273345106	3.92430566704126e-05	3.71874030074383e-05	0.980176753893081	3.75871996575159e-05	3.55289773639428e-05
-87000	1.01706319901536	4.28013057205544e-05	4.09008401562584e-05	0.981957457055707	4.12173703644244e-05	3.94366672017981e-05
-86000	1.019319580457	4.31225985979558e-05	4.08662171563119e-05	0.983928238882646	4.18482367421202e-05	3.98774549151817e-05
-85000	1.02159126665596	4.16301171937711e-05	3.93584309948093e-05	0.986066463316744	4.04099641461979e-05	3.82717397120993e-05
-84000	1.0240189971638	4.26558570128966e-05	4.02281265050569e-05	0.988344410552791	4.13377749237438e-05	3.90598276876973e-05
-83000	1.02572708299888	4.06614223791941e-05	3.89533365441216e-05	0.990037994327607	3.94612297318992e-05	3.77676459570824e-05
-82000	1.02780649649489	4.0516829881736e-05	3.84374163857227e-05	0.991901375287633	3.88834483865789e-05	3.70200674265532e-05
-81000	1.02952469631294	3.98679830898485e-05	3.81497832717932e-05	0.993499224059507	3.85374324396639e-05	3.69395836677904e-05
-80000	1.03136554824209	4.27385348102959e-05	4.08976828811473e-05	0.995343286776904	4.10984641729545e-05	3.92544014555574e-05
-79000	1.0333251458233	4.40134853106438e-05	4.20538877294376e-05	0.996985497939744	4.23073259485204e-05	4.06651147856799e-05
-78000	1.03548573874886	4.29365869320918e-05	4.07759940065286e-05	0.998957457055707	4.12999411355488e-05	3.93279820195858e-05
-77000	1.0378273666185	4.28721036014342e-05	4.05304757317921e-05	1.00118868732274	4.12287686627067e-05	3.89975383956761e-05
-76000	1.03956729277038	4.22103601434152e-05	4.0470433991545e-05	1.00288441162305	4.07894793171724e-05	3.90937550168566e-05
-75000	1.04164189008402	4.40355327232836e-05	4.19609354096431e-05	1.00484770161075	4.20570450045485e-05	4.00937550168567e-05
-74000	1.04357564081982	4.47185208968802e-05	4.27847701610745e-05	1.00677487023064	4.31592015839889e-05	4.12320329640927e-05
-73000	1.04591223845454	4.44351153208112e-05	4.20985176860919e-05	1.0088647723016	4.30436132070423e-05	4.09537111360839e-05
-72000	1.0484759458447	4.3596778509124e-05	4.10330711189597e-05	1.0111826403382	4.20475196660781e-05	3.9729651629475e-05
-71000	1.05083796221973	4.28124364531493e-05	4.04504200781292e-05	1.01337036442447	4.10444694172419e-05	3.88567453309788e-05
-70000	1.05282014234495	4.10837480601488e-05	3.9101567934928e-05	1.01538834483866	3.96112805693798e-05	3.75933001551881e-05
-69000	1.05510825707711	4.42450901696366e-05	4.19569754374699e-05	1.01748226039493	4.30835340075989e-05	4.09896184513298e-05
-68000	1.05735966179697	4.43108043024563e-05	4.20593995825976e-05	1.01961251137154	4.28493070048697e-05	4.07190560282549e-05
-67000	1.05988398351795	4.36608872478194e-05	4.11365655268368e-05	1.02206378765987	4.16457430299138e-05	3.9194466741585e-05
-66000	1.06236121367796	4.34278375341146e-05	4.09506073741103e-05	1.02437132766094	4.16560175523091e-05	3.93484775512389e-05
-65000	1.06441478032857	4.1261572215979e-05	3.92080055653663e-05	1.02624894311553	3.99576711082571e-05	3.8080055653663e-05
-64000	1.06702879006796	4.41702252903088e-05	4.15562155509177e-05	1.028781238294	4.26192005137261e-05	4.00869053352598e-05
-63000	1.06921292877401	4.14271953764649e-05	3.92430566704126e-05	1.03105110504629	3.98570664098036e-05	3.75871996575159e-05
-62000	1.07175656873763	4.53449456841655e-05	4.28013057205544e-05	1.03355407502542	4.37203403435543e-05	4.12173703644244e-05
-61000	1.07441189061915	4.57779204794777e-05	4.31225985979558e-05	1.03609536041098	4.43895221276823e-05	4.18482367421202e-05
-60000	1.07717156311875	4.43897896933697e-05	4.16301171937711e-05	1.03877369294162	4.30882966768342e-05	4.04099641461979e-05
-59000	1.08024509016964	4.57293840637876e-05	4.26558570128966e-05	1.04171284850431	4.42769304864344e-05	4.13377749237438e-05
-58000	1.08278803446246	4.3204366672018e-05	4.06614223791941e-05	1.04411093273399	4.18593139615775e-05	3.94612297318992e-05
-57000	1.08498576550543	4.2714560924707e-05	4.0516829881736e-05	1.04629881735966	4.10713330122545e-05	3.88834483865789e-05
-56000	1.08721159094558	4.20938085299942e-05	3.98679830898485e-05	1.04842120190507	4.06598169850699e-05	3.85374324396639e-05
-55000	1.08987065874672	4.53976026114411e-05	4.27385348102959e-05	1.05096976507733	4.36470273452132e-05	4.10984641729545e-05
-54000	1.09239733504575	4.65401616096752e-05	4.40134853106438e-05	1.05334494568417	4.46825065553593e-05	4.23073259485204e-05
-53000	1.09506298496281	4.56022368491464e-05	4.29365869320918e-05	1.05593021886873	4.38852143201156e-05	4.12999411355488e-05
-52000	1.09787103333868	4.56801519773105e-05	4.28721036014342e-05	1.05849232086477	4.37908706587468e-05	4.12287686627067e-05
-51000	1.10042318189115	4.47625086958848e-05	4.22103601434152e-05	1.0609254561995	4.3222614651897e-05	4.07894793171724e-05
-50000	1.10343045967785	4.70428105099803e-05	4.40355327232836e-05	1.06368159683202	4.48131856370739e-05	4.20570450045485e-05
-49000	1.10606710547439	4.73551666934233e-05	4.47185208968802e-05	1.06619928292396	4.56768876759244e-05	4.31592015839889e-05
-48000	1.10902220795205	4.73902177984695e-05	4.44351153208112e-05	1.06892326216086	4.57675924439449e-05	4.30436132070423e-05
-47000	1.11219901535827	4.67735859153423e-05	4.3596778509124e-05	1.07189634505271	4.5020602557928e-05	4.20475196660781e-05
-46000	1.11541178359287	4.60252046877509e-05	4.28124364531493e-05	1.0750102745224	4.41583988869267e-05	4.10444694172419e-05
-45000	1.1183557018248	4.40276662920747e-05	4.10837480601488e-05	1.07783443035265	4.24354363996362e-05	3.96112805693798e-05
-44000	1.12131171402579	4.72011023706321e-05	4.42450901696366e-05	1.08054369347675	4.57927971316959e-05	4.30835340075989e-05
-43000	1.12448595280141	4.74850430780757e-05	4.43108043024563e-05	1.08361770214588	4.59233156739979e-05	4.28493070048697e-05
-42000	1.12788831808209	4.70632525284957e-05	4.36608872478194e-05	1.08686835768181	4.48963985658479e-05	4.16457430299138e-05
-41000	1.13147830042275	4.70178198747793e-05	4.34278375341146e-05	1.09022652111093	4.50141809814309e-05	4.16560175523091e-05
-40000	1.13485112645154	4.46343982447691e-05	4.1261572215979e-05	1.09335773532402	4.30888853213464e-05	3.99576711082571e-05
-39000	1.13891245250709	4.82315513458554e-05	4.41702252903088e-05	1.09700866912827	4.62701343179751e-05	4.26192005137261e-05
-38000	1.14266420506234	4.51789479317173e-05	4.14271953764649e-05	1.10050179269011	4.3350189971638e-05	3.98570664098036e-05
-37000	1.14674249478247	4.94232354042918e-05	4.53449456841655e-05	1.10414946219297	4.73680098464173e-05	4.37203403435543e-05
-36000	1.15115962968909	5.01950553860973e-05	4.57779204794777e-05	1.10817546957778	4.84155295124954e-05	4.43895221276823e-05
-35000	1.1554909295232	4.8721089527479e-05	4.43897896933697e-05	1.11211478567988	4.70276127789373e-05	4.30882966768342e-05
-34000	1.16004623535078	5.02846898913683e-05	4.57293840637876e-05	1.11634815647241	4.8510301278964e-05	4.42769304864344e-05
-33000	1.16444956386793	4.7607695189169e-05	4.3204366672018e-05	1.12019007866431	4.57012361534757e-05	4.18593139615775e-05
-32000	1.16826692352973	4.6531920586504e-05	4.2714560924707e-05	1.12365205758014	4.45333119280784e-05	4.10713330122545e-05
-31000	1.17271814630492	4.65450313051854e-05	4.20938085299942e-05	1.12773692941617	4.47446888211056e-05	4.06598169850699e-05
-30000	1.1770861026382	4.9765558944721e-05	4.53976026114411e-05	1.13165858618291	4.75686841119495e-05	4.36470273452132e-05
-29000	1.18132268421898	5.07767431904532e-05	4.65401616096752e-05	1.13552555252314	4.85494728955959e-05	4.46825065553593e-05
-28000	1.18552854925884	4.98081018890137e-05	4.56022368491464e-05	1.13944121581848	4.78008776154546e-05	4.38852143201156e-05
-27000	1.18954000107026	4.96916037887302e-05	4.56801519773105e-05	1.14298319687483	4.73328517150961e-05	4.37908706587468e-05
-26000	1.19361700647509	4.88395141007118e-05	4.47625086958848e-05	1.14667731578102	4.69167335580885e-05	4.3222614651897e-05
-25000	1.19805966714828	5.14854711831755e-05	4.70428105099803e-05	1.15067373040081	4.88096002568631e-05	4.48131856370739e-05
-24000	1.20174217370364	5.10376732487826e-05	4.73551666934233e-05	1.1538483437684	4.88515010435062e-05	4.56768876759244e-05
-23000	1.20550505699149	5.11531010863166e-05	4.73902177984695e-05	1.15723337079253	4.91526194680794e-05	4.57675924439449e-05
-22000	1.20904607481137	5.0314603735217e-05	4.67735859153423e-05	1.16053090383689	4.83181356022904e-05	4.5020602557928e-05
-21000	1.21265141542249	4.96305452988709e-05	4.60252046877509e-05	1.16385294589822	4.74804409482528e-05	4.41583988869267e-05
-20000	1.21605966714828	4.74359180178734e-05	4.40276662920747e-05	1.16692251297694	4.5505003478354e-05	4.24354363996362e-05
-19000	1.21906464387007	5.02060790924172e-05	4.72011023706321e-05	1.16956145983839	4.84317439931503e-05	4.57927971316959e-05
-18000	1.22207481136619	5.04952105741959e-05	4.74850430780757e-05	1.17229576711083	4.86576229464334e-05	4.59233156739979e-05
-17000	1.22542837266549	5.04168138277947e-05	4.70632525284957e-05	1.17529635575534	4.78969872103601e-05	4.48963985658479e-05
-16000	1.22836597634719	4.99554235564831e-05	4.70178198747793e-05	1.17801947878204	4.7737304008134e-05	4.50141809814309e-05
-15000	1.2311615026489	4.74299245464762e-05	4.46343982447691e-05	1.18055220206561	4.56216086049125e-05	4.30888853213464e-05
-14000	1.23352116444587	5.05912131428266e-05	4.82315513458554e-05	1.18261914700059	4.83370792529566e-05	4.62701343179751e-05
-13000	1.2360486969551	4.77064804409482e-05	4.51789479317173e-05	1.18470059399583	4.54316369668754e-05	4.3350189971638e-05
-12000	1.23796623321025	5.13407716594424e-05	4.94232354042918e-05	1.18629871033339	4.89661261839782e-05	4.73680098464173e-05
-11000	1.2396472949109	5.18761170867448e-05	5.01950553860973e-05	1.18779900465564	4.99158238347515e-05	4.84155295124954e-05
-10000	1.24149713704715	5.05709316637234e-05	4.8721089527479e-05	1.18936752822818	4.85961363514742e-05	4.70276127789373e-05
-9000	1.24313485310644	5.19224059506609e-05	5.02846898913683e-05	1.19091421844063	5.00569914914112e-05	4.8510301278964e-05
-8000	1.2442738802376	4.87467223203296e-05	4.7607695189169e-05	1.19195863434473	4.67456520575802e-05	4.57012361534757e-05
-7000	1.24543329587414	4.76913362230427e-05	4.6531920586504e-05	1.19300818751003	4.55828650933804e-05	4.45333119280784e-05
-6000	1.24643565045219	4.75473858832344e-05	4.65450313051854e-05	1.19397249424734	4.57089955584096e-05	4.47446888211056e-05
-5000	1.24707395515599	5.04038636485257e-05	4.9765558944721e-05	1.19461454487077	4.82107347353775e-05	4.75686841119495e-05
-4000	1.24780815540215	5.15109434366136e-05	5.07767431904532e-05	1.19529496441376	4.92298924385937e-05	4.85494728955959e-05
-3000	1.24803799432761	5.003794081447e-05	4.98081018890137e-05	1.19552860277198	4.80345159736715e-05	4.78008776154546e-05
-2000	1.24836945470113	5.00230641622518e-05	4.96916037887302e-05	1.19582624284262	4.76304917857334e-05	4.73328517150961e-05
-1000	1.24851212072564	4.89821801252208e-05	4.88395141007118e-05	1.19581859046396	4.69090811794295e-05	4.69167335580885e-05
0	1.2484960667844	5.14694172419329e-05	5.14854711831755e-05	1.19595520950393	4.89462192968374e-05	4.88096002568631e-05
1000	1.24813581634291	5.06774228072992e-05	5.10376732487826e-05	1.19556311874565	4.84594102852251e-05	4.88515010435062e-05
2000	1.24786787606357	5.08851608069781e-05	5.11531010863166e-05	1.19525857548028	4.88480762027077e-05	4.91526194680794e-05
3000	1.24758992882753	5.00366564991705e-05	5.0314603735217e-05	1.19494209878525	4.80016589072618e-05	4.83181356022904e-05
4000	1.24701348531064	4.90541017819875e-05	4.96305452988709e-05	1.19443939637181	4.69777385348103e-05	4.74804409482528e-05
5000	1.24623128378017	4.66537164873977e-05	4.74359180178734e-05	1.1937114036496	4.47770107561406e-05	4.5505003478354e-05
6000	1.24479889762937	4.87736929416172e-05	5.02060790924172e-05	1.19235281211537	4.70731524589287e-05	4.84317439931503e-05
7000	1.24336602986033	4.90623428051586e-05	5.04952105741959e-05	1.19099737785626	4.73021886873227e-05	4.86576229464334e-05
8000	1.24212211697972	4.91729009471826e-05	5.04168138277947e-05	1.1898699095628	4.67695189168941e-05	4.78969872103601e-05
9000	1.24079654305132	4.86298496280837e-05	4.99554235564831e-05	1.18859956119227	4.64669556376091e-05	4.7737304008134e-05
10000	1.2391796436025	4.58130250976614e-05	4.74299245464762e-05	1.18704762669235	4.40696741049928e-05	4.56216086049125e-05
11000	1.23709841065982	4.85099802001391e-05	5.05912131428266e-05	1.18518499491625	4.64744474768556e-05	4.83370792529566e-05
12000	1.23495702895061	4.55650987317386e-05	4.77064804409482e-05	1.18302301064911	4.32696526997378e-05	4.54316369668754e-05
13000	1.23221084176165	4.85945844704875e-05	5.13407716594424e-05	1.18047343072724	4.64165462621073e-05	4.89661261839782e-05
14000	1.22935992936266	4.90252046877508e-05	5.18761170867448e-05	1.17787135441751	4.73137475250174e-05	4.99158238347515e-05
15000	1.2262373307647	4.74483330657677e-05	5.05709316637234e-05	1.17519275432119	4.59175362551507e-05	4.85961363514742e-05
16000	1.22344795847381	4.91330336597634e-05	5.19224059506609e-05	1.17266393749666	4.75281746668807e-05	5.00569914914112e-05
17000	1.2200813934821	4.53801573286242e-05	4.87467223203296e-05	1.1697325413389	4.38142558998234e-05	4.67456520575802e-05
18000	1.21736902659603	4.49789693369723e-05	4.76913362230427e-05	1.1673001551881	4.31504789425804e-05	4.55828650933804e-05
19000	1.21392304810831	4.41014073955156e-05	4.75473858832344e-05	1.16417445282817	4.25832931984802e-05	4.57089955584096e-05
20000	1.20985690587039	4.63377214106063e-05	5.04038636485257e-05	1.16059961470541	4.46358966126184e-05	4.82107347353775e-05
21000	1.20625985979558	4.79138973618024e-05	5.15109434366136e-05	1.15742446620645	4.60547439396372e-05	4.92298924385937e-05
22000	1.20207556055011	4.58536415690052e-05	5.003794081447e-05	1.15366516829882	4.42752180660352e-05	4.80345159736715e-05
23000	1.1984832236314	4.64307272435383e-05	5.00230641622518e-05	1.15034478514475	4.43101086316691e-05	4.76304917857334e-05
24000	1.1942149087601	4.47138652539199e-05	4.89821801252208e-05	1.14660662492642	4.3170920961096e-05	4.69090811794295e-05
25000	1.1897368223899	4.69913308717291e-05	5.14694172419329e-05	1.14261454487077	4.49541392411837e-05	4.89462192968374e-05
26000	1.1851063841173	4.60469845347033e-05	5.06774228072992e-05	1.13850409375502	4.43489591694761e-05	4.84594102852251e-05
27000	1.18077139187671	4.6550168566383e-05	5.08851608069781e-05	1.13456916573019	4.49131481778777e-05	4.88480762027077e-05
28000	1.17720367100123	4.64689356236957e-05	5.00366564991705e-05	1.13138417081393	4.48166639910098e-05	4.80016589072618e-05
29000	1.17300658211591	4.48570128966661e-05	4.90541017819875e-05	1.12764702734521	4.32405950660887e-05	4.69777385348103e-05
30000	1.16884540054583	4.24925349173222e-05	4.66537164873977e-05	1.1238333600899	4.09633435008294e-05	4.47770107561406e-05
31000	1.16426119762402	4.41894900197998e-05	4.87736929416172e-05	1.11964440520148	4.28841975705036e-05	4.70731524589287e-05
32000	1.15985134050409	4.46524856852357e-05	4.90623428051586e-05	1.1156671482849	4.33249317707497e-05	4.73021886873227e-05
33000	1.1554823674212	4.48039278642907e-05	4.91729009471826e-05	1.11179916519506	4.29015358270455e-05	4.67695189168941e-05
34000	1.1518002354578	4.49477176646867e-05	4.86298496280837e-05	1.10839621126987	4.30640017124205e-05	4.64669556376091e-05
35000	1.14767330229571	4.16860919355702e-05	4.58130250976614e-05	1.10456820249371	4.02416653288383e-05	4.40696741049928e-05
36000	1.14348397281533	4.43206507197517e-05	4.85099802001391e-05	1.10080440948253	4.27106544656713e-05	4.64744474768556e-05
37000	1.13924225397335	4.13233798897629e-05	4.55650987317386e-05	1.09699967892118	3.9464922138385e-05	4.32696526997378e-05
38000	1.13530823567186	4.46605661689945e-05	4.85945844704875e-05	1.09342869374431	4.28455610852464e-05	4.64165462621073e-05
39000	1.13181580778081	4.55327767967036e-05	4.90252046877508e-05	1.09025466902124	4.41397228019479e-05	4.73137475250174e-05
40000	1.12824712366886	4.38796489538182e-05	4.74483330657677e-05	1.08702900412051	4.26918713544175e-05	4.59175362551507e-05
41000	1.12498030716541	4.58662171563119e-05	4.91330336597634e-05	1.08396227323808	4.44614437844491e-05	4.75281746668807e-05
42000	1.12199727082999	4.23971209932038e-05	4.53801573286242e-05	1.08117627227484	4.10282549365869e-05	4.38142558998234e-05
43000	1.11895141007117	4.19331085781559e-05	4.49789693369723e-05	1.07835420345695	4.03284101246856e-05	4.31504789425804e-05
44000	1.11569823941778	4.08482367421202e-05	4.41014073955156e-05	1.07543458018944	3.9663669930968e-05	4.25832931984802e-05
45000	1.11218483437684	4.28243163696688e-05	4.63377214106063e-05	1.0721025311714	4.13038475945845e-05	4.46358966126184e-05
46000	1.10931257023599	4.50416332209558e-05	4.79138973618024e-05	1.06951212072564	4.34643334938728e-05	4.60547439396372e-05
47000	1.10593808529994	4.24791566329534e-05	4.58536415690052e-05	1.06629576711083	4.10588644512228e-05	4.42752180660352e-05
48000	1.10296312944828	4.34557713918767e-05	4.64307272435383e-05	1.06337111360839	4.13854551292342e-05	4.43101086316691e-05
49000	1.09985615668647	4.16068924921068e-05	4.47138652539199e-05	1.06048980574731	4.0289613100016e-05	4.3170920961096e-05
50000	1.09644544335634	4.35806175416065e-05	4.69913308717291e-05	1.05724979932573	4.17141328196072e-05	4.49541392411837e-05
51000	1.09317835928721	4.27799004655643e-05	4.60469845347033e-05	1.05419366404452	4.12928238882646e-05	4.43489591694761e-05
52000	1.09015599079574	4.35278000749184e-05	4.6550168566383e-05	1.05137780275058	4.209728688393e-05	4.49131481778777e-05
53000	1.08757178787392	4.38847327018783e-05	4.64689356236957e-05	1.04897051426125	4.24093755016856e-05	4.48166639910098e-05
54000	1.08486964199711	4.21548670198534e-05	4.48570128966661e-05	1.04636881254348	4.0638893348317e-05	4.32405950660887e-05
55000	1.08229394766415	3.99168405843634e-05	4.24925349173222e-05	1.04398865521486	3.85831861722053e-05	4.09633435008294e-05
56000	1.07974377909777	4.16393214534168e-05	4.41894900197998e-05	1.04141312142131	4.03086637769572e-05	4.28841975705036e-05
57000	1.07719617916198	4.21048857494514e-05	4.46524856852357e-05	1.03895927650238	4.08710868518221e-05	4.33249317707497e-05
58000	1.07480467704822	4.24124257505218e-05	4.48039278642907e-05	1.0366714293359	4.06136886605661e-05	4.29015358270455e-05
59000	1.07262481939316	4.27678600096323e-05	4.49477176646867e-05	1.03466163643174	4.10542088082624e-05	4.30640017124205e-05
60000	1.06978856959384	3.88498421362445e-05	4.16860919355702e-05	1.03205319205865	3.76332209557446e-05	4.02416653288383e-05
61000	1.0669440252582	4.14761063841173e-05	4.43206507197517e-05	1.02936404987424	4.0021512281265e-05	4.27106544656713e-05
62000	1.06429314496709	3.86724995986515e-05	4.13233798897629e-05	1.02690811794295	3.70089902070959e-05	3.9464922138385e-05
63000	1.06196735698614	4.23347781880452e-05	4.46605661689945e-05	1.02468978434206	4.06272274843474e-05	4.28455610852464e-05
64000	1.05986792957671	4.34333493872745e-05	4.55327767967036e-05	1.02273730400813	4.2187242468026e-05	4.41397228019479e-05
65000	1.05746711617702	4.14788355541286e-05	4.38796489538182e-05	1.02050853534543	4.04631026917108e-05	4.26918713544175e-05
66000	1.05517391769679	4.35730186760849e-05	4.58662171563119e-05	1.01830277733183	4.22556857708567e-05	4.44614437844491e-05
67000	1.05305543961042	4.02786429068336e-05	4.23971209932038e-05	1.01628790067962	3.90133782843688e-05	4.10282549365869e-05
68000	1.05047091560978	3.93485845775138e-05	4.19331085781559e-05	1.01391400438808	3.7954513833146e-05	4.03284101246856e-05
69000	1.04846112270562	3.88384438379622e-05	4.08482367421202e-05	1.01195767110826	3.77073366511479e-05	3.9663669930968e-05
70000	1.04577717129555	4.01403649595976e-05	4.28243163696688e-05	1.00945202547225	3.87982019585808e-05	4.13038475945845e-05
71000	1.0435366297426	4.28010916680045e-05	4.50416332209558e-05	1.00742708835019	4.14393963718093e-05	4.34643334938728e-05
72000	1.04120886177557	4.01513886659175e-05	4.24791566329534e-05	1.00521678171991	3.8848557820945e-05	4.10588644512228e-05
73000	1.03875292984428	4.09998394605875e-05	4.34557713918767e-05	1.00294381120565	3.91124846149729e-05	4.13854551292342e-05
74000	1.0361826403382	3.90366029860331e-05	4.16068924921068e-05	1.00050709049072	3.78528923850805e-05	4.0289613100016e-05
75000	1.03345165088029	4.08496280836946e-05	4.35806175416065e-05	0.997924492963022	3.91315352919142e-05	4.17141328196072e-05
76000	1.03142243270723	4.07506822925028e-05	4.27799004655643e-05	0.995885214320116	3.92535452453577e-05	4.12928238882646e-05
77000	1.02877743886124	4.08828062289292e-05	4.35278000749184e-05	0.993441857976133	3.96539305399476e-05	4.209728688393e-05
78000	1.02627270294857	4.13799967892118e-05	4.38847327018783e-05	0.991176860919356	4.01443784449082e-05	4.24093755016856e-05
79000	1.02379547278857	3.96776368598491e-05	4.21548670198534e-05	0.988823085567507	3.82851179964681e-05	4.0638893348317e-05
80000	1.02194835982234	3.80697276181303e-05	3.99168405843634e-05	0.987153047573179	3.69131481778777e-05	3.85831861722053e-05
81000	1.019551185316	3.92421469470755e-05	4.16393214534168e-05	0.98491924867555	3.80748648793279e-05	4.03086637769572e-05
82000	1.01747343072724	4.00271311607e-05	4.21048857494514e-05	0.982914004388077	3.88658425643496e-05	4.08710868518221e-05
83000	1.01548745116926	4.04264461925403e-05	4.24124257505218e-05	0.980925135120672	3.8624819393161e-05	4.06136886605661e-05
84000	1.01369422593247	4.09746347728367e-05	4.27678600096323e-05	0.979347567827902	3.9476641515492e-05	4.10542088082624e-05
85000	1.01139364263927	3.65492588430459e-05	3.88498421362445e-05	0.977202921817306	3.5488574945149e-05	3.76332209557446e-05
86000	1.00916219831969	3.92446620645369e-05	4.14761063841173e-05	0.97506020227966	3.78787927436186e-05	4.0021512281265e-05
87000	1.00707978808798	3.65900893669396e-05	3.86724995986515e-05	0.973099962540804	3.504875046824e-05	3.70089902070959e-05
88000	1.00540948252796	4.06644726280302e-05	4.23347781880452e-05	0.971524482260395	3.90517472039385e-05	4.06272274843474e-05
89000	1.00355584095896	4.15797078182694e-05	4.34333493872745e-05	0.969703537218387	4.03662974260181e-05	4.2187242468026e-05
90000	1.0011606464387	3.90836410338738e-05	4.14788355541286e-05	0.967424252153904	3.81838176272275e-05	4.04631026917108e-05
91000	0.999118531599508	4.1530903836892e-05	4.35730186760849e-05	0.96557205543961	4.04034890565634e-05	4.22556857708567e-05
92000	0.997320811259164	3.84809225664901e-05	4.02786429068336e-05	0.963910097929042	3.73514207737999e-05	3.90133782843688e-05
93000	0.994925028094397	3.69528014127468e-05	3.93485845775138e-05	0.961723444105528	3.57678600096323e-05	3.7954513833146e-05
94000	0.993082838336812	3.69962540803768e-05	3.88384438379622e-05	0.959845507572109	3.58294001177289e-05	3.77073366511479e-05
95000	0.990917054636913	3.79745812596993e-05	4.01403649595976e-05	0.957797078182694	3.67497725691657e-05	3.87982019585808e-05
96000	0.989138277947236	4.10223149783272e-05	4.28010916680045e-05	0.95617910847113	3.98214266602451e-05	4.14393963718093e-05
97000	0.987227377321132	3.82404880398138e-05	4.01513886659175e-05	0.954393053994756	3.70625033445711e-05	3.8848557820945e-05
98000	0.984996682185477	3.87691443249317e-05	4.09998394605875e-05	0.95248686252475	3.7206293144967e-05	3.91124846149729e-05
99000	0.982568416546262	3.66083373468186e-05	3.90366029860331e-05	0.950334510622358	3.57005404826885e-05	3.78528923850805e-05
100000	0.980252421469471	3.85336330069032e-05	4.08496280836946e-05	0.948188794349013	3.69858190185691e-05	3.91315352919142e-05
101000	0.978708620966447	3.92068817894794e-05	4.07506822925028e-05	0.946651790014449	3.77165409107936e-05	3.92535452453577e-05
102000	0.976577460266495	3.87516455289774e-05	4.08828062289292e-05	0.944596671482849	3.7598812008348e-05	3.96539305399476e-05
103000	0.973915235190239	3.87177717129555e-05	4.13799967892118e-05	0.942092791780382	3.76404987424413e-05	4.01443784449082e-05
104000	0.972029699791299	3.77921014609086e-05	3.96776368598491e-05	0.940359715310109	3.65520415261947e-05	3.82851179964681e-05
105000	0.970295499545138	3.63355273719698e-05	3.80697276181303e-05	0.938750361213678	3.5303794081447e-05	3.69131481778777e-05
106000	0.968429549954514	3.7376197356451e-05	3.92421469470755e-05	0.936903194734307	3.62276983999572e-05	3.80748648793279e-05
107000	0.966531331941992	3.81289131481779e-05	4.00271311607e-05	0.93505404826885	3.70166960988923e-05	3.88658425643496e-05
108000	0.96450296997913	3.83980842296784e-05	4.04264461925403e-05	0.933009792904158	3.65805640284689e-05	3.8624819393161e-05
109000	0.962586450473591	3.90581152672981e-05	4.09746347728367e-05	0.931231390806443	3.76982394177771e-05	3.9476641515492e-05
110000	0.960779044255365	3.47418526248194e-05	3.65492588430459e-05	0.929561138759565	3.38183228982715e-05	3.5488574945149e-05
111000	0.958800235457805	3.7265853266977e-05	3.92446620645369e-05	0.927775351848879	3.6093005832932e-05	3.78787927436186e-05
112000	0.957173543104832	3.49633970139669e-05	3.65900893669396e-05	0.926324450152512	3.35978487718735e-05	3.504875046824e-05
113000	0.955297104939263	3.87880344624606e-05	4.06644726280302e-05	0.924722266816503	3.74495638679295e-05	3.90517472039385e-05
114000	0.953472253438219	3.97548563172259e-05	4.15797078182694e-05	0.923008776154546	3.86528067640605e-05	4.03662974260181e-05
115000	0.951638144164392	3.72495317600471e-05	3.90836410338738e-05	0.921286295285493	3.64613367581742e-05	3.81838176272275e-05
116000	0.949969551024777	3.98623106972762e-05	4.1530903836892e-05	0.919719698185905	3.88368919569754e-05	4.04034890565634e-05
117000	0.94801610745438	3.65274789960935e-05	3.84809225664901e-05	0.917918767057313	3.55504896452079e-05	3.73514207737999e-05
118000	0.946134746080163	3.50714400385295e-05	3.69528014127468e-05	0.916168726922459	3.40178198747793e-05	3.57678600096323e-05
119000	0.944278963985658	3.51404719858726e-05	3.69962540803768e-05	0.914340343554343	3.4001016749612e-05	3.58294001177289e-05
120000	0.94244785144753	3.61434687215712e-05	3.79745812596993e-05	0.912679509819661	3.50889388344838e-05	3.67497725691657e-05
121000	0.940682238989672	3.92567025204687e-05	4.10223149783272e-05	0.911107775458875	3.82496922994596e-05	3.98214266602451e-05
122000	0.938911168191791	3.64694172419329e-05	3.82404880398138e-05	0.90938320757746	3.53379354631562e-05	3.70625033445711e-05
123000	0.936736608337347	3.65945844704875e-05	3.87691443249317e-05	0.90738299352491	3.52060790924172e-05	3.7206293144967e-05
124000	0.935274950500348	3.51466795098196e-05	3.66083373468186e-05	0.906059506608872	3.43770535666506e-05	3.57005404826885e-05
125000	0.933357949376572	3.66166318831273e-05	3.85336330069032e-05	0.904253224166533	3.51795365762295e-05	3.69858190185691e-05
126000	0.931393000481618	3.72419328945256e-05	3.92068817894794e-05	0.902554075025419	3.60173917696795e-05	3.77165409107936e-05
127000	0.929323486916038	3.6682131963397e-05	3.87516455289774e-05	0.900678600096324	3.57233370792529e-05	3.7598812008348e-05
128000	0.927229410820356	3.6623695617274e-05	3.87177717129555e-05	0.898755391448601	3.57172900947183e-05	3.76404987424413e-05
129000	0.925924707015572	3.64873976561245e-05	3.77921014609086e-05	0.897414031144646	3.52106812222401e-05	3.65520415261947e-05
130000	0.924332530636271	3.47433509926687e-05	3.63355273719698e-05	0.89587558195537	3.3765344892171e-05	3.5303794081447e-05
131000	0.92310237063199	3.61460373521699e-05	3.7376197356451e-05	0.894647508963451	3.49996254080377e-05	3.62276983999572e-05
132000	0.921056884465136	3.60834269813239e-05	3.81289131481779e-05	0.892695242682078	3.50644298175202e-05	3.70166960988923e-05
133000	0.918795900893669	3.61371006582116e-05	3.83980842296784e-05	0.890694279445604	3.45796007919944e-05	3.65805640284689e-05
134000	0.916815058596886	3.70772729705143e-05	3.90581152672981e-05	0.888832503879702	3.58364638518757e-05	3.76982394177771e-05
135000	0.915234012950179	3.31608069781132e-05	3.47418526248194e-05	0.887385722694922	3.23715417134907e-05	3.38183228982715e-05
136000	0.913305988120083	3.53378284368812e-05	3.7265853266977e-05	0.885663188312731	3.43704714507412e-05	3.6093005832932e-05
137000	0.911668914218441	3.3326323112324e-05	3.49633970139669e-05	0.884174773906994	3.21094343661369e-05	3.35978487718735e-05
138000	0.909839674640124	3.69587948841441e-05	3.87880344624606e-05	0.882445389843207	3.57201798041419e-05	3.74495638679295e-05
139000	0.908227805426232	3.81429871033339e-05	3.97548563172259e-05	0.880969390485364	3.71768074062182e-05	3.86528067640605e-05
140000	0.906861561513352	3.58832878471664e-05	3.72495317600471e-05	0.879723337079253	3.52152833520629e-05	3.64613367581742e-05
141000	0.905185208968802	3.81859581527265e-05	3.98623106972762e-05	0.878210574195965	3.73241290736876e-05	3.88368919569754e-05
142000	0.903103066302777	3.4445336330069e-05	3.65274789960935e-05	0.876250280943972	3.35901963932146e-05	3.55504896452079e-05
143000	0.901536843795152	3.35052175309038e-05	3.50714400385295e-05	0.874751966607802	3.25195055386097e-05	3.40178198747793e-05
144000	0.899976775298336	3.35804034890566e-05	3.51404719858726e-05	0.873366779044255	3.26158291860652e-05	3.4001016749612e-05
145000	0.898145020602558	3.43117140257933e-05	3.61434687215712e-05	0.871640873334404	3.33630331246321e-05	3.50889388344838e-05
146000	0.89618355006154	3.72952319794509e-05	3.92567025204687e-05	0.86992476052871	3.65335794937657e-05	3.82496922994596e-05
147000	0.894308877829507	3.45947450099e-05	3.64694172419329e-05	0.868311018355006	3.37241932894526e-05	3.53379354631562e-05
148000	0.892576336490608	3.48620431315888e-05	3.65945844704875e-05	0.866611173543105	3.35062342805159e-05	3.52060790924172e-05
149000	0.891213892010489	3.37842350296998e-05	3.51466795098196e-05	0.865330069031947	3.30959490554931e-05	3.43770535666506e-05
150000	0.889320704232889	3.47234441055279e-05	3.66166318831273e-05	0.863585005618879	3.34344731631616e-05	3.51795365762295e-05
151000	0.887451222775191	3.53724514368277e-05	3.72419328945256e-05	0.862001284315299	3.44336704660994e-05	3.60173917696795e-05
152000	0.885662599668219	3.48935088564243e-05	3.6682131963397e-05	0.860454594102852	3.41766468668058e-05	3.57233370792529e-05
153000	0.88383699898325	3.47980949323059e-05	3.6623695617274e-05	0.85879418847327	3.40568844651362e-05	3.57172900947183e-05
154000	0.882411087922085	3.5061486594959e-05	3.64873976561245e-05	0.857483705249639	3.39001979986086e-05	3.52106812222401e-05
155000	0.880815058596886	3.31473216674694e-05	3.47433509926687e-05	0.856019639321453	3.23012789639857e-05	3.3765344892171e-05
156000	0.879637073901643	3.49680526569273e-05	3.61460373521699e-05	0.855000749183925	3.39807352705089e-05	3.49996254080377e-05
157000	0.877625140471986	3.40714935516669e-05	3.60834269813239e-05	0.853160164820463	3.3223845454059e-05	3.50644298175202e-05
158000	0.875354417509499	3.38663776957243e-05	3.61371006582116e-05	0.851209717985766	3.26291539572965e-05	3.45796007919944e-05
159000	0.873579600791994	3.53024562530102e-05	3.70772729705143e-05	0.849439770963772	3.40665168298817e-05	3.58364638518757e-05
160000	0.872146947075507	3.17281532616257e-05	3.31608069781132e-05	0.848251618772409	3.11833895221277e-05	3.23715417134907e-05
161000	0.869933055065019	3.31239364263926e-05	3.53378284368812e-05	0.846184673837427	3.23035265157596e-05	3.43704714507412e-05
162000	0.868081554021512	3.14748220688179e-05	3.3326323112324e-05	0.844547225343822	3.04719858725317e-05	3.21094343661369e-05
163000	0.866410927382672	3.52881682453042e-05	3.69587948841441e-05	0.842940065286028	3.41130197463477e-05	3.57201798041419e-05
164000	0.864763739498047	3.64957992187082e-05	3.81429871033339e-05	0.841375555198801	3.56122973189918e-05	3.71768074062182e-05
165000	0.863567988441162	3.4687536790282e-05	3.58832878471664e-05	0.840312142130893	3.41518702841547e-05	3.52152833520629e-05
166000	0.862129822871515	3.67477925830791e-05	3.81859581527265e-05	0.839120618611869	3.61326055546637e-05	3.73241290736876e-05
167000	0.860161663188313	3.24771766468668e-05	3.4445336330069e-05	0.837480012843153	3.19495906244983e-05	3.35901963932146e-05
168000	0.858568844651362	3.1912398993953e-05	3.35052175309038e-05	0.836073687590303	3.11131802857602e-05	3.25195055386097e-05
169000	0.857147910311982	3.21594691496763e-05	3.35804034890566e-05	0.834704821533687	3.12469631294483e-05	3.26158291860652e-05
170000	0.855642264675978	3.28060683897897e-05	3.43117140257933e-05	0.833252100390646	3.19103119815915e-05	3.33630331246321e-05
171000	0.854356558034998	3.60095253384706e-05	3.72952319794509e-05	0.831951088992348	3.52325680954674e-05	3.65335794937657e-05
172000	0.852687750842832	3.29259378177343e-05	3.45947450099e-05	0.830480012843153	3.22531171402579e-05	3.37241932894526e-05
173000	0.851507732648365	3.36820249371221e-05	3.48620431315888e-05	0.829381174078236	3.24073955155991e-05	3.35062342805159e-05
174000	0.850089045860759	3.23655482420935e-05	3.37842350296998e-05	0.828072884893241	3.17876598704982e-05	3.30959490554931e-05
175000	0.848715203082357	3.33496013271258e-05	3.47234441055279e-05	0.826868464708086	3.22300529780061e-05	3.34344731631616e-05
176000	0.846944346337026	3.36015946914968e-05	3.53724514368277e-05	0.825145341681383	3.27105474393964e-05	3.44336704660994e-05
177000	0.84573018676085	3.36793492802483e-05	3.48935088564243e-05	0.823951570610585	3.29828757960079e-05	3.41766468668058e-05
178000	0.844520201209397	3.3588109380853e-05	3.47980949323059e-05	0.822702145876813	3.28074597313641e-05	3.40568844651362e-05
179000	0.842762080590785	3.33033659763472e-05	3.5061486594959e-05	0.821137689302724	3.23357414245197e-05	3.39001979986086e-05
180000	0.841238133461765	3.16233745384492e-05	3.31473216674694e-05	0.819648204634238	3.08117942954996e-05	3.23012789639857e-05
181000	0.839877401402044	3.36073205972066e-05	3.49680526569273e-05	0.818425482956066	3.27580135923369e-05	3.39807352705089e-05
182000	0.838419114892706	3.26132070423288e-05	3.40714935516669e-05	0.817160914004388	3.19592765023813e-05	3.3223845454059e-05
183000	0.836594905549312	3.20421683523305e-05	3.38663776957243e-05	0.81547519666078	3.09434366136887e-05	3.26291539572965e-05
184000	0.834795633327982	3.35031840316798e-05	3.53024562530102e-05	0.813803339219778	3.239465938888e-05	3.40665168298817e-05
185000	0.833563600363889	3.0496120297533e-05	3.17281532616257e-05	0.812596350404024	2.99764007063734e-05	3.11833895221277e-05
186000	0.831834858457751	3.13951945202547e-05	3.31239364263926e-05	0.81094086798309	3.06480440948253e-05	3.23035265157596e-05
187000	0.830239738855889	2.98797024669557e-05	3.14748220688179e-05	0.80945507572109	2.89861936105314e-05	3.04719858725317e-05
188000	0.828825493658693	3.38739230481083e-05	3.52881682453042e-05	0.808254615508107	3.29125595333655e-05	3.41130197463477e-05
189000	0.827121046716969	3.4791352276984e-05	3.64957992187082e-05	0.806637020388505	3.399470219939e-05	3.56122973189918e-05
190000	0.825944667415851	3.35111574891636e-05	3.4687536790282e-05	0.805605394124257	3.31202440199068e-05	3.41518702841547e-05
191000	0.824547706962059	3.53508321292877e-05	3.67477925830791e-05	0.804311071868144	3.48382832985497e-05	3.61326055546637e-05
192000	0.823270829988762	3.12002996735698e-05	3.24771766468668e-05	0.803310483223631	3.09490019799861e-05	3.19495906244983e-05
193000	0.821893294803874	3.05348638090651e-05	3.1912398993953e-05	0.802089902070958	2.98925991330872e-05	3.11131802857602e-05
194000	0.820295231979451	3.05614063252529e-05	3.21594691496763e-05	0.800604377374646	2.97614384331353e-05	3.12469631294483e-05
195000	0.81937389629154	3.18847327018783e-05	3.28060683897897e-05	0.799738909402258	3.10448440092043e-05	3.19103119815915e-05
196000	0.81792497458126	3.45606036281907e-05	3.60095253384706e-05	0.798369187135442	3.38628458286509e-05	3.52325680954674e-05
197000	0.816780863702039	3.17818269385134e-05	3.29259378177343e-05	0.797237277251565	3.11212072563814e-05	3.22531171402579e-05
198000	0.815877133836357	3.27782950714401e-05	3.36820249371221e-05	0.796375020067427	3.15451383314604e-05	3.24073955155991e-05
199000	0.814584684540055	3.10730989457912e-05	3.23655482420935e-05	0.795256916573019	3.06695563760903e-05	3.17876598704982e-05
200000	0.813711831754696	3.2476748541767e-05	3.33496013271258e-05	0.794398084229678	3.13712206346658e-05	3.22300529780061e-05
201000	0.812192807834323	3.20825707711243e-05	3.36015946914968e-05	0.792970835340076	3.1283298549794e-05	3.27105474393964e-05
202000	0.81088109380853	3.23676352544549e-05	3.36793492802483e-05	0.791724300315727	3.17363407716594e-05	3.29828757960079e-05
203000	0.809724728420827	3.24317439931503e-05	3.3588109380853e-05	0.790598704982073	3.16818643977097e-05	3.28074597313641e-05
204000	0.80836180232247	3.19404398779901e-05	3.33033659763472e-05	0.78935120672125	3.10882431636967e-05	3.23357414245197e-05
205000	0.807120136993632	3.0381709209611e-05	3.16233745384492e-05	0.788264354899128	2.97249424733772e-05	3.08117942954996e-05
206000	0.806001337828437	3.24885214320116e-05	3.36073205972066e-05	0.787175737143469	3.16693958366779e-05	3.27580135923369e-05
207000	0.805004976721785	3.16168459356772e-05	3.26132070423288e-05	0.786257986835768	3.10415261946808e-05	3.19592765023813e-05
208000	0.80321089527479	3.02480869053352e-05	3.20421683523305e-05	0.78465494728956	2.93403970674801e-05	3.09434366136887e-05
209000	0.802028468989137	3.23207577460266e-05	3.35031840316798e-05	0.783590142880077	3.13298549793974e-05	3.239465938888e-05
210000	0.800911489270616	2.93791405790122e-05	3.0496120297533e-05	0.782472039385669	2.88582972119655e-05	2.99764007063734e-05
211000	0.799474554503131	2.99582597527693e-05	3.13951945202547e-05	0.781265478675015	2.94414833841708e-05	3.06480440948253e-05
212000	0.797839674640124	2.82448226039493e-05	2.98797024669557e-05	0.779762134103922	2.74828490394392e-05	2.89861936105314e-05
213000	0.796737678600096	3.27719270080805e-05	3.38739230481083e-05	0.778798737089956	3.19491625193985e-05	3.29125595333655e-05
214000	0.795142880077059	3.31965537539466e-05	3.4791352276984e-05	0.777360357467758	3.25563225771927e-05	3.399470219939e-05
215000	0.793773960507305	3.21422379194092e-05	3.35111574891636e-05	0.776169369080109	3.19292556322578e-05	3.31202440199068e-05
216000	0.792159308610264	3.3736180232247e-05	3.53508321292877e-05	0.774691710815005	3.33606250334457e-05	3.48382832985497e-05
217000	0.791095788516081	3.01367795793867e-05	3.12002996735698e-05	0.773774281586129	3.00315727511104e-05	3.09490019799861e-05
218000	0.789971316958313	2.94103922512977e-05	3.05348638090651e-05	0.772737196981859	2.88555145288168e-05	2.98925991330872e-05
219000	0.788535345427302	2.9125434794242e-05	3.05614063252529e-05	0.771496655428908	2.85208968801841e-05	2.97614384331353e-05
220000	0.787791245250709	3.1140632525285e-05	3.18847327018783e-05	0.770856905870391	3.04050944506876e-05	3.10448440092043e-05
221000	0.786615133515278	3.33844918927597e-05	3.45606036281907e-05	0.769779686413014	3.27856263712741e-05	3.38628458286509e-05
222000	0.78543345641355	3.06001498367849e-05	3.17818269385134e-05	0.768683951410071	3.00254722534382e-05	3.11212072563814e-05
223000	0.784468989136833	3.18138277947236e-05	3.27782950714401e-05	0.767806335955477	3.06675228768663e-05	3.15451383314604e-05
224000	0.782853374003318	2.94574838122759e-05	3.10730989457912e-05	0.766306844330283	2.91700647508963e-05	3.06695563760903e-05
225000	0.781750147161128	3.13735216995772e-05	3.2476748541767e-05	0.765267619200514	3.03319955048965e-05	3.13712206346658e-05
226000	0.780489859260448	3.08222828704447e-05	3.20825707711243e-05	0.764029753304436	3.00454326537165e-05	3.1283298549794e-05
227000	0.779292823888265	3.11705998822711e-05	3.23676352544549e-05	0.762981752020121	3.06883394873441e-05	3.17363407716594e-05
228000	0.778111360839086	3.12502809439717e-05	3.24317439931503e-05	0.761929255632258	3.06293680098464e-05	3.16818643977097e-05
229000	0.777220955744635	3.10500347835394e-05	3.19404398779901e-05	0.761132819607214	3.02918071386525e-05	3.10882431636967e-05
230000	0.775921924332424	2.90826777973992e-05	3.0381709209611e-05	0.759959437041794	2.85515599079574e-05	2.97249424733772e-05
231000	0.774589072617328	3.11556697169155e-05	3.24885214320116e-05	0.758679884411623	3.03898432065072e-05	3.16693958366779e-05
232000	0.773225611387596	3.02533847059453e-05	3.16168459356772e-05	0.757443998501632	2.98056402846899e-05	3.10415261946808e-05
233000	0.771855835607642	2.88783111253813e-05	3.02480869053352e-05	0.756230534596243	2.81269331620913e-05	2.93403970674801e-05
234000	0.771367688767592	3.18326109059774e-05	3.23207577460266e-05	0.755790389040509	3.08897094236635e-05	3.13298549793974e-05
235000	0.770412639803072	2.84240916144914e-05	2.93791405790122e-05	0.754996254080377	2.80641622518328e-05	2.88582972119655e-05
236000	0.769517579065661	2.90631990153583e-05	2.99582597527693e-05	0.754169904211484	2.8615133515278e-05	2.94414833841708e-05
237000	0.768307432974795	2.7034676513084e-05	2.82448226039493e-05	0.753014127468293	2.63270722962487e-05	2.74828490394392e-05
238000	0.766915342216514	3.13798362497993e-05	3.27719270080805e-05	0.751676673623375	3.06117086744796e-05	3.19491625193985e-05
239000	0.765542730240274	3.18239417777064e-05	3.31965537539466e-05	0.750317707497191	3.11973564510087e-05	3.25563225771927e-05
240000	0.764495692192433	3.10951998715685e-05	3.21422379194092e-05	0.749326965269974	3.0938513405041e-05	3.19292556322578e-05
241000	0.763303044897522	3.25435329373361e-05	3.3736180232247e-05	0.748204152619468	3.223781238294e-05	3.33606250334457e-05
242000	0.761868678760636	2.87024134425001e-05	3.01367795793867e-05	0.746714882003532	2.85423021351742e-05	3.00315727511104e-05
243000	0.760991866003104	2.85335794937657e-05	2.94103922512977e-05	0.745854872371167	2.79955048964521e-05	2.88555145288168e-05
244000	0.759716112805694	2.7849681596832e-05	2.9125434794242e-05	0.744541392411837	2.72074169208541e-05	2.85208968801841e-05
245000	0.758675763900037	3.01002836196286e-05	3.1140632525285e-05	0.743701664258576	2.95653662974261e-05	3.04050944506876e-05
246000	0.757841012468561	3.25497404612832e-05	3.33844918927597e-05	0.742953818162359	3.20377802750575e-05	3.27856263712741e-05
247000	0.756634344731632	2.93934820998555e-05	3.06001498367849e-05	0.741772836731418	2.88444908224969e-05	3.00254722534382e-05
248000	0.755342002461604	3.05214855246963e-05	3.18138277947236e-05	0.740476427462942	2.93711136083908e-05	3.06675228768663e-05
249000	0.753687269224595	2.78027505752662e-05	2.94574838122759e-05	0.738979183389522	2.76728206774763e-05	2.91700647508963e-05
250000	0.752374859528014	3.00611120029967e-05	3.13735216995772e-05	0.737710922031359	2.9063734146733e-05	3.03319955048965e-05
