Distance from Center (cmd=annotatePeaks.pl /expanse/lustre/projects/csd940/ctea/homer/homer_scripts/reference_peaks/H3K27ac.bed mm10 -size 500000 -hist 1000 -bedGraph /expanse/lustre/projects/csd940/ctea/homer/bwt2_bam/tags/ctrl_M2/tagdirs/tagdirs.25x50kb.PC1.bedGraph /expanse/lustre/projects/csd940/ctea/homer/bwt2_bam/tags/mut_M2/tagdirs/tagdirs.25x50kb.PC1.bedGraph)	/expanse/lustre/projects/csd940/ctea/homer/bwt2_bam/tags/ctrl_M2/tagdirs/tagdirs.25x50kb.PC1.bedGraph Coverage	/expanse/lustre/projects/csd940/ctea/homer/bwt2_bam/tags/ctrl_M2/tagdirs/tagdirs.25x50kb.PC1.bedGraph + Tags	/expanse/lustre/projects/csd940/ctea/homer/bwt2_bam/tags/ctrl_M2/tagdirs/tagdirs.25x50kb.PC1.bedGraph - Tags	/expanse/lustre/projects/csd940/ctea/homer/bwt2_bam/tags/mut_M2/tagdirs/tagdirs.25x50kb.PC1.bedGraph Coverage	/expanse/lustre/projects/csd940/ctea/homer/bwt2_bam/tags/mut_M2/tagdirs/tagdirs.25x50kb.PC1.bedGraph + Tags	/expanse/lustre/projects/csd940/ctea/homer/bwt2_bam/tags/mut_M2/tagdirs/tagdirs.25x50kb.PC1.bedGraph - Tags
-250000	0.77002076309734	3.38925991330872e-05	3.28421897575855e-05	0.7495938887997	3.27461336758174e-05	3.19015358270455e-05
-249000	0.771260180874405	3.36131535291915e-05	3.23737357521271e-05	0.7506757103869	3.25441215818483e-05	3.14622999946487e-05
-248000	0.772475089634505	3.22403810135389e-05	3.10254722534383e-05	0.751804248943115	3.15710922031359e-05	3.04425536469203e-05
-247000	0.773689302723819	3.09359982875796e-05	2.97217851982662e-05	0.752966019157703	3.00053513137475e-05	2.88435810991599e-05
-246000	0.775102905763365	3.13387916733558e-05	2.99251886338096e-05	0.754367260662493	3.03813881307861e-05	2.89801466259966e-05
-245000	0.776584202921817	2.96355755337935e-05	2.81542783753412e-05	0.755671482849039	2.85420345694868e-05	2.723781238294e-05
-244000	0.777325092310162	3.2648686252475e-05	3.19077968641301e-05	0.75638363568256	3.209728688393e-05	3.13851340504094e-05
-243000	0.778404184727351	3.16262642478728e-05	3.05471718306844e-05	0.757412639803072	3.09007866431209e-05	2.98717825226093e-05
-242000	0.779384545405897	3.12804088403703e-05	3.03000481618237e-05	0.758310964841869	3.01566864665276e-05	2.92583614277305e-05
-241000	0.780486701985337	3.13150318403168e-05	3.02128752608765e-05	0.759299673569861	3.03714882003532e-05	2.93827794723605e-05
-240000	0.781232407556055	3.09412425750521e-05	3.01955370043346e-05	0.759900197998609	3.01526194680794e-05	2.95520950393322e-05
-239000	0.78255723230053	3.07475785305292e-05	2.94227537860545e-05	0.761055600149837	2.99938995023278e-05	2.88384973510997e-05
-238000	0.783685342751645	2.92547225343822e-05	2.81266120832665e-05	0.76217782415583	2.81980521217959e-05	2.70758281158024e-05
-237000	0.785269224594638	3.29943811205651e-05	3.14104992775727e-05	0.763586611013004	3.19738855889121e-05	3.05650987317386e-05
-236000	0.786511532081126	3.34871300904372e-05	3.22448226039493e-05	0.764797185208969	3.27464547546423e-05	3.15358805586771e-05
-235000	0.787351367260662	3.25983303901108e-05	3.17584952105742e-05	0.765615989725478	3.18693209182854e-05	3.10505164017767e-05
-234000	0.788659335366833	3.26333279820196e-05	3.13253598758495e-05	0.76670728313801	3.1524482260395e-05	3.04331888478622e-05
-233000	0.789264997056777	3.18635950125756e-05	3.12579333226307e-05	0.767227056242307	3.09746882859742e-05	3.04549151816771e-05
-232000	0.790488307379462	3.00057794188473e-05	2.87824690961631e-05	0.768286883930005	2.90744902873656e-05	2.80146625996682e-05
-231000	0.791526301707069	3.14209878525178e-05	3.03829935249104e-05	0.769230588109381	3.07014502060256e-05	2.97577460266496e-05
-230000	0.792867983089849	3.16980788783646e-05	3.03563974955852e-05	0.770403542569701	3.05654198105635e-05	2.93924653502435e-05
-229000	0.794086370203885	3.42906833627656e-05	3.30722962487291e-05	0.771497779204795	3.33700433456414e-05	3.22758067105475e-05
-228000	0.794947717664687	3.39955048964521e-05	3.31341574356505e-05	0.772187135441751	3.3163268582437e-05	3.24739123454808e-05
-227000	0.796625408037673	3.10527104404131e-05	2.93750200674265e-05	0.773646117621876	2.98837694654038e-05	2.84247872852785e-05
-226000	0.797845935677209	3.23349922405951e-05	3.11144646010596e-05	0.774807352705089	3.12991384384866e-05	3.01379033552737e-05
-225000	0.798666506127254	3.47131695831326e-05	3.38925991330872e-05	0.775517418526248	3.34561994969765e-05	3.27461336758174e-05
-224000	0.799906994167068	3.48536415690052e-05	3.36131535291915e-05	0.776698346444052	3.37250494996522e-05	3.25441215818483e-05
-223000	0.801266870016589	3.36002568630599e-05	3.22403810135389e-05	0.777951838176272	3.28245839353561e-05	3.15710922031359e-05
-222000	0.802298335741425	3.19674640124151e-05	3.09359982875796e-05	0.779035211644459	3.1088724781934e-05	3.00053513137475e-05
-221000	0.803742708835019	3.27831647669503e-05	3.13387916733558e-05	0.780489003050249	3.18351795365762e-05	3.03813881307861e-05
-220000	0.805111735431048	3.10046021298229e-05	2.96355755337935e-05	0.781770803232194	2.98238347514315e-05	2.85420345694868e-05
-219000	0.806123615347568	3.36605661689945e-05	3.2648686252475e-05	0.782799967892117	3.3126451543854e-05	3.209728688393e-05
-218000	0.807405629582062	3.29082784823674e-05	3.16262642478728e-05	0.784017819874779	3.21186386257826e-05	3.09007866431209e-05
-217000	0.808712313372933	3.2587092631241e-05	3.12804088403703e-05	0.785179590089367	3.13184566811152e-05	3.01566864665276e-05
-216000	0.810022368491465	3.26250869588484e-05	3.13150318403168e-05	0.78632364745545	3.15155455664365e-05	3.03714882003532e-05
-215000	0.810736233745385	3.1655107828972e-05	3.09412425750521e-05	0.787004334564136	3.08333065767646e-05	3.01526194680794e-05
-214000	0.812105260341414	3.21166051265586e-05	3.07475785305292e-05	0.788228661636432	3.12182265746241e-05	2.99938995023278e-05
-213000	0.813059399582598	3.02088617755659e-05	2.92547225343822e-05	0.789091400438808	2.90607909241719e-05	2.81980521217959e-05
-212000	0.814701129127201	3.46361106651683e-05	3.29943811205651e-05	0.79064836517365	3.35308503237545e-05	3.19738855889121e-05
-211000	0.816041579707818	3.48275806710548e-05	3.34871300904372e-05	0.791954032214909	3.40521217959009e-05	3.27464547546423e-05
-210000	0.816921335687911	3.34780863702039e-05	3.25983303901108e-05	0.792721571145716	3.2636859849093e-05	3.18693209182854e-05
-209000	0.818121421308931	3.38334136030396e-05	3.26333279820196e-05	0.793808208915289	3.26111200299673e-05	3.1524482260395e-05
-208000	0.819230213517419	3.29723872210628e-05	3.18635950125756e-05	0.794887836463852	3.20543158345374e-05	3.09746882859742e-05
-207000	0.82054112484615	3.13166907475785e-05	3.00057794188473e-05	0.796153796757104	3.03404505806176e-05	2.90744902873656e-05
-206000	0.821366297426018	3.22461604323861e-05	3.14209878525178e-05	0.796883662439129	3.14313158880505e-05	3.07014502060256e-05
-205000	0.82290228501097	3.32340664633167e-05	3.16980788783646e-05	0.798356825600685	3.20385829721197e-05	3.05654198105635e-05
-204000	0.824177717129555	3.55661154813507e-05	3.42906833627656e-05	0.799483758762776	3.44969765077327e-05	3.33700433456414e-05
-203000	0.82510237063199	3.4920158398887e-05	3.39955048964521e-05	0.80015240541553	3.38319152351903e-05	3.3163268582437e-05
-202000	0.827093166372344	3.30435061807674e-05	3.10527104404131e-05	0.802015144217906	3.17465082677797e-05	2.98837694654038e-05
-201000	0.828660833734682	3.39026596029325e-05	3.23349922405951e-05	0.803560764167603	3.28447583881843e-05	3.12991384384866e-05
-200000	0.829685610317333	3.57379461657837e-05	3.47131695831326e-05	0.804498902980682	3.43943383100551e-05	3.34561994969765e-05
-199000	0.83092540268636	3.60934339380318e-05	3.48536415690052e-05	0.805696152405415	3.49222989243859e-05	3.37250494996522e-05
-198000	0.832329533900573	3.50043880772729e-05	3.36002568630599e-05	0.806997431369401	3.41258628993418e-05	3.28245839353561e-05
-197000	0.83351907743351	3.31570075453524e-05	3.19674640124151e-05	0.808170278803446	3.2261572215979e-05	3.1088724781934e-05
-196000	0.834816128859635	3.40802161930754e-05	3.27831647669503e-05	0.809348584577514	3.30134853106438e-05	3.18351795365762e-05
-195000	0.835904693102157	3.20931663723444e-05	3.10046021298229e-05	0.810357628297747	3.08328784716648e-05	2.98238347514315e-05
-194000	0.837229785412319	3.49856584791567e-05	3.36605661689945e-05	0.811599347139723	3.43681703858298e-05	3.3126451543854e-05
-193000	0.83881687804356	3.44953711136084e-05	3.29082784823674e-05	0.813052817466688	3.35721089527479e-05	3.21186386257826e-05
-192000	0.840214159576176	3.39843741638572e-05	3.2587092631241e-05	0.814287258521967	3.25528977363943e-05	3.13184566811152e-05
-191000	0.841487986300637	3.38989136833092e-05	3.26250869588484e-05	0.815402418793814	3.26307058382833e-05	3.15155455664365e-05
-190000	0.842743511532081	3.29106330604163e-05	3.1655107828972e-05	0.816670680151977	3.2101567934928e-05	3.08333065767646e-05
-189000	0.844325413388987	3.36985069834644e-05	3.21166051265586e-05	0.818137796328999	3.26853427516455e-05	3.12182265746241e-05
-188000	0.845868304168673	3.17517525552523e-05	3.02088617755659e-05	0.819556857708567	3.04798523037406e-05	2.90607909241719e-05
-187000	0.847428105099802	3.61959115962969e-05	3.46361106651683e-05	0.820981484454434	3.49554770696206e-05	3.35308503237545e-05
-186000	0.848599561192273	3.59990367635254e-05	3.48275806710548e-05	0.822052389361588	3.51230267030556e-05	3.40521217959009e-05
-185000	0.849757960079199	3.46364852571306e-05	3.34780863702039e-05	0.823096270134318	3.36807406218227e-05	3.2636859849093e-05
-184000	0.850882966768342	3.49584202921817e-05	3.38334136030396e-05	0.824349975919088	3.38648258147375e-05	3.26111200299673e-05
-183000	0.852227163268582	3.43165837213036e-05	3.29723872210628e-05	0.825702306416225	3.34066463316744e-05	3.20543158345374e-05
-182000	0.853807887836464	3.289741531546e-05	3.13166907475785e-05	0.827205062342805	3.18432065071975e-05	3.03404505806176e-05
-181000	0.854723444105528	3.31617167014502e-05	3.22461604323861e-05	0.828125969925617	3.23522234708621e-05	3.14313158880505e-05
-180000	0.8564315299406	3.49421522983893e-05	3.32340664633167e-05	0.829768769732969	3.36813827794723e-05	3.20385829721197e-05
-179000	0.857606571413282	3.67411569540323e-05	3.55661154813507e-05	0.830860865842564	3.55890726173276e-05	3.44969765077327e-05
-178000	0.858589768288115	3.59033552737197e-05	3.4920158398887e-05	0.831716861989618	3.46879113822443e-05	3.38319152351903e-05
-177000	0.86054535238401	3.49990902766629e-05	3.30435061807674e-05	0.833575854872371	3.36055011505325e-05	3.17465082677797e-05
-176000	0.862104083052389	3.54613902713116e-05	3.39026596029325e-05	0.835044469417242	3.43133729330551e-05	3.28447583881843e-05
-175000	0.863629849628084	3.7263712741478e-05	3.57379461657837e-05	0.836460320008562	3.58101889013753e-05	3.43943383100551e-05
-174000	0.865352705089099	3.78162893990475e-05	3.60934339380318e-05	0.838029913843849	3.64918927596726e-05	3.49222989243859e-05
-173000	0.866673302295714	3.63249852838871e-05	3.50043880772729e-05	0.839227537860545	3.53234869160379e-05	3.41258628993418e-05
-172000	0.868199068871408	3.46827741210467e-05	3.31570075453524e-05	0.840668165034516	3.37021993899502e-05	3.2261572215979e-05
-171000	0.86942730240274	3.53084497244074e-05	3.40802161930754e-05	0.841783057740675	3.41283780168031e-05	3.30134853106438e-05
-170000	0.870493658693209	3.31595226628138e-05	3.20931663723444e-05	0.84286942794456	3.19192486755499e-05	3.08328784716648e-05
-169000	0.87218927596725	3.66812757531975e-05	3.49856584791567e-05	0.844389950232782	3.58886926740514e-05	3.43681703858298e-05
-168000	0.874096912291968	3.64030074383262e-05	3.44953711136084e-05	0.846208166104779	3.53903248247444e-05	3.35721089527479e-05
-167000	0.875626478300423	3.55139401723123e-05	3.39843741638572e-05	0.847669288810403	3.40140204420185e-05	3.25528977363943e-05
-166000	0.876876759244394	3.5149194627281e-05	3.38989136833092e-05	0.848815005083748	3.37764221116284e-05	3.26307058382833e-05
-165000	0.87847498260823	3.45088564242521e-05	3.29106330604163e-05	0.850343875421416	3.36304382725959e-05	3.2101567934928e-05
-164000	0.880398351795366	3.56218761705999e-05	3.36985069834644e-05	0.852020602557928	3.43620698881576e-05	3.26853427516455e-05
-163000	0.882072189222454	3.34255899823406e-05	3.17517525552523e-05	0.853601701717772	3.20609514635843e-05	3.04798523037406e-05
-162000	0.883686413014395	3.78101353882378e-05	3.61959115962969e-05	0.855072884893241	3.64266602450902e-05	3.49554770696206e-05
-161000	0.885044201851555	3.7356825600685e-05	3.59990367635254e-05	0.856349547813988	3.63996896238027e-05	3.51230267030556e-05
-160000	0.886394605875742	3.59868892813186e-05	3.46364852571306e-05	0.857711724728421	3.50429175362552e-05	3.36807406218227e-05
-159000	0.888120993203832	3.66848076202708e-05	3.49584202921817e-05	0.859499117033232	3.56522181195483e-05	3.38648258147375e-05
-158000	0.889534810295928	3.57304008133998e-05	3.43165837213036e-05	0.860762241130198	3.46697704286402e-05	3.34066463316744e-05
-157000	0.891332263070584	3.46948680901162e-05	3.289741531546e-05	0.862463530796811	3.35444961738106e-05	3.18432065071975e-05
-156000	0.892733879167336	3.4563332798202e-05	3.31617167014502e-05	0.863710386899984	3.35990795740354e-05	3.23522234708621e-05
-155000	0.894526622785894	3.67348959169476e-05	3.49421522983893e-05	0.865372130358003	3.53431262374913e-05	3.36813827794723e-05
-154000	0.896198747792583	3.84132819607214e-05	3.67411569540323e-05	0.867030127896399	3.72470701557232e-05	3.55890726173276e-05
-153000	0.897711243110184	3.74158505913202e-05	3.59033552737197e-05	0.868424947824691	3.60827313105368e-05	3.46879113822443e-05
-152000	0.899873548456146	3.71613956226254e-05	3.49990902766629e-05	0.870412800342484	3.55933536683256e-05	3.36055011505325e-05
-151000	0.901381174078236	3.69690158934018e-05	3.54613902713116e-05	0.871834430352652	3.57350029432226e-05	3.43133729330551e-05
-150000	0.902928131856371	3.88106705196126e-05	3.7263712741478e-05	0.873259485203618	3.72352437523412e-05	3.58101889013753e-05
-149000	0.904747578530529	3.9635736073206e-05	3.78162893990475e-05	0.8749194627281	3.81518702841548e-05	3.64918927596726e-05
-148000	0.906536736768877	3.81141435222347e-05	3.63249852838871e-05	0.876619361053139	3.70233852410767e-05	3.53234869160379e-05
-147000	0.908677262267887	3.68232996200567e-05	3.46827741210467e-05	0.878555466366993	3.56383047038048e-05	3.37021993899502e-05
-146000	0.910172900947183	3.68040884037031e-05	3.53084497244074e-05	0.879912506020228	3.5485417670038e-05	3.41283780168031e-05
-145000	0.912152994060042	3.5139615775673e-05	3.31595226628138e-05	0.881651843527586	3.36585861829079e-05	3.19192486755499e-05
-144000	0.913899876919784	3.84281586129394e-05	3.66812757531975e-05	0.88324947824691	3.74863273933751e-05	3.58886926740514e-05
-143000	0.916008508588859	3.85116391074009e-05	3.64030074383262e-05	0.885227323807995	3.73681703858297e-05	3.53903248247444e-05
-142000	0.917752073634077	3.72575052175309e-05	3.55139401723123e-05	0.886863113394338	3.5649810028362e-05	3.40140204420185e-05
-141000	0.919420024616043	3.68171456092471e-05	3.5149194627281e-05	0.888392679402793	3.53059881200835e-05	3.37764221116284e-05
-140000	0.921128270990528	3.62171027987371e-05	3.45088564242521e-05	0.889876812757532	3.51145716273345e-05	3.36304382725959e-05
-139000	0.923045218601167	3.75388237812382e-05	3.56218761705999e-05	0.891688928131856	3.61741852624819e-05	3.43620698881576e-05
-138000	0.924923262160861	3.53036335420346e-05	3.34255899823406e-05	0.893376090330176	3.3748113661904e-05	3.20609514635843e-05
-137000	0.926608069781131	3.94949430085086e-05	3.78101353882378e-05	0.895034515973672	3.80850858885857e-05	3.64266602450902e-05
-136000	0.928283566115481	3.9032321935035e-05	3.7356825600685e-05	0.896575961898646	3.79411355487773e-05	3.63996896238027e-05
-135000	0.929964520789854	3.76678439556911e-05	3.59868892813186e-05	0.898187349494301	3.66543051319099e-05	3.50429175362552e-05
-134000	0.931904104457644	3.86243912880613e-05	3.66848076202708e-05	0.899961310001605	3.74261786268529e-05	3.56522181195483e-05
-133000	0.933520468775084	3.73467651308396e-05	3.57304008133998e-05	0.901452078985391	3.61605394124257e-05	3.46697704286402e-05
-132000	0.935394980467705	3.65693797827367e-05	3.46948680901162e-05	0.903235939423128	3.53283566115481e-05	3.35444961738106e-05
-131000	0.937316797773853	3.64851501043506e-05	3.4563332798202e-05	0.90499935784235	3.53624979932573e-05	3.35990795740354e-05
-130000	0.93958414940868	3.9002247551774e-05	3.67348959169476e-05	0.906997163803714	3.73409321988548e-05	3.53431262374913e-05
-129000	0.941716005779419	4.05451383314604e-05	3.84132819607214e-05	0.908956386792958	3.92062931449671e-05	3.72470701557232e-05
-128000	0.943470166425858	3.91700112377588e-05	3.74158505913202e-05	0.910528870337668	3.76552148552469e-05	3.60827313105368e-05
-127000	0.945193289452561	3.88845186493284e-05	3.71613956226254e-05	0.912196018622572	3.72605019532295e-05	3.55933536683256e-05
-126000	0.946973457483812	3.87491839246535e-05	3.69690158934018e-05	0.913870391181035	3.74093755016857e-05	3.57350029432226e-05
-125000	0.948609033017606	4.04462460534061e-05	3.88106705196126e-05	0.915240488039814	3.860534061112e-05	3.72352437523412e-05
-124000	0.950372665489378	4.13993685449779e-05	3.9635736073206e-05	0.916817359661797	3.9728741906138e-05	3.81518702841548e-05
-123000	0.952554877722481	4.02963557553379e-05	3.81141435222347e-05	0.918904853641569	3.91108792208487e-05	3.70233852410767e-05
-122000	0.954763685984909	3.90321078824852e-05	3.68232996200567e-05	0.920913201691015	3.7646652753251e-05	3.56383047038048e-05
-121000	0.956672767164339	3.87131695831327e-05	3.68040884037031e-05	0.922607053031519	3.71792690105421e-05	3.5485417670038e-05
-120000	0.95903879702467	3.75056456360037e-05	3.5139615775673e-05	0.92489634505271	3.59478782040991e-05	3.36585861829079e-05
-119000	0.960772301600043	4.01616631883127e-05	3.84281586129394e-05	0.926528442232568	3.91184245732327e-05	3.74863273933751e-05
-118000	0.962651843527586	4.03911810349441e-05	3.85116391074009e-05	0.92825477604752	3.90945042007813e-05	3.73681703858297e-05
-117000	0.964478032857066	3.90836945470113e-05	3.72575052175309e-05	0.929952533847059	3.73475678279017e-05	3.5649810028362e-05
-116000	0.966483116605127	3.88222293573072e-05	3.68171456092471e-05	0.931847969176433	3.72014234494569e-05	3.53059881200835e-05
-115000	0.968163161556162	3.78971477497725e-05	3.62171027987371e-05	0.93341692085407	3.66835233049713e-05	3.51145716273345e-05
-114000	0.970227323807995	3.96029860330711e-05	3.75388237812382e-05	0.935412158184834	3.81694225932466e-05	3.61741852624819e-05
-113000	0.972369454701129	3.74457644351689e-05	3.53036335420346e-05	0.937365869320918	3.57018247979879e-05	3.3748113661904e-05
-112000	0.974049767217852	4.11752555252314e-05	3.94949430085086e-05	0.938959811633756	3.96790282014235e-05	3.80850858885857e-05
-111000	0.976241130197464	4.12236849146465e-05	3.9032321935035e-05	0.940925295660085	3.99066195751057e-05	3.79411355487773e-05
-110000	0.978249157168085	3.96758709263124e-05	3.76678439556911e-05	0.942726708406914	3.84557178787393e-05	3.66543051319099e-05
-109000	0.980141916840584	4.05171509605609e-05	3.86243912880613e-05	0.944429175362552	3.91286455824905e-05	3.74261786268529e-05
-108000	0.982017284743405	3.92221330336597e-05	3.73467651308396e-05	0.94610215657944	3.78335206293145e-05	3.61605394124257e-05
-107000	0.984012950179269	3.85650452186012e-05	3.65693797827367e-05	0.947920961095949	3.71471611280569e-05	3.53283566115481e-05
-106000	0.98584909295232	3.83212928774013e-05	3.64851501043506e-05	0.949619200513726	3.70607374110344e-05	3.53624979932573e-05
-105000	0.987993096805266	4.11462514047199e-05	3.9002247551774e-05	0.951667950981966	3.93896826670947e-05	3.73409321988548e-05
-104000	0.989935195590517	4.24872371167122e-05	4.05451383314604e-05	0.953211002301065	4.07493444640659e-05	3.92062931449671e-05
-103000	0.991938406378766	4.11732220260074e-05	3.91700112377588e-05	0.955014876652218	3.94590892064002e-05	3.76552148552469e-05
-102000	0.993905442286081	4.08515545566437e-05	3.88845186493284e-05	0.956933536683256	3.91791619842672e-05	3.72605019532295e-05
-101000	0.995839942205812	4.06836838443838e-05	3.87491839246535e-05	0.958750896345053	3.92267351634826e-05	3.74093755016857e-05
-100000	0.997687001658907	4.22933055065018e-05	4.04462460534061e-05	0.96043217209825	4.02866163643174e-05	3.860534061112e-05
-99000	0.999451650880291	4.31640177663617e-05	4.13993685449779e-05	0.962100390645904	4.13969604537913e-05	3.9728741906138e-05
-98000	1.00167378391395	4.25184887889977e-05	4.02963557553379e-05	0.964099159843742	4.11096484186868e-05	3.91108792208487e-05
-97000	1.00395943704179	4.13177610103281e-05	3.90321078824852e-05	0.966219831968748	3.97673248782576e-05	3.7646652753251e-05
-96000	1.00600866912827	4.07624016696099e-05	3.87131695831327e-05	0.968012040455932	3.89714774977257e-05	3.71792690105421e-05
-95000	1.00798159148071	3.94785679884411e-05	3.75056456360037e-05	0.969875207363408	3.78110451115749e-05	3.59478782040991e-05
-94000	1.01016567667362	4.23457483812275e-05	4.01616631883127e-05	0.971846738374271	4.10899555840959e-05	3.91184245732327e-05
-93000	1.01210986247124	4.23353668325573e-05	4.03911810349441e-05	0.973656713223096	4.09044790496066e-05	3.90945042007813e-05
-92000	1.01438374270883	4.13575747846096e-05	3.90836945470113e-05	0.975738855889121	3.94297104939263e-05	3.73475678279017e-05
-91000	1.01677422807299	4.12127147214641e-05	3.88222293573072e-05	0.978043773746455	3.95063413067909e-05	3.72014234494569e-05
-90000	1.01862069888158	3.97436185583561e-05	3.78971477497725e-05	0.979653502434848	3.82932519933643e-05	3.66835233049713e-05
-89000	1.02091710815005	4.18993953015465e-05	3.96029860330711e-05	0.98162717397121	4.01430941296088e-05	3.81694225932466e-05
-88000	1.02299909027666	3.95277465617809e-05	3.74457644351689e-05	0.983687643816557	3.77622946433349e-05	3.57018247979879e-05
-87000	1.02499796650078	4.31741317493444e-05	4.11752555252314e-05	0.985448975223417	4.14403596082838e-05	3.96790282014235e-05
-86000	1.02725616738909	4.34818858029647e-05	4.12236849146465e-05	0.987497939744207	4.19555840958956e-05	3.99066195751057e-05
-85000	1.02962348156472	4.20431851019425e-05	3.96758709263124e-05	0.989604002782683	4.05617809172152e-05	3.84557178787393e-05
-84000	1.03214148873548	4.30351581313212e-05	4.05171509605609e-05	0.991906833627656	4.14314764274629e-05	3.91286455824905e-05
-83000	1.03399764542195	4.10782897201263e-05	3.92221330336597e-05	0.993557820945042	3.9484507946701e-05	3.78335206293145e-05
-82000	1.03608888532135	4.06562851179964e-05	3.85650452186012e-05	0.995455985444427	3.90453256274416e-05	3.71471611280569e-05
-81000	1.03790603093059	4.01384384866485e-05	3.83212928774013e-05	0.996956226253545	3.8560978220153e-05	3.70607374110344e-05
-80000	1.03978664312089	4.30268635950126e-05	4.11462514047199e-05	0.998777117782416	4.12105741959651e-05	3.93896826670947e-05
-79000	1.04177915128164	4.44797452774656e-05	4.24872371167122e-05	1.00051800717076	4.24902338524108e-05	4.07493444640659e-05
-78000	1.04399261518703	4.33866859313962e-05	4.11732220260074e-05	1.00251265585701	4.14537378926526e-05	3.94590892064002e-05
-77000	1.04646326323112	4.33222026007385e-05	4.08515545566437e-05	1.00474565205758	4.14121581848344e-05	3.91791619842672e-05
-76000	1.04826269599187	4.24831166051265e-05	4.06836838443838e-05	1.00638780970728	4.08688928131857e-05	3.92267351634826e-05
-75000	1.05046342377054	4.44940332851715e-05	4.22933055065018e-05	1.00837507358056	4.22738802375984e-05	4.02866163643174e-05
-74000	1.05252560603628	4.52262000321079e-05	4.31640177663617e-05	1.01028463637823	4.33065232514582e-05	4.13969604537913e-05
-73000	1.05491170332317	4.49045860758816e-05	4.25184887889977e-05	1.01237496655429	4.3199978594745e-05	4.11096484186868e-05
-72000	1.05753967999144	4.39457376786e-05	4.13177610103281e-05	1.01479033552737	4.21826938513406e-05	3.97673248782576e-05
-71000	1.06000647508963	4.32291967678064e-05	4.07624016696099e-05	1.01703537218387	4.12165141542248e-05	3.89714774977257e-05
-70000	1.06206073741103	4.15328303098411e-05	3.94785679884411e-05	1.01894889495371	3.97245678814149e-05	3.78110451115749e-05
-69000	1.0643785519345	4.46635629046931e-05	4.23457483812275e-05	1.02101311071868	4.31541713490661e-05	4.10899555840959e-05
-68000	1.06672547760475	4.46822925028095e-05	4.23353668325573e-05	1.02312950179269	4.30208701236153e-05	4.09044790496066e-05
-67000	1.06943800503024	4.40701022100926e-05	4.13575747846096e-05	1.02553454273024	4.18347514314764e-05	3.94297104939263e-05
-66000	1.07201006046985	4.37847701610745e-05	4.12127147214641e-05	1.02785225022743	4.18240488039814e-05	3.95063413067909e-05
-65000	1.07405351313748	4.1787071225986e-05	3.97436185583561e-05	1.0296825600685	4.01235618344303e-05	3.82932519933643e-05
-64000	1.07679301118425	4.4638893348317e-05	4.18993953015465e-05	1.03222314978327	4.26836838443838e-05	4.01430941296088e-05
-63000	1.07910542088083	4.18401562583614e-05	3.95277465617809e-05	1.03443468721571	3.99738320757746e-05	3.77622946433349e-05
-62000	1.08187130090437	4.59400117728902e-05	4.31741317493444e-05	1.03687584952106	4.38815219136297e-05	4.14403596082838e-05
-61000	1.0846947075507	4.63052924492963e-05	4.34818858029647e-05	1.03939444533633	4.44741799111682e-05	4.19555840958956e-05
-60000	1.08755910526034	4.49075828115802e-05	4.20431851019425e-05	1.04202953925189	4.31968748327715e-05	4.05617809172152e-05
-59000	1.09076989350886	4.62459463798362e-05	4.30351581313212e-05	1.04496323647455	4.43651736501311e-05	4.14314764274629e-05
-58000	1.09342505485097	4.37334510622358e-05	4.10782897201263e-05	1.04727521806604	4.17964895381816e-05	3.9484507946701e-05
-57000	1.09577984695243	4.30110772194574e-05	4.06562851179964e-05	1.04942719537646	4.11973029378713e-05	3.90453256274416e-05
-56000	1.09819559051747	4.25541820516937e-05	4.01384384866485e-05	1.05154240916145	4.06761920051372e-05	3.8560978220153e-05
-55000	1.10101765933537	4.58489324129074e-05	4.30268635950126e-05	1.05408155402151	4.37497190560283e-05	4.12105741959651e-05
-54000	1.10364799058169	4.71100765237866e-05	4.44797452774656e-05	1.05652496387863	4.49336437095306e-05	4.24902338524108e-05
-53000	1.10642601808744	4.61647134371488e-05	4.33866859313962e-05	1.05901958580832	4.39483598223364e-05	4.14537378926526e-05
-52000	1.10932434312624	4.62205276395355e-05	4.33222026007385e-05	1.06155910526034	4.39516776368599e-05	4.14121581848344e-05
-51000	1.11207390164285	4.52326751217424e-05	4.24831166051265e-05	1.06401926472949	4.33290522823353e-05	4.08688928131857e-05
-50000	1.11515272649435	4.75728581366726e-05	4.44940332851715e-05	1.06685027024134	4.51048857494515e-05	4.22738802375984e-05
-49000	1.11781457697865	4.78880505164017e-05	4.52262000321079e-05	1.06934130679082	4.57975598009311e-05	4.33065232514582e-05
-48000	1.12088061219029	4.79706212875261e-05	4.49045860758816e-05	1.07205158666453	4.5910258468454e-05	4.3199978594745e-05
-47000	1.12420532990849	4.72704553967999e-05	4.39457376786e-05	1.07502210092578	4.51532081125916e-05	4.21826938513406e-05
-46000	1.12754123187242	4.65650987317386e-05	4.32291967678064e-05	1.07813228447584	4.43266977042864e-05	4.12165141542248e-05
-45000	1.13054085728046	4.45324557178787e-05	4.15328303098411e-05	1.08104243591802	4.26347193235939e-05	3.97245678814149e-05
-44000	1.13361652485685	4.77392304810831e-05	4.46635629046931e-05	1.08379793439289	4.59096698239418e-05	4.31541713490661e-05
-43000	1.13700679616846	4.80725638144165e-05	4.46822925028095e-05	1.08688617755659	4.6109113287312e-05	4.30208701236153e-05
-42000	1.14057093166372	4.76342377053567e-05	4.40701022100926e-05	1.0901326590678	4.50812329426874e-05	4.18347514314764e-05
-41000	1.14422866163643	4.74425001337828e-05	4.37847701610745e-05	1.09344496173811	4.51363514742869e-05	4.18240488039814e-05
-40000	1.14768614544871	4.52445550382618e-05	4.1787071225986e-05	1.09666206453684	4.33406646331674e-05	4.01235618344303e-05
-39000	1.1518414940868	4.87942419864076e-05	4.4638893348317e-05	1.10042628565313	4.64479049606678e-05	4.26836838443838e-05
-38000	1.15564205062343	4.56407127949912e-05	4.18401562583614e-05	1.10391395087494	4.34614972975865e-05	3.99738320757746e-05
-37000	1.15979830898486	5.0096270134318e-05	4.59400117728902e-05	1.10769374431423	4.76613153529192e-05	4.38815219136297e-05
-36000	1.16422496922995	5.07319526943865e-05	4.63052924492963e-05	1.11192850644833	4.87089420452721e-05	4.44741799111682e-05
-35000	1.16858120618612	4.9263819767753e-05	4.49075828115802e-05	1.11605452988709	4.73228982715256e-05	4.31968748327715e-05
-34000	1.17322411301975	5.08888532134639e-05	4.62459463798362e-05	1.12047187884626	4.87825226093006e-05	4.43651736501311e-05
-33000	1.17760020334992	4.81095413924119e-05	4.37334510622358e-05	1.12451827473645	4.58428854283727e-05	4.17964895381816e-05
-32000	1.18152421469471	4.69350885642425e-05	4.30110772194574e-05	1.12811521378498	4.47942419864076e-05	4.11973029378713e-05
-31000	1.18607941349601	4.71093808529994e-05	4.25541820516937e-05	1.13234344731632	4.49044255364692e-05	4.06761920051372e-05
-30000	1.19050002675657	5.02695456734629e-05	4.58489324129074e-05	1.13643458018944	4.78408519291486e-05	4.37497190560283e-05
-29000	1.19478188045165	5.13919302188688e-05	4.71100765237866e-05	1.14046642050623	4.89654840263284e-05	4.49336437095306e-05
-28000	1.19907251030128	5.04553432867769e-05	4.61647134371488e-05	1.14458843045968	4.80703697757801e-05	4.39483598223364e-05
-27000	1.20304216835233	5.01901856905871e-05	4.62205276395355e-05	1.14828522502274	4.7648472199925e-05	4.39516776368599e-05
-26000	1.20713506715899	4.93255739283994e-05	4.52326751217424e-05	1.15215197731043	4.71958045700219e-05	4.33290522823353e-05
-25000	1.21156991491411	5.20077058917964e-05	4.75728581366726e-05	1.15632803553272	4.9280943971745e-05	4.51048857494515e-05
-24000	1.21526547867501	5.15836142773051e-05	4.78880505164017e-05	1.15976957243003	4.92390966982394e-05	4.57975598009311e-05
-23000	1.21913897361802	5.18441162305346e-05	4.79706212875261e-05	1.16336399636111	4.9504682399529e-05	4.5910258468454e-05
-22000	1.22278519826617	5.09166800449511e-05	4.72704553967999e-05	1.16679536576229	4.85845775137797e-05	4.51532081125916e-05
-21000	1.22642575052175	5.02056509873174e-05	4.65650987317386e-05	1.17023861508	4.77699470219939e-05	4.43266977042864e-05
-20000	1.22982570771124	4.79324129073688e-05	4.45324557178787e-05	1.17342880077059	4.5824905014181e-05	4.26347193235939e-05
-19000	1.23287873923048	5.07922620003211e-05	4.77392304810831e-05	1.17627575319741	4.87566222507626e-05	4.59096698239418e-05
-18000	1.23585979557981	5.10536201637501e-05	4.80725638144165e-05	1.17919173757157	4.90250976614759e-05	4.6109113287312e-05
-17000	1.23912072563814	5.08951677636861e-05	4.76342377053567e-05	1.18238946861454	4.82789639856585e-05	4.50812329426874e-05
-16000	1.24212227751913	5.04440520147696e-05	4.74425001337828e-05	1.18524482260395	4.79917054636913e-05	4.51363514742869e-05
-15000	1.24492251297694	4.80447904960668e-05	4.52445550382618e-05	1.18793776422112	4.60336062503344e-05	4.33406646331674e-05
-14000	1.24730962701343	5.11813560229036e-05	4.87942419864076e-05	1.19016219831969	4.8672339059239e-05	4.64479049606678e-05
-13000	1.24977850912399	4.81095949055493e-05	4.56407127949912e-05	1.19240466634559	4.57039653234869e-05	4.34614972975865e-05
-12000	1.25168025900359	5.19980200139135e-05	5.0096270134318e-05	1.19413677957939	4.9393428586718e-05	4.76613153529192e-05
-11000	1.25338978969337	5.24414833841708e-05	5.07319526943865e-05	1.19566457965431	5.02367421201905e-05	4.87089420452721e-05
-10000	1.25521244715578	5.108647723016e-05	4.9263819767753e-05	1.19735602290362	4.90143415208434e-05	4.73228982715256e-05
-9000	1.25693664044523	5.26130465029165e-05	5.08888532134639e-05	1.19890185690587	5.03283566115482e-05	4.87825226093006e-05
-8000	1.25805923904319	4.92321399903676e-05	4.81095413924119e-05	1.20001835500615	4.69593835286563e-05	4.58428854283727e-05
-7000	1.25924391288061	4.81197624016696e-05	4.69350885642425e-05	1.20115401080965	4.59298977899074e-05	4.47942419864076e-05
-6000	1.26031840316798	4.8183871140365e-05	4.71093808529994e-05	1.20220928988067	4.59597046074811e-05	4.49044255364692e-05
-5000	1.26102306416225	5.0974206667737e-05	5.02695456734629e-05	1.20289473965859	4.85263017070691e-05	4.78408519291486e-05
-4000	1.26168314871301	5.2052014769626e-05	5.13919302188688e-05	1.20352325145823	4.95939958259753e-05	4.89654840263284e-05
-3000	1.26193294803874	5.07051426125113e-05	5.04553432867769e-05	1.2038130786108	4.83601969283459e-05	4.80703697757801e-05
-2000	1.2623044362391	5.05616738909402e-05	5.01901856905871e-05	1.20409744742334	4.79328410124686e-05	4.7648472199925e-05
-1000	1.26232980146626	4.93509391555627e-05	4.93255739283994e-05	1.2041382244341	4.72365815807781e-05	4.71958045700219e-05
0	1.26235522020656	5.20331246320971e-05	5.20077058917964e-05	1.20420340343554	4.93461229731899e-05	4.9280943971745e-05
1000	1.26198774549152	5.12161395622625e-05	5.15836142773051e-05	1.20383865789051	4.88743511532082e-05	4.92390966982394e-05
2000	1.26164579654305	5.15021672820678e-05	5.18441162305346e-05	1.20352314443196	4.9189168940975e-05	4.9504682399529e-05
3000	1.26129057633649	5.05614598383903e-05	5.09166800449511e-05	1.20320955744635	4.82709905281747e-05	4.85845775137797e-05
4000	1.26067084069139	4.95859153422165e-05	5.02056509873174e-05	1.20270043345641	4.72608230320543e-05	4.77699470219939e-05
5000	1.2598897629368	4.715133515278e-05	4.79324129073688e-05	1.20191395087494	4.50384224327072e-05	4.5824905014181e-05
6000	1.25847605287098	4.93785519345e-05	5.07922620003211e-05	1.20053416813828	4.73768395141007e-05	4.87566222507626e-05
7000	1.25698453470327	4.956210199604e-05	5.10536201637501e-05	1.19915700754535	4.76479370685503e-05	4.90250976614759e-05
8000	1.25575694332959	4.96675763900038e-05	5.08951677636861e-05	1.1980318403168	4.71537967571039e-05	4.82789639856585e-05
9000	1.25440712794991	4.90942366350939e-05	5.04440520147696e-05	1.19683030984107	4.67901749879595e-05	4.79917054636913e-05
10000	1.25275046823995	4.6388130786108e-05	4.80447904960668e-05	1.19527013431798	4.44734307272435e-05	4.60336062503344e-05
11000	1.25065660619682	4.9087493979772e-05	5.11813560229036e-05	1.19330828918499	4.67104939262589e-05	4.8672339059239e-05
12000	1.24847557125274	4.59285599614705e-05	4.81095949055493e-05	1.19111933429657	4.35150104350618e-05	4.57039653234869e-05
13000	1.24577192700808	4.92943757692513e-05	5.19980200139135e-05	1.18846347728367	4.67375715738214e-05	4.9393428586718e-05
14000	1.2429427409429	4.96122973189918e-05	5.24414833841708e-05	1.18569085460481	4.74641194413228e-05	5.02367421201905e-05
15000	1.23987167549633	4.80154117835929e-05	5.108647723016e-05	1.1827553914486	4.60788783646385e-05	4.90143415208434e-05
16000	1.23709584202922	4.98372130358004e-05	5.26130465029165e-05	1.180056830952	4.76297961149462e-05	5.03283566115482e-05
17000	1.23375383956761	4.58901375287633e-05	4.92321399903676e-05	1.17701830149302	4.39208540696741e-05	4.69593835286563e-05
18000	1.23107550703698	4.54414298710334e-05	4.81197624016696e-05	1.17443511532081	4.33467116177022e-05	4.59298977899074e-05
19000	1.22766912827099	4.4777492374378e-05	4.8183871140365e-05	1.17118740300744	4.27119922941082e-05	4.59597046074811e-05
20000	1.2235421951089	4.68472735056456e-05	5.0974206667737e-05	1.16744603200086	4.47849307004869e-05	4.85263017070691e-05
21000	1.21994038636485	4.84502060255793e-05	5.2052014769626e-05	1.16412596992562	4.62739337507358e-05	4.95939958259753e-05
22000	1.21567667362337	4.64414298710333e-05	5.07051426125113e-05	1.16018997163804	4.44241986407663e-05	4.83601969283459e-05
23000	1.21213458554075	4.70195858083159e-05	5.05616738909402e-05	1.15672692245946	4.44697918338952e-05	4.79328410124686e-05
24000	1.20791181034944	4.51281639642532e-05	4.93509391555627e-05	1.15281548670199	4.33251458232996e-05	4.72365815807781e-05
25000	1.20339123454808	4.75125488307379e-05	5.20331246320971e-05	1.14861277893723	4.51434152084337e-05	4.93461229731899e-05
26000	1.19878862310697	4.66135281211538e-05	5.12161395622625e-05	1.14432541338899	4.4586985604966e-05	4.88743511532082e-05
27000	1.19432439663938	4.70379408144699e-05	5.15021672820678e-05	1.14019173757157	4.50554931235619e-05	4.9189168940975e-05
28000	1.19072446085514	4.69615240541553e-05	5.05614598383903e-05	1.13678305774068	4.48623106972762e-05	4.82709905281747e-05
29000	1.18640488039814	4.52663348852143e-05	4.95859153422165e-05	1.13288735484561	4.33651201369936e-05	4.72608230320543e-05
30000	1.18221635361481	4.29628083694547e-05	4.715133515278e-05	1.12894108203564	4.10921496227324e-05	4.50384224327072e-05
31000	1.17752169957725	4.46838978969337e-05	4.93785519345e-05	1.1245447637395	4.2980521217959e-05	4.73768395141007e-05
32000	1.17314967624552	4.51900786643122e-05	4.956210199604e-05	1.12034162786964	4.34448011986943e-05	4.76479370685503e-05
33000	1.16880077058918	4.53186707336651e-05	4.96675763900038e-05	1.11627115106759	4.3083319955049e-05	4.71537967571039e-05
34000	1.1650461283245	4.5339594370418e-05	4.90942366350939e-05	1.11280403489057	4.33230588109381e-05	4.67901749879595e-05
35000	1.16083726654894	4.21792690105421e-05	4.6388130786108e-05	1.1088359287205	4.05053245571788e-05	4.44734307272435e-05
36000	1.15654037566223	4.47906030930594e-05	4.9087493979772e-05	1.10493262695992	4.28071921656767e-05	4.67104939262589e-05
37000	1.15234119976454	4.17293840637877e-05	4.59285599614705e-05	1.10099154492428	3.9573928399422e-05	4.35150104350618e-05
38000	1.1482881682453	4.52413442500134e-05	4.92943757692513e-05	1.09730721892225	4.30532455717878e-05	4.67375715738214e-05
39000	1.14472413977632	4.60482688500027e-05	4.96122973189918e-05	1.09409546743726	4.42523679563333e-05	4.74641194413228e-05
40000	1.14110354792101	4.43948199282924e-05	4.80154117835929e-05	1.09074602664954	4.27294375769251e-05	4.60788783646385e-05
41000	1.13765136190935	4.63850270241344e-05	4.98372130358004e-05	1.08770433991545	4.45881093808531e-05	4.76297961149462e-05
42000	1.13460935409643	4.28481297158453e-05	4.58901375287633e-05	1.08492914860598	4.11456627602076e-05	4.39208540696741e-05
43000	1.13152276984	4.23548456145984e-05	4.54414298710334e-05	1.08201915770322	4.04367207149355e-05	4.33467116177022e-05
44000	1.1281110932734	4.13658158077808e-05	4.4777492374378e-05	1.07904548616685	3.9738320757746e-05	4.27119922941082e-05
45000	1.12440391716166	4.31400973939102e-05	4.68472735056456e-05	1.07573869534971	4.14781398833414e-05	4.47849307004869e-05
46000	1.12144576443517	4.54920532990849e-05	4.84502060255793e-05	1.07314555573393	4.36807941349601e-05	4.62739337507358e-05
47000	1.11787435115321	4.28700165890727e-05	4.64414298710333e-05	1.06992941617167	4.12080590785038e-05	4.44241986407663e-05
48000	1.11473703644245	4.38822710975544e-05	4.70195858083159e-05	1.06705720554396	4.15975812061862e-05	4.44697918338952e-05
49000	1.11151543854016	4.19065660619682e-05	4.51281639642532e-05	1.06417311499973	4.0441055279071e-05	4.33251458232996e-05
50000	1.1080068496816	4.40039599721732e-05	4.75125488307379e-05	1.06094627280997	4.19165730186761e-05	4.51434152084337e-05
51000	1.10461112002997	4.32177984695243e-05	4.66135281211538e-05	1.05789880665703	4.15395194520255e-05	4.4586985604966e-05
52000	1.10152961952159	4.39564403060952e-05	4.70379408144699e-05	1.05507545352384	4.22321399903676e-05	4.50554931235619e-05
53000	1.0988212126077	4.4253117140258e-05	4.69615240541553e-05	1.05274094290148	4.25278000749184e-05	4.48623106972762e-05
54000	1.09601509070477	4.24602129822872e-05	4.52663348852143e-05	1.05021630010167	4.08404773371863e-05	4.33651201369936e-05
55000	1.09326398030717	4.02116979718521e-05	4.29628083694547e-05	1.04784218975759	3.87180392786429e-05	4.10921496227324e-05
56000	1.09051608069781	4.19359982875796e-05	4.46838978969337e-05	1.04535864504736	4.04969765077326e-05	4.2980521217959e-05
57000	1.08787413710066	4.2548135067159e-05	4.51900786643122e-05	1.04293182426286	4.10179804141917e-05	4.34448011986943e-05
58000	1.08535532723284	4.27998608658426e-05	4.53186707336651e-05	1.04070637341467	4.08578691068657e-05	4.3083319955049e-05
59000	1.08315347567828	4.31377428158613e-05	4.5339594370418e-05	1.03868833948734	4.13050248836089e-05	4.33230588109381e-05
60000	1.08021432011559	3.92401134478515e-05	4.21792690105421e-05	1.0359922941082	3.78092791780382e-05	4.05053245571788e-05
61000	1.07726467597795	4.18409589554235e-05	4.47906030930594e-05	1.03330448975223	4.01193878097072e-05	4.28071921656767e-05
62000	1.07455396799914	3.90186760849789e-05	4.17293840637877e-05	1.03088221758442	3.71516562316048e-05	3.9573928399422e-05
63000	1.07208513940172	4.27725156525927e-05	4.52413442500134e-05	1.02867068015198	4.08417081393482e-05	4.30532455717878e-05
64000	1.06983544710226	4.37985765505432e-05	4.60482688500027e-05	1.02675309038369	4.23347781880452e-05	4.42523679563333e-05
65000	1.06737186279232	4.19312356183443e-05	4.43948199282924e-05	1.02454599454166	4.05223417348959e-05	4.27294375769251e-05
66000	1.06500406699845	4.4017231230267e-05	4.63850270241344e-05	1.02238550864237	4.24276234815647e-05	4.45881093808531e-05
67000	1.06285048429389	4.06945470112912e-05	4.28481297158453e-05	1.02041376357896	3.91739176967945e-05	4.11456627602076e-05
68000	1.06014015090705	3.96445122277519e-05	4.23548456145984e-05	1.01806555359341	3.8088510729384e-05	4.04367207149355e-05
69000	1.05799855514529	3.92242200460213e-05	4.13658158077808e-05	1.01613833146037	3.78110986247124e-05	3.9738320757746e-05
70000	1.05528559961471	4.04271418633275e-05	4.31400973939102e-05	1.0136205918553	3.89604002782684e-05	4.14781398833414e-05
71000	1.05297126344518	4.31777171295553e-05	4.54920532990849e-05	1.01160464494033	4.16648472199925e-05	4.36807941349601e-05
72000	1.05060196928346	4.05007224273559e-05	4.28700165890727e-05	1.00935002943223	3.89534435703965e-05	4.12080590785038e-05
73000	1.04799662867234	4.12769304864344e-05	4.38822710975544e-05	1.00710574195965	3.93532937336116e-05	4.15975812061862e-05
74000	1.04532247016643	3.9232407556055e-05	4.19065660619682e-05	1.00468309519987	3.80184085192915e-05	4.0441055279071e-05
75000	1.04255396799914	4.12354578048911e-05	4.40039599721732e-05	1.00210097929042	3.93344571092204e-05	4.19165730186761e-05
76000	1.04044496173811	4.11087922084872e-05	4.32177984695243e-05	1.00010135388238	3.95398940439878e-05	4.15395194520255e-05
77000	1.03779033552737	4.13018140953604e-05	4.39564403060952e-05	0.997651843527586	3.97826296355755e-05	4.22321399903676e-05
78000	1.03519767752983	4.16604591427196e-05	4.4253117140258e-05	0.995352491036549	4.02284475838819e-05	4.25278000749184e-05
79000	1.03268389789693	3.99464333493873e-05	4.24602129822872e-05	0.9929720126291	3.84599989297373e-05	4.08404773371863e-05
80000	1.03085679884412	3.83845989190346e-05	4.02116979718521e-05	0.991342002461604	3.70880291111468e-05	3.87180392786429e-05
81000	1.02845545031305	3.95346497565152e-05	4.19359982875796e-05	0.989013217744956	3.81681917910847e-05	4.04969765077326e-05
82000	1.02617557660406	4.02682613581635e-05	4.2548135067159e-05	0.986969069406539	3.89738320757746e-05	4.10179804141917e-05
83000	1.02410873869535	4.07330229571359e-05	4.27998608658426e-05	0.985017284743405	3.89060844437309e-05	4.08578691068657e-05
84000	1.02229255632258	4.13215604430888e-05	4.31377428158613e-05	0.98340546904265	3.96932091828543e-05	4.13050248836089e-05
85000	1.01991737571574	3.68649328410125e-05	3.92401134478515e-05	0.981305024883609	3.57088350189972e-05	3.78092791780382e-05
86000	1.01757954727886	3.95031305185423e-05	4.18409589554235e-05	0.979142612511372	3.79569754374699e-05	4.01193878097072e-05
87000	1.01539300048162	3.68321292877402e-05	3.90186760849789e-05	0.977208754749291	3.52177984695243e-05	3.71516562316048e-05
88000	1.01361192272703	4.0991437898004e-05	4.27725156525927e-05	0.975683897896934	3.93168512869909e-05	4.08417081393482e-05
89000	1.011542623214	4.17292770375127e-05	4.37985765505432e-05	0.97391288061219	4.05637609033018e-05	4.23347781880452e-05
90000	1.00903119815915	3.94198105634934e-05	4.19312356183443e-05	0.971682774121047	3.82922352437523e-05	4.05223417348959e-05
91000	1.00697404612832	4.19600791994435e-05	4.4017231230267e-05	0.969805105153315	4.05499545138331e-05	4.24276234815647e-05
92000	1.00506100497672	3.87815058596885e-05	4.06945470112912e-05	0.968104029539252	3.74728420827313e-05	3.91739176967945e-05
93000	1.00259340718146	3.71769144324932e-05	3.96445122277519e-05	0.965872799272221	3.58572804623535e-05	3.8088510729384e-05
94000	1.000643441965	3.72742548295607e-05	3.92242200460213e-05	0.96404259645743	3.59808958099213e-05	3.78110986247124e-05
95000	0.998385990260609	3.8169690158934e-05	4.04271418633275e-05	0.962001391341574	3.69191951624124e-05	3.89604002782684e-05
96000	0.99657355380746	4.13652806764061e-05	4.31777171295553e-05	0.96039952908439	4.00629849628084e-05	4.16648472199925e-05
97000	0.994688125434794	3.86152940546904e-05	4.05007224273559e-05	0.958676084978862	3.72299994648686e-05	3.89534435703965e-05
98000	0.992410445764435	3.89992508160753e-05	4.12769304864344e-05	0.956744849360518	3.74220581152673e-05	3.93532937336116e-05
99000	0.990006689142184	3.68286509338042e-05	3.9232407556055e-05	0.954537485952801	3.58110451115749e-05	3.80184085192915e-05
100000	0.987629849628084	3.88586182907904e-05	4.12354578048911e-05	0.952400492320865	3.71974634772837e-05	3.93344571092204e-05
101000	0.986013431797506	3.94923743779098e-05	4.11087922084872e-05	0.950824476909081	3.79638786322042e-05	3.95398940439878e-05
102000	0.983720768448654	3.90091507465083e-05	4.13018140953604e-05	0.948876491678707	3.78346444052015e-05	3.97826296355755e-05
103000	0.981066088724782	3.90057794188473e-05	4.16604591427196e-05	0.946396639374967	3.77485952801413e-05	4.02284475838819e-05
104000	0.979205276395355	3.80856210199604e-05	3.99464333493873e-05	0.944589179643602	3.66525391983732e-05	3.84599989297373e-05
105000	0.977371862792315	3.65511853159951e-05	3.83845989190346e-05	0.94293557018248	3.54344196500241e-05	3.70880291111468e-05
106000	0.975469149676246	3.76319366404453e-05	3.95346497565152e-05	0.941070209236368	3.63028308449725e-05	3.81681917910847e-05
107000	0.973439717450634	3.8238829132552e-05	4.02682613581635e-05	0.939222079520522	3.71257023599294e-05	3.89738320757746e-05
108000	0.971306790817146	3.86000963236475e-05	4.07330229571359e-05	0.937234869160379	3.69188740835875e-05	3.89060844437309e-05
109000	0.969271525659549	3.92862952854927e-05	4.13215604430888e-05	0.93543768395141	3.78960239738856e-05	3.96932091828543e-05
110000	0.967472306951357	3.50657141328196e-05	3.68649328410125e-05	0.933755659014288	3.40268100818751e-05	3.57088350189972e-05
111000	0.965356665061272	3.73874886284584e-05	3.95031305185423e-05	0.93197838069246	3.61796971156419e-05	3.79569754374699e-05
112000	0.963713597688233	3.51890619147001e-05	3.68321292877402e-05	0.930507090490715	3.37465082677797e-05	3.52177984695243e-05
113000	0.961786696634024	3.90645368437952e-05	4.0991437898004e-05	0.928814148873548	3.76239096698239e-05	3.93168512869909e-05
114000	0.959947075507037	3.9889655910526e-05	4.17292770375127e-05	0.927030234922674	3.87798469524268e-05	4.05637609033018e-05
115000	0.958025204687751	3.74979397442072e-05	3.94198105634934e-05	0.925263284636378	3.65252849574571e-05	3.82922352437523e-05
116000	0.956180018194467	4.01148927061593e-05	4.19600791994435e-05	0.923731899181249	3.90185690587039e-05	4.05499545138331e-05
117000	0.954173489591695	3.67749772569166e-05	3.87815058596885e-05	0.921848397281533	3.5589340183015e-05	3.74728420827313e-05
118000	0.952160753464976	3.51641783057741e-05	3.71769144324932e-05	0.92010172847434	3.41106116551613e-05	3.58572804623535e-05
119000	0.950267886766201	3.53813881307861e-05	3.72742548295607e-05	0.918343500829454	3.42226681650345e-05	3.59808958099213e-05
120000	0.948447637394981	3.63494407877135e-05	3.8169690158934e-05	0.916640124150479	3.52158184834376e-05	3.69191951624124e-05
121000	0.946665596403917	3.95832396853428e-05	4.13652806764061e-05	0.914935623695617	3.83584845079467e-05	4.00629849628084e-05
122000	0.94481537967571	3.67650773264837e-05	3.86152940546904e-05	0.913320650719752	3.56150264890031e-05	3.72299994648686e-05
123000	0.942607427623482	3.67912987638465e-05	3.89992508160753e-05	0.911334564135495	3.54359715310109e-05	3.74220581152673e-05
124000	0.941076951891689	3.52981752020121e-05	3.68286509338042e-05	0.910006046984535	3.44825279606144e-05	3.58110451115749e-05
125000	0.939035907315246	3.68175737143469e-05	3.88586182907904e-05	0.908227109755445	3.5418526248194e-05	3.71974634772837e-05
126000	0.937061165516134	3.75176325787981e-05	3.94923743779098e-05	0.906478942580404	3.62157114571627e-05	3.79638786322042e-05
127000	0.935007759404934	3.69557446353079e-05	3.90091507465083e-05	0.904526141167657	3.58818429924547e-05	3.78346444052015e-05
128000	0.932913041151603	3.69110611655161e-05	3.90057794188473e-05	0.902614491357628	3.5836945470113e-05	3.77485952801413e-05
129000	0.931491250602023	3.66638304703805e-05	3.80856210199604e-05	0.901336116016482	3.53741638572269e-05	3.66525391983732e-05
130000	0.929736554824209	3.47964895381816e-05	3.65511853159951e-05	0.899685128699096	3.37834323326376e-05	3.54344196500241e-05
131000	0.928495745705571	3.63911275218067e-05	3.76319366404453e-05	0.898527264943544	3.51449670894205e-05	3.63028308449725e-05
132000	0.926450955209504	3.61940386364853e-05	3.8238829132552e-05	0.89663268582437	3.52311232407556e-05	3.71257023599294e-05
133000	0.924239150211377	3.63882913255204e-05	3.86000963236475e-05	0.894641783057741	3.49279713169583e-05	3.69188740835875e-05
134000	0.922247391234548	3.72945363086638e-05	3.92862952854927e-05	0.892747471504254	3.60017124203992e-05	3.78960239738856e-05
135000	0.92063755551988	3.34558784181517e-05	3.50657141328196e-05	0.891206507197517	3.24858457751378e-05	3.40268100818751e-05
136000	0.918766682720608	3.55166158291861e-05	3.73874886284584e-05	0.889513672606625	3.44868625247498e-05	3.61796971156419e-05
137000	0.917108631669075	3.35310108631669e-05	3.51890619147001e-05	0.888006849681597	3.22396853427517e-05	3.37465082677797e-05
138000	0.915213624444801	3.71695296195216e-05	3.90645368437952e-05	0.886310911328731	3.59279713169584e-05	3.76239096698239e-05
139000	0.913625033445711	3.83010649114357e-05	3.9889655910526e-05	0.88482640338203	3.72953390057259e-05	3.87798469524268e-05
140000	0.912221223310323	3.6094129608819e-05	3.74979397442072e-05	0.883565847915663	3.52647294910901e-05	3.65252849574571e-05
141000	0.910484989564938	3.83786589607749e-05	4.01148927061593e-05	0.882030181409536	3.74829025525767e-05	3.90185690587039e-05
142000	0.90839974313694	3.46897308289185e-05	3.67749772569166e-05	0.880112484614973	3.36716433884519e-05	3.5589340183015e-05
143000	0.906773050783967	3.35374859528014e-05	3.51641783057741e-05	0.878631936640445	3.26300636806336e-05	3.41106116551613e-05
144000	0.905309252421469	3.39175897682881e-05	3.53813881307861e-05	0.877181248996629	3.2771980521218e-05	3.42226681650345e-05
145000	0.90351929148606	3.45594798523037e-05	3.63494407877135e-05	0.875474019371756	3.35085888585648e-05	3.52158184834376e-05
146000	0.901572804623535	3.7636752822818e-05	3.95832396853428e-05	0.873629314496709	3.65137796328999e-05	3.83584845079467e-05
147000	0.89965896077487	3.48512334778188e-05	3.67650773264837e-05	0.871851394017231	3.38371060095254e-05	3.56150264890031e-05
148000	0.897931824262857	3.50641622518328e-05	3.67912987638465e-05	0.870152030823567	3.37366083373468e-05	3.54359715310109e-05
149000	0.896616096751753	3.39824476909081e-05	3.52981752020121e-05	0.868878846256756	3.32093433938032e-05	3.44825279606144e-05
150000	0.894584309948092	3.47857869106866e-05	3.68175737143469e-05	0.867117300797346	3.36569807887836e-05	3.5418526248194e-05
151000	0.892665810456467	3.55991330871729e-05	3.75176325787981e-05	0.865496173810671	3.45945844704875e-05	3.62157114571627e-05
152000	0.890932252367956	3.52221865467972e-05	3.69557446353079e-05	0.863863969604538	3.4249638786322e-05	3.58818429924547e-05
153000	0.88909263124097	3.50714400385295e-05	3.69110611655161e-05	0.86220051372612	3.41734895916948e-05	3.5836945470113e-05
154000	0.887598383903248	3.51695831326591e-05	3.66638304703805e-05	0.8608113661904	3.3985016321507e-05	3.53741638572269e-05
155000	0.886044255364692	3.32423609996254e-05	3.47964895381816e-05	0.859360250441483	3.23323165837213e-05	3.37834323326376e-05
156000	0.884915181677102	3.52620538342163e-05	3.63911275218067e-05	0.858308931342645	3.40936479905817e-05	3.51449670894205e-05
157000	0.882909776850217	3.41886338096003e-05	3.61940386364853e-05	0.856423502969979	3.33456948680901e-05	3.52311232407556e-05
158000	0.880689409750094	3.41679242253974e-05	3.63882913255204e-05	0.854299620056724	3.28040884037031e-05	3.49279713169583e-05
159000	0.878869534970835	3.54746615294055e-05	3.72945363086638e-05	0.852492481404185	3.419457376786e-05	3.60017124203992e-05
160000	0.877433991544924	3.20203349922406e-05	3.34558784181517e-05	0.851214266602451	3.1207630973404e-05	3.24858457751378e-05
161000	0.875215711457163	3.32983357414245e-05	3.55166158291861e-05	0.849103815486702	3.23764114090009e-05	3.44868625247498e-05
162000	0.873313426446193	3.16287258521967e-05	3.35310108631669e-05	0.847453470326965	3.05893401830149e-05	3.22396853427517e-05
163000	0.871570771124311	3.54268742976401e-05	3.71695296195216e-05	0.845858243698828	3.43327446888211e-05	3.59279713169584e-05
164000	0.86986942794456	3.65997217316851e-05	3.83010649114357e-05	0.844279820195858	3.57169155027559e-05	3.72953390057259e-05
165000	0.868713383635683	3.49380852999411e-05	3.6094129608819e-05	0.843314924814042	3.42998341092738e-05	3.52647294910901e-05
166000	0.86723165837213	3.68969336972227e-05	3.83786589607749e-05	0.842116284047734	3.62842617862686e-05	3.74829025525767e-05
167000	0.865241986407663	3.27000588644513e-05	3.46897308289185e-05	0.840431101835501	3.19864611762187e-05	3.36716433884519e-05
168000	0.863669021244716	3.19645207898539e-05	3.35374859528014e-05	0.838936747471504	3.11357093166372e-05	3.26300636806336e-05
169000	0.86220623963183	3.24548081554022e-05	3.39175897682881e-05	0.837566383047038	3.14016160967517e-05	3.2771980521218e-05
170000	0.860644993845989	3.29982340664633e-05	3.45594798523037e-05	0.836163910740087	3.21061165516134e-05	3.35085888585648e-05
171000	0.859278963985659	3.62707229624873e-05	3.7636752822818e-05	0.83496799914379	3.5317868036603e-05	3.65137796328999e-05
172000	0.857633649060844	3.32059185530048e-05	3.48512334778188e-05	0.833404773371863	3.22738802375983e-05	3.38371060095254e-05
173000	0.856471985872532	3.39024990635201e-05	3.50641622518328e-05	0.83226515759619	3.25969925616739e-05	3.37366083373468e-05
174000	0.855046235350779	3.2556697169155e-05	3.39824476909081e-05	0.830871086851822	3.18152726494354e-05	3.32093433938032e-05
175000	0.853756836303312	3.34963878632204e-05	3.47857869106866e-05	0.82962803018141	3.2413924118371e-05	3.36569807887836e-05
176000	0.851868411194948	3.37107079788088e-05	3.55991330871729e-05	0.827899020709584	3.28655749986622e-05	3.45945844704875e-05
177000	0.850653716487398	3.40074918392466e-05	3.52221865467972e-05	0.826810670519613	3.31612885963504e-05	3.4249638786322e-05
178000	0.849356825600685	3.37745491518168e-05	3.50714400385295e-05	0.825593621234013	3.29564403060952e-05	3.41734895916948e-05
179000	0.847642157649703	3.34549151816771e-05	3.51695831326591e-05	0.823980414191684	3.2371809279178e-05	3.3985016321507e-05
180000	0.846117568363033	3.17177717129555e-05	3.32423609996254e-05	0.822578530529245	3.09304329212822e-05	3.23323165837213e-05
181000	0.844818429924546	3.39629153957297e-05	3.52620538342163e-05	0.821371167121528	3.28862845828651e-05	3.40936479905817e-05
182000	0.843428907796864	3.27991116819179e-05	3.41886338096003e-05	0.820067908171456	3.20424359180179e-05	3.33456948680901e-05
183000	0.841487879274362	3.22268957028951e-05	3.41679242253974e-05	0.81831347995933	3.10496601915771e-05	3.28040884037031e-05
184000	0.839758334671162	3.37451169262054e-05	3.54746615294055e-05	0.816660352116445	3.25414459249746e-05	3.419457376786e-05
185000	0.838452078985391	3.07140793064697e-05	3.20203349922406e-05	0.81547562476588	3.00229036228394e-05	3.1207630973404e-05
186000	0.83661170867448	3.14579654305132e-05	3.32983357414245e-05	0.813846738374271	3.07475250173918e-05	3.23764114090009e-05
187000	0.83502161930754	3.00386364852571e-05	3.16287258521967e-05	0.812403007438326	2.91456092470702e-05	3.05893401830149e-05
188000	0.833682453042222	3.4087708032322e-05	3.54268742976401e-05	0.811112056509873	3.30417937603682e-05	3.43327446888211e-05
189000	0.83198876224113	3.49060309305935e-05	3.65997217316851e-05	0.809484079841601	3.40889388344838e-05	3.57169155027559e-05
190000	0.830876331139295	3.38256541981056e-05	3.49380852999411e-05	0.80845464761599	3.32704018836625e-05	3.42998341092738e-05
191000	0.829473484240381	3.5494086798309e-05	3.68969336972227e-05	0.807109541392412	3.49391555626906e-05	3.62842617862686e-05
192000	0.828108578155937	3.13351527800074e-05	3.27000588644513e-05	0.806086370203885	3.0963289987692e-05	3.19864611762187e-05
193000	0.826707550703698	3.05634933376144e-05	3.19645207898539e-05	0.804808369454701	2.98577085674533e-05	3.11357093166372e-05
194000	0.824946219296837	3.06934767485417e-05	3.24548081554022e-05	0.803294054690426	2.98873013324771e-05	3.14016160967517e-05
195000	0.823971102905763	3.20231176753893e-05	3.29982340664633e-05	0.802433081821587	3.12451436827741e-05	3.21061165516134e-05
196000	0.822587413710066	3.48870337667897e-05	3.62707229624873e-05	0.801138277947236	3.40230641622518e-05	3.5317868036603e-05
197000	0.821379675710387	3.19981805533258e-05	3.32059185530048e-05	0.800042756996843	3.11783592872051e-05	3.22738802375983e-05
198000	0.820505859688553	3.30286830416867e-05	3.39024990635201e-05	0.79927575319741	3.18299887622412e-05	3.25969925616739e-05
199000	0.819144485471183	3.11953229517846e-05	3.2556697169155e-05	0.798144378444908	3.06838978969337e-05	3.18152726494354e-05
200000	0.818241451276288	3.25933536683255e-05	3.34963878632204e-05	0.797217744956387	3.14872906298496e-05	3.2413924118371e-05
201000	0.816816771017285	3.22860277198052e-05	3.37107079788088e-05	0.795758923315674	3.14067533579494e-05	3.28655749986622e-05
202000	0.815543479424199	3.27342002461605e-05	3.40074918392466e-05	0.794509445068764	3.19118103494408e-05	3.31612885963504e-05
203000	0.814382297854123	3.26133675817413e-05	3.37745491518168e-05	0.793294643334939	3.17416385722695e-05	3.29564403060952e-05
204000	0.813043773746455	3.21163910740086e-05	3.34549151816771e-05	0.792101032803553	3.11781987477926e-05	3.2371809279178e-05
205000	0.811793492802483	3.04674907689838e-05	3.17177717129555e-05	0.79102183336009	2.98512334778188e-05	3.09304329212822e-05
206000	0.810596296890887	3.27657194841334e-05	3.39629153957297e-05	0.789912345480816	3.17767967035907e-05	3.28862845828651e-05
207000	0.8096214480655	3.18242628565313e-05	3.27991116819179e-05	0.789077915128164	3.12080055653663e-05	3.20424359180179e-05
208000	0.807790870658747	3.03963182961417e-05	3.22268957028951e-05	0.787480762027078	2.94525070904907e-05	3.10496601915771e-05
209000	0.806553967999144	3.25082142666024e-05	3.37451169262054e-05	0.786420613260555	3.14812971584524e-05	3.25414459249746e-05
210000	0.805408840370311	2.95689516776369e-05	3.07140793064697e-05	0.785328891742923	2.89311821052068e-05	3.00229036228394e-05
211000	0.804029646278161	3.00787713383635e-05	3.14579654305132e-05	0.784088510729384	2.9507144003853e-05	3.07475250173918e-05
212000	0.802384598919035	2.83935891261305e-05	3.00386364852571e-05	0.782549579921871	2.76066784395569e-05	2.91456092470702e-05
213000	0.801255846310269	3.29589554235565e-05	3.4087708032322e-05	0.781587360196928	3.20795740354257e-05	3.30417937603682e-05
214000	0.799744314229143	3.33944988494675e-05	3.49060309305935e-05	0.780212607695189	3.27141863327447e-05	3.40889388344838e-05
215000	0.798392090758281	3.24734307272435e-05	3.38256541981056e-05	0.778927971316958	3.19857655054316e-05	3.32704018836625e-05
216000	0.796811847808637	3.39138438486649e-05	3.5494086798309e-05	0.777420078129181	3.34312623749131e-05	3.49391555626906e-05
217000	0.795652164606411	3.01754695777814e-05	3.13351527800074e-05	0.77643217209825	2.99753839567614e-05	3.0963289987692e-05
218000	0.794532188152191	2.94435168833949e-05	3.05634933376144e-05	0.775398137742816	2.8823674212019e-05	2.98577085674533e-05
219000	0.793145127628833	2.93064162251833e-05	3.06934767485417e-05	0.774068871407931	2.85580349975919e-05	2.98873013324771e-05
220000	0.7923781238294	3.12561138759566e-05	3.20231176753893e-05	0.773342858671804	3.05191309466474e-05	3.12451436827741e-05
221000	0.791207898539091	3.3716808476481e-05	3.48870337667897e-05	0.772249852838872	3.29300583293198e-05	3.40230641622518e-05
222000	0.790001872959812	3.07921549740461e-05	3.19981805533258e-05	0.771194841333547	3.01233477818804e-05	3.11783592872051e-05
223000	0.78898389254562	3.2010702627495e-05	3.30286830416867e-05	0.770207577460266	3.08427248889602e-05	3.18299887622412e-05
224000	0.787285974206668	2.94974046128325e-05	3.11953229517846e-05	0.768708727992722	2.91850484293894e-05	3.06838978969337e-05
225000	0.786202440199069	3.15098196607267e-05	3.25933536683255e-05	0.767743886124043	3.05224487611709e-05	3.14872906298496e-05
226000	0.784891421844063	3.09750093647991e-05	3.22860277198052e-05	0.766476748541767	3.01396157756729e-05	3.14067533579494e-05
227000	0.783758655749987	3.16014341520844e-05	3.27342002461605e-05	0.765370739016428	3.08058008241023e-05	3.19118103494408e-05
228000	0.782537004334564	3.13917161663188e-05	3.26133675817413e-05	0.764301760582223	3.06726601380639e-05	3.17416385722695e-05
229000	0.781637073901643	3.12164606410874e-05	3.21163910740086e-05	0.76354620859421	3.04226467597795e-05	3.11781987477926e-05
230000	0.780419542997806	2.92499598651469e-05	3.04674907689838e-05	0.762334510622358	2.86395355059667e-05	2.98512334778188e-05
231000	0.779084122652111	3.14302991384385e-05	3.27657194841334e-05	0.760994113554878	3.04363996361107e-05	3.17767967035907e-05
232000	0.777726173275539	3.04663134799593e-05	3.18242628565313e-05	0.759755926579975	2.9969818590464e-05	3.12080055653663e-05
233000	0.7764061112003	2.90762562209022e-05	3.03963182961417e-05	0.758467009150746	2.81635896612619e-05	2.94525070904907e-05
234000	0.775856317225879	3.19584202921817e-05	3.25082142666024e-05	0.757978487718735	3.09927757264409e-05	3.14812971584524e-05
235000	0.774892224541125	2.86048589928828e-05	2.95689516776369e-05	0.757171242039921	2.81239364263927e-05	2.89311821052068e-05
236000	0.773938673944453	2.91252207416921e-05	3.00787713383635e-05	0.756305238936159	2.8641140900091e-05	2.9507144003853e-05
237000	0.772693851340504	2.71487665221812e-05	2.83935891261305e-05	0.755097179857655	2.63986193610531e-05	2.76066784395569e-05
238000	0.771258896559105	3.15240006421576e-05	3.29589554235565e-05	0.753741103440895	3.07234976186654e-05	3.20795740354257e-05
239000	0.7698376411409	3.19732434312624e-05	3.33944988494675e-05	0.752287258521967	3.12603414138171e-05	3.27141863327447e-05
240000	0.768705196125649	3.13409857119923e-05	3.24734307272435e-05	0.751177931182105	3.08764381655696e-05	3.19857655054316e-05
241000	0.767439396371809	3.26480440948252e-05	3.39138438486649e-05	0.750015090704768	3.22684218975759e-05	3.34312623749131e-05
242000	0.76597795258736	2.87140257933323e-05	3.01754695777814e-05	0.748548242093434	2.85085353454273e-05	2.99753839567614e-05
243000	0.765174773906994	2.86403382030288e-05	2.94435168833949e-05	0.747758334671162	2.80337667897469e-05	2.8823674212019e-05
244000	0.763933697222668	2.80653395408573e-05	2.93064162251833e-05	0.746489110076524	2.72888104029539e-05	2.85580349975919e-05
245000	0.763013485310644	3.03359019639322e-05	3.12561138759566e-05	0.745643816556965	2.96738374270884e-05	3.05191309466474e-05
246000	0.762068229250281	3.27715524161181e-05	3.3716808476481e-05	0.744874137100658	3.21603788730133e-05	3.29300583293198e-05
247000	0.760925991330872	2.96499170546369e-05	3.07921549740461e-05	0.743732273773211	2.89814844544336e-05	3.01233477818804e-05
248000	0.759559907957404	3.06446192540269e-05	3.2010702627495e-05	0.74238384973511	2.94943008508589e-05	3.08427248889602e-05
249000	0.757842029218173	2.77795258736019e-05	2.94974046128325e-05	0.740824690961631	2.76258896559105e-05	2.91850484293894e-05
250000	0.756584738053192	3.02525284957457e-05	3.15098196607267e-05	0.739608123294269	2.93058810938086e-05	3.05224487611709e-05
