Distance from Center (cmd=annotatePeaks.pl /expanse/lustre/projects/csd940/ctea/homer/homer_scripts/reference_peaks/H3K27me3.bed mm10 -size 500000 -hist 1000 -bedGraph /expanse/lustre/projects/csd940/ctea/homer/bwt2_bam/tags/ctrl_M3/tagdirs/tagdirs.25x50kb.PC1.bedGraph /expanse/lustre/projects/csd940/ctea/homer/bwt2_bam/tags/mut_M3/tagdirs/tagdirs.25x50kb.PC1.bedGraph)	/expanse/lustre/projects/csd940/ctea/homer/bwt2_bam/tags/ctrl_M3/tagdirs/tagdirs.25x50kb.PC1.bedGraph Coverage	/expanse/lustre/projects/csd940/ctea/homer/bwt2_bam/tags/ctrl_M3/tagdirs/tagdirs.25x50kb.PC1.bedGraph + Tags	/expanse/lustre/projects/csd940/ctea/homer/bwt2_bam/tags/ctrl_M3/tagdirs/tagdirs.25x50kb.PC1.bedGraph - Tags	/expanse/lustre/projects/csd940/ctea/homer/bwt2_bam/tags/mut_M3/tagdirs/tagdirs.25x50kb.PC1.bedGraph Coverage	/expanse/lustre/projects/csd940/ctea/homer/bwt2_bam/tags/mut_M3/tagdirs/tagdirs.25x50kb.PC1.bedGraph + Tags	/expanse/lustre/projects/csd940/ctea/homer/bwt2_bam/tags/mut_M3/tagdirs/tagdirs.25x50kb.PC1.bedGraph - Tags
-250000	0.272294768802581	8.87051679423112e-06	9.04060977923968e-06	0.343839838066924	1.20022771838826e-05	1.18656461509267e-05
-249000	0.272204124233032	1.32265797963186e-05	1.33172243658675e-05	0.343847744955405	1.59802644063508e-05	1.59723575178696e-05
-248000	0.2722006452021	7.98020115124296e-06	7.98368018217471e-06	0.344037573534063	1.05767600733759e-05	1.03869314947182e-05
-247000	0.272578531216396	1.23178569169461e-05	1.19399709026504e-05	0.344568473654248	1.5309886773357e-05	1.47789866531722e-05
-246000	0.272495603770004	8.52969827313555e-06	8.61262571952686e-06	0.344641470048706	1.17292048832943e-05	1.16562084888355e-05
-245000	0.272140363084319	1.04846606363464e-05	1.08399013220318e-05	0.344468151053198	1.32218356632298e-05	1.33951546587387e-05
-244000	0.271938705800493	9.38098551458031e-06	9.58264279840598e-06	0.344428932886331	1.25323549876652e-05	1.25715731545322e-05
-243000	0.271618192169018	1.32793345562654e-05	1.35998481877412e-05	0.344458030235942	1.66333733949016e-05	1.66042760452907e-05
-242000	0.271262571952685	9.18970206844202e-06	9.54532228477448e-06	0.344274463912961	1.18337023214624e-05	1.2017268644443e-05
-241000	0.27086083876273	1.09114428490101e-05	1.13131760389652e-05	0.343957429312417	1.42163324688469e-05	1.45333670693909e-05
-240000	0.270988424315263	1.18729837434373e-05	1.17453981909039e-05	0.344283382883168	1.44647985324815e-05	1.41388449617307e-05
-239000	0.270567967613385	9.02719969637548e-06	9.44765639825416e-06	0.343939591372003	1.23053324055918e-05	1.26491239167563e-05
-238000	0.270527610854576	1.09462331583275e-05	1.09865899171358e-05	0.344145170472516	1.44983869947498e-05	1.42928078942375e-05
-237000	0.270033714972484	1.10869125181859e-05	1.15808084002783e-05	0.343842937567209	1.38591308748181e-05	1.41613637801252e-05
-236000	0.269434499335821	1.11171484597381e-05	1.17163640964008e-05	0.343546018090961	1.44098930988677e-05	1.47068125751155e-05
-235000	0.269285280536403	8.48769688152319e-06	8.63691568094123e-06	0.34367050414321	1.19177051046872e-05	1.17932190524385e-05
-234000	0.269481750901385	1.20727433740274e-05	1.18762730090455e-05	0.344196280599658	1.51393510025935e-05	1.46135745461446e-05
-233000	0.268950914036308	1.18972737048517e-05	1.24281105699285e-05	0.343937693718768	1.46942880637611e-05	1.49528749446518e-05
-232000	0.268318426212917	9.9996204693529e-06	1.06321082927447e-05	0.343554937061168	1.34033145676513e-05	1.37860712252514e-05
-231000	0.268327851223986	1.08209247896768e-05	1.08114997786071e-05	0.343684040736289	1.32134227338858e-05	1.3084319058764e-05
-230000	0.267712379024606	1.12979315579733e-05	1.19134037573534e-05	0.343171421342273	1.46686697450819e-05	1.5181289139098e-05
-229000	0.266650642039345	1.08789297235752e-05	1.19406667088367e-05	0.342490606616484	1.37280030362452e-05	1.44088177620343e-05
-228000	0.266363527104814	9.37617812638372e-06	9.66329306091467e-06	0.342514833322791	1.25837813903473e-05	1.25595546840407e-05
-227000	0.265966854323487	1.19180846353343e-05	1.23147574166614e-05	0.342329369346575	1.52659244734012e-05	1.54513884496173e-05
-226000	0.265502625086976	1.05317856916946e-05	1.09960149282054e-05	0.34216591814789	1.39779239673604e-05	1.41413751660447e-05
-225000	0.265288443291796	8.65633499905118e-06	8.87051679423112e-06	0.342218799418053	1.20551584540452e-05	1.20022771838826e-05
-224000	0.26569548991081	1.3633626415333e-05	1.32265797963186e-05	0.342756594344993	1.65180593332912e-05	1.59802644063508e-05
-223000	0.265661901448542	7.94661268897463e-06	7.98020115124296e-06	0.34273021696502	1.05503826934025e-05	1.05767600733759e-05
-222000	0.26617388829148	1.28298437598836e-05	1.23178569169461e-05	0.343267632361313	1.58473021696502e-05	1.5309886773357e-05
-221000	0.265904042001392	8.25985198304763e-06	8.52969827313555e-06	0.343143905370359	1.16054778923398e-05	1.17292048832943e-05
-220000	0.265799797583655	1.03804162186097e-05	1.04846606363464e-05	0.34327243974951	1.33503700423809e-05	1.32218356632298e-05
-219000	0.265596622177241	9.17781010816624e-06	9.38098551458031e-06	0.343092289202353	1.23522044405086e-05	1.25323549876652e-05
-218000	0.264774369030299	1.24570814093238e-05	1.32793345562654e-05	0.342518565374154	1.60596495667025e-05	1.66333733949016e-05
-217000	0.264805996584224	9.221329622367e-06	9.18970206844202e-06	0.342813270921627	1.21284078689354e-05	1.18337023214624e-05
-216000	0.264595863115947	1.07013093807325e-05	1.09114428490101e-05	0.342535201467518	1.39382630147384e-05	1.42163324688469e-05
-215000	0.264501739515466	1.17788601429565e-05	1.18729837434373e-05	0.342470111961541	1.43997090265039e-05	1.44647985324815e-05
-214000	0.264304636599405	8.83009678031501e-06	9.02719969637548e-06	0.34255076222405	1.23859826681005e-05	1.23053324055918e-05
-213000	0.263945094566386	1.05866911253084e-05	1.09462331583275e-05	0.342377822759188	1.4325447529888e-05	1.44983869947498e-05
-212000	0.26377904990828	1.09208678600797e-05	1.10869125181859e-05	0.34226624074894	1.37475488645708e-05	1.38591308748181e-05
-211000	0.2632683281675	1.06064267189576e-05	1.11171484597381e-05	0.342019482573218	1.41631349231451e-05	1.44098930988677e-05
-210000	0.263186096527295	8.40546524131824e-06	8.48769688152319e-06	0.342199633120374	1.20978556518439e-05	1.19177051046872e-05
-209000	0.263204820039218	1.2091466885951e-05	1.20727433740274e-05	0.342545512050098	1.5485229932317e-05	1.51393510025935e-05
-208000	0.262533367069391	1.12258207350244e-05	1.18972737048517e-05	0.341935479789993	1.40842558036561e-05	1.46942880637611e-05
-207000	0.261607122525144	9.07337592510596e-06	9.9996204693529e-06	0.341227465367828	1.26953001454867e-05	1.34033145676513e-05
-206000	0.261527231323929	1.07410335884623e-05	1.08209247896768e-05	0.341297931557973	1.32838889240306e-05	1.32134227338858e-05
-205000	0.261250743247517	1.10214434815611e-05	1.12979315579733e-05	0.341258144095136	1.46288822822443e-05	1.46686697450819e-05
-204000	0.260591118982858	1.02193054589158e-05	1.08789297235752e-05	0.340821683850971	1.32915427920805e-05	1.37280030362452e-05
-203000	0.260550382693402	9.33544183692834e-06	9.37617812638372e-06	0.340931178442659	1.26932759820355e-05	1.25837813903473e-05
-202000	0.260213422733886	1.15811246758176e-05	1.19180846353343e-05	0.340881776203428	1.52165222341704e-05	1.52659244734012e-05
-201000	0.259495920045544	9.81428300335252e-06	1.05317856916946e-05	0.340377569738756	1.34737175026883e-05	1.39779239673604e-05
-200000	0.259086532987539	8.24694794104623e-06	8.65633499905118e-06	0.340150863432222	1.18284521475109e-05	1.20551584540452e-05
-199000	0.259467645012335	1.4014738440129e-05	1.3633626415333e-05	0.340822759187804	1.71899550888734e-05	1.65180593332912e-05
-198000	0.259380669239041	7.85963691568095e-06	7.94661268897463e-06	0.340833449301031	1.05610728066291e-05	1.05503826934025e-05
-197000	0.258925675248276	1.23748497691189e-05	1.28298437598836e-05	0.34050515529129	1.55190081599089e-05	1.58473021696502e-05
-196000	0.258475488645708	7.80966538047948e-06	8.25985198304763e-06	0.340194635966854	1.12949585679044e-05	1.16054778923398e-05
-195000	0.258532291732557	1.04372193054589e-05	1.03804162186097e-05	0.340462711113922	1.36184451894491e-05	1.33503700423809e-05
-194000	0.258241065216016	8.88658359162502e-06	9.17781010816624e-06	0.340323423366437	1.2212916693023e-05	1.23522044405086e-05
-193000	0.257411411221456	1.16274274147638e-05	1.24570814093238e-05	0.339523119741919	1.52593459421848e-05	1.60596495667025e-05
-192000	0.257511797077614	9.32171547852489e-06	9.221329622367e-06	0.339814219748245	1.24195078752609e-05	1.21284078689354e-05
-191000	0.257109810867228	1.0299323170346e-05	1.07013093807325e-05	0.339388133341767	1.35121766082611e-05	1.39382630147384e-05
-190000	0.256688342083623	1.13573913593523e-05	1.17788601429565e-05	0.339118034031248	1.41296097159846e-05	1.43997090265039e-05
-189000	0.256360301094313	8.50205579100512e-06	8.83009678031501e-06	0.339198937314188	1.24668859510405e-05	1.23859826681005e-05
-188000	0.255836485546208	1.00628755772029e-05	1.05866911253084e-05	0.338957302802201	1.40838130179012e-05	1.4325447529888e-05
-187000	0.255789233980644	1.08736162945158e-05	1.09208678600797e-05	0.338960149282055	1.37503953444241e-05	1.37475488645708e-05
-186000	0.255696755012967	1.05139477512809e-05	1.06064267189576e-05	0.339023720665444	1.42267063065343e-05	1.41631349231451e-05
-185000	0.25544246947941	8.1511797077614e-06	8.40546524131824e-06	0.339097286355873	1.21714213422734e-05	1.20978556518439e-05
-184000	0.254826301473844	1.14752988803846e-05	1.2091466885951e-05	0.338697450819154	1.50853943955974e-05	1.5485229932317e-05
-183000	0.254202985641091	1.06025049022709e-05	1.12258207350244e-05	0.338155607565311	1.35424125498134e-05	1.40842558036561e-05
-182000	0.253553165918148	8.42355620216332e-06	9.07337592510596e-06	0.337837434372826	1.23771269530015e-05	1.26953001454867e-05
-181000	0.253013410082864	1.02012777531786e-05	1.07410335884623e-05	0.337522423935733	1.29688784869378e-05	1.32838889240306e-05
-180000	0.252915111645265	1.09231450439623e-05	1.10214434815611e-05	0.337607059270036	1.47135176165475e-05	1.46288822822443e-05
-179000	0.252351698399646	9.65589221329623e-06	1.02193054589158e-05	0.337099879815295	1.27843633373395e-05	1.32915427920805e-05
-178000	0.252058068189006	9.04181162628883e-06	9.33544183692834e-06	0.337176165475362	1.27695616421026e-05	1.26932759820355e-05
-177000	0.251091846416598	1.06149029034094e-05	1.15811246758176e-05	0.336458726042128	1.44990828009362e-05	1.52165222341704e-05
-176000	0.250315010437093	9.03744702384718e-06	9.81428300335252e-06	0.335867986589917	1.28829780504776e-05	1.34737175026883e-05
-175000	0.250055031943829	7.98696944778291e-06	8.24694794104623e-06	0.335796634828262	1.17571003858562e-05	1.18284521475109e-05
-174000	0.249379404136884	1.33391106331836e-05	1.4014738440129e-05	0.335445822000127	1.68391422607376e-05	1.71899550888734e-05
-173000	0.249255234360175	7.73546713897147e-06	7.85963691568095e-06	0.335627870200519	1.07431210070213e-05	1.05610728066291e-05
-172000	0.2482191789487	1.13387943576444e-05	1.23748497691189e-05	0.334880890631919	1.47720285913087e-05	1.55190081599089e-05
-171000	0.247489974065406	7.08046049718515e-06	7.80966538047948e-06	0.334379783667531	1.0793851603517e-05	1.12949585679044e-05
-170000	0.247629135302676	1.05763805427288e-05	1.04372193054589e-05	0.334636093364539	1.38747548864571e-05	1.36184451894491e-05
-169000	0.247065785312164	8.32323360111329e-06	8.88658359162502e-06	0.334451261939402	1.20280852678854e-05	1.2212916693023e-05
-168000	0.246968372446075	1.15300145486748e-05	1.16274274147638e-05	0.334358782971725	1.51668669745082e-05	1.52593459421848e-05
-167000	0.246817635524069	9.17097855651844e-06	9.32171547852489e-06	0.334514390537036	1.25751154405718e-05	1.24195078752609e-05
-166000	0.246246947941046	9.72863558732368e-06	1.0299323170346e-05	0.334091909671706	1.30896957429313e-05	1.35121766082611e-05
-165000	0.245401606679739	1.05120500980454e-05	1.13573913593523e-05	0.33361958378139	1.36572838256689e-05	1.41296097159846e-05
-164000	0.245343095704978	8.44354481624392e-06	8.50205579100512e-06	0.333922955278639	1.27702574482889e-05	1.24668859510405e-05
-163000	0.24474609399709	9.46587386931494e-06	1.00628755772029e-05	0.333559807704472	1.37206654437346e-05	1.40838130179012e-05
-162000	0.244253842747802	1.03813650452274e-05	1.08736162945158e-05	0.333182933771902	1.3373521411854e-05	1.37503953444241e-05
-161000	0.244303687772788	1.05637927762667e-05	1.05139477512809e-05	0.333284521475109	1.43282940097413e-05	1.42267063065343e-05
-160000	0.243849579353533	7.69707128850654e-06	8.1511797077614e-06	0.333038522360681	1.19254222278449e-05	1.21714213422734e-05
-159000	0.242924346891011	1.05500664178632e-05	1.14752988803846e-05	0.332366753115314	1.44136251502309e-05	1.50853943955974e-05
-158000	0.242339743184262	1.00179011955215e-05	1.06025049022709e-05	0.332005186918844	1.3180846353343e-05	1.35424125498134e-05
-157000	0.241770573723828	7.85438674172939e-06	8.42355620216332e-06	0.331795369726105	1.21673097602632e-05	1.23771269530015e-05
-156000	0.241061800240369	9.49250426971978e-06	1.02012777531786e-05	0.331306028211778	1.24795369726105e-05	1.29688784869378e-05
-155000	0.241196723385413	1.10580681890063e-05	1.09231450439623e-05	0.331546777152255	1.49542665570245e-05	1.47135176165475e-05
-154000	0.240108925295718	8.56809412360048e-06	9.65589221329623e-06	0.330727117464735	1.19647036498197e-05	1.27843633373395e-05
-153000	0.239251502308811	8.18438863938263e-06	9.04181162628883e-06	0.330182870516794	1.22253146941616e-05	1.27695616421026e-05
-152000	0.237863558732368	9.22695932696565e-06	1.06149029034094e-05	0.328982921120881	1.32991334050225e-05	1.44990828009362e-05
-151000	0.237140489594535	8.31437788601429e-06	9.03744702384718e-06	0.328594155228035	1.24942121576317e-05	1.28829780504776e-05
-150000	0.237078499588842	7.92497944208994e-06	7.98696944778291e-06	0.328665317224366	1.18282623821874e-05	1.17571003858562e-05
-149000	0.235672971092416	1.19335821367576e-05	1.33391106331836e-05	0.327504839015751	1.56786640521222e-05	1.68391422607376e-05
-148000	0.235271680688216	7.33417673477133e-06	7.73546713897147e-06	0.327350876083244	1.05891580745145e-05	1.07431210070213e-05
-147000	0.234182870516794	1.0249984186223e-05	1.13387943576444e-05	0.32649750142324	1.39186539313049e-05	1.47720285913087e-05
-146000	0.233453033082421	6.35062306281232e-06	7.08046049718515e-06	0.326073692200645	1.03700423809222e-05	1.0793851603517e-05
-145000	0.233419697640584	1.05430451008919e-05	1.05763805427288e-05	0.326266999810235	1.40680624960466e-05	1.38747548864571e-05
-144000	0.233054019862104	7.95755582263267e-06	8.32323360111329e-06	0.326049402239231	1.18104876968815e-05	1.20280852678854e-05
-143000	0.232662407489405	1.11384021759757e-05	1.15300145486748e-05	0.325908280093618	1.50257448288949e-05	1.51668669745082e-05
-142000	0.231986147131381	8.49471819849453e-06	9.17097855651844e-06	0.32553690935543	1.22037447023847e-05	1.25751154405718e-05
-141000	0.231724713770637	9.46720222657979e-06	9.72863558732368e-06	0.325597317983427	1.31501043709279e-05	1.30896957429313e-05
-140000	0.230700044278575	9.48738060598393e-06	1.05120500980454e-05	0.324815611360617	1.28755772028591e-05	1.36572838256689e-05
-139000	0.230105256499462	7.84875703713075e-06	8.44354481624392e-06	0.324552912897716	1.25075589853881e-05	1.27702574482889e-05
-138000	0.229094819406667	8.45543677651971e-06	9.46587386931494e-06	0.3237655133152	1.29332658612183e-05	1.37206654437346e-05
-137000	0.228135998481877	9.42254412043773e-06	1.03813650452274e-05	0.323071225251439	1.26792333480929e-05	1.3373521411854e-05
-136000	0.227546840407363	9.97463470175217e-06	1.05637927762667e-05	0.322591814789044	1.38488835473464e-05	1.43282940097413e-05
-135000	0.226731482067177	6.88171294832058e-06	7.69707128850654e-06	0.322083876273009	1.14174837118097e-05	1.19254222278449e-05
-134000	0.2258887975204	9.70738187108608e-06	1.05500664178632e-05	0.321371497248403	1.37012461256246e-05	1.44136251502309e-05
-133000	0.22523594155228	9.36504522740212e-06	1.00179011955215e-05	0.321141944462015	1.29512935669555e-05	1.3180846353343e-05
-132000	0.224412929344045	7.03137453349357e-06	7.85438674172939e-06	0.320502814852299	1.15281801505472e-05	1.21673097602632e-05
-131000	0.223904231766715	8.98380669239041e-06	9.49250426971978e-06	0.320300271996964	1.2276994117275e-05	1.24795369726105e-05
-130000	0.223548548295275	1.07023847175659e-05	1.10580681890063e-05	0.320161869820988	1.48158643810488e-05	1.49542665570245e-05
-129000	0.222690619267506	7.71016509583149e-06	8.56809412360048e-06	0.319660699601493	1.14635334303245e-05	1.19647036498197e-05
-128000	0.221630084129293	7.12385350117022e-06	8.18438863938263e-06	0.318854892782592	1.14195078752609e-05	1.22253146941616e-05
-127000	0.220423239926624	8.02011512429629e-06	9.22695932696565e-06	0.317953950281485	1.23981909039155e-05	1.32991334050225e-05
-126000	0.219807514706813	7.6986526662028e-06	8.31437788601429e-06	0.317715731545322	1.22559934214688e-05	1.24942121576317e-05
-125000	0.219422038079575	7.5395028148523e-06	7.92497944208994e-06	0.317440698336391	1.15532291732557e-05	1.18282623821874e-05
-124000	0.218368714023657	1.088025808084e-05	1.19335821367576e-05	0.316615661964704	1.48536276804352e-05	1.56786640521222e-05
-123000	0.217568663419571	6.53412613068505e-06	7.33417673477133e-06	0.315903852236068	9.87734834587893e-06	1.05891580745145e-05
-122000	0.216852995129357	9.5343158960086e-06	1.0249984186223e-05	0.31555721424505	1.35720159402872e-05	1.39186539313049e-05
-121000	0.216359984818774	5.85761275222974e-06	6.35062306281232e-06	0.315422923651085	1.02357517869568e-05	1.03700423809222e-05
-120000	0.215774685305838	9.95774558795623e-06	1.05430451008919e-05	0.31506648111835	1.3711619963312e-05	1.40680624960466e-05
-119000	0.214995445632235	7.17831614902903e-06	7.95755582263267e-06	0.314613764311468	1.13577708899994e-05	1.18104876968815e-05
-118000	0.214148080207477	1.02910367512176e-05	1.11384021759757e-05	0.313977544436713	1.438952495414e-05	1.50257448288949e-05
-117000	0.213366436839775	7.71307483079259e-06	8.49471819849453e-06	0.313390853311405	1.16170535770763e-05	1.22037447023847e-05
-116000	0.212772850907711	8.87361629451578e-06	9.46720222657979e-06	0.31322183566323	1.29810867227529e-05	1.31501043709279e-05
-115000	0.212038648870896	8.75317856916945e-06	9.48738060598393e-06	0.312727054209627	1.23807957492568e-05	1.28755772028591e-05
-114000	0.211277563413246	7.08767157948005e-06	7.84875703713075e-06	0.312057119362389	1.18376241381492e-05	1.25075589853881e-05
-113000	0.210553482193687	7.73135555696122e-06	8.45543677651971e-06	0.31157486242014	1.24510089189702e-05	1.29332658612183e-05
-112000	0.209289645138845	8.15870706559555e-06	9.42254412043773e-06	0.310813903472705	1.19182744006578e-05	1.26792333480929e-05
-111000	0.208025744828895	8.71073439180213e-06	9.97463470175217e-06	0.309886077550762	1.29210576254033e-05	1.38488835473464e-05
-110000	0.207451704725157	6.3076728445822e-06	6.88171294832058e-06	0.309657220570561	1.11886267316086e-05	1.14174837118097e-05
-109000	0.206191156935923	8.4468340818521e-06	9.70738187108608e-06	0.308737175026883	1.2781200581947e-05	1.37012461256246e-05
-108000	0.205311657916377	8.48554620785628e-06	9.36504522740212e-06	0.308392687709533	1.26068062496047e-05	1.29512935669555e-05
-107000	0.204818457840471	6.53817445758745e-06	7.03137453349357e-06	0.308036561452337	1.11720538933519e-05	1.15281801505472e-05
-106000	0.204054336137643	8.21968498956291e-06	8.98380669239041e-06	0.307672148776014	1.19125814409514e-05	1.2276994117275e-05
-105000	0.202950914036308	9.59896261623127e-06	1.07023847175659e-05	0.306894174204567	1.40378898096021e-05	1.48158643810488e-05
-104000	0.201993547978999	6.75279903852237e-06	7.71016509583149e-06	0.306251439053704	1.08207982794611e-05	1.14635334303245e-05
-103000	0.201230438357897	6.36074388006831e-06	7.12385350117022e-06	0.3058025808084	1.09706496299576e-05	1.14195078752609e-05
-102000	0.200405528496426	7.19520526282497e-06	8.02011512429629e-06	0.305292934404453	1.18885444999684e-05	1.23981909039155e-05
-101000	0.199788285154026	7.08140932380289e-06	7.6986526662028e-06	0.304970017078879	1.19330760958948e-05	1.22559934214688e-05
-100000	0.199220380795749	6.97159845657536e-06	7.5395028148523e-06	0.30473609969005	1.13193117844266e-05	1.15532291732557e-05
-99000	0.198175659434499	9.83553671959011e-06	1.088025808084e-05	0.304004680877981	1.41222088683661e-05	1.48536276804352e-05
-98000	0.197239736858751	5.59820355493706e-06	6.53412613068505e-06	0.303201404263394	9.0740717312923e-06	9.87734834587893e-06
-97000	0.196383578974002	8.67815801125941e-06	9.5343158960086e-06	0.302597634258966	1.29682459358593e-05	1.35720159402872e-05
-96000	0.195598519830476	5.0725536087039e-06	5.85761275222974e-06	0.302208109304826	9.84622683281675e-06	1.02357517869568e-05
-95000	0.194652413182364	9.01163893984439e-06	9.95774558795623e-06	0.301624644190018	1.3128154848504e-05	1.3711619963312e-05
-94000	0.193757922702258	6.28382566892276e-06	7.17831614902903e-06	0.300967550129673	1.0700676829654e-05	1.13577708899994e-05
-93000	0.192527674109684	9.06078815864381e-06	1.02910367512176e-05	0.299875766968183	1.32977417926498e-05	1.438952495414e-05
-92000	0.191542286039598	6.72768676070592e-06	7.71307483079259e-06	0.299152634575242	1.08939211841356e-05	1.16170535770763e-05
-91000	0.189897273704852	7.22860395976975e-06	8.87361629451578e-06	0.29792175343159	1.17502055791005e-05	1.29810867227529e-05
-90000	0.188955405148966	7.81131001328358e-06	8.75317856916945e-06	0.297158011259409	1.16170535770763e-05	1.23807957492568e-05
-89000	0.188297868302865	6.43013473337972e-06	7.08767157948005e-06	0.296675374786514	1.1354987665254e-05	1.18376241381492e-05
-88000	0.18770580049339	7.13928774748561e-06	7.73135555696122e-06	0.29640982984376	1.21854639762161e-05	1.24510089189702e-05
-87000	0.186091656651275	6.54456322348029e-06	8.15870706559555e-06	0.295192928078942	1.07013726358404e-05	1.19182744006578e-05
-86000	0.184877474856095	7.49655259662218e-06	8.71073439180213e-06	0.294517679802644	1.22458093491049e-05	1.29210576254033e-05
-85000	0.184260294768803	5.69049275729015e-06	6.3076728445822e-06	0.294223986336897	1.08949332658612e-05	1.11886267316086e-05
-84000	0.182946612688975	7.13315200202416e-06	8.4468340818521e-06	0.293247960022772	1.18051742678221e-05	1.2781200581947e-05
-83000	0.181980201151243	7.51913467012462e-06	8.48554620785628e-06	0.292756531089886	1.21153773167183e-05	1.26068062496047e-05
-82000	0.181813903472705	6.3718767790499e-06	6.53817445758745e-06	0.292905686634196	1.13212094376621e-05	1.11720538933519e-05
-81000	0.180681131001328	7.08691251818584e-06	8.21968498956291e-06	0.292189638813334	1.11965336200898e-05	1.19125814409514e-05
-80000	0.179457903725726	8.37573534062876e-06	9.59896261623127e-06	0.291517743057752	1.33659940540199e-05	1.40378898096021e-05
-79000	0.178277626668353	5.57252198114997e-06	6.75279903852237e-06	0.290619963312037	9.9230185337466e-06	1.08207982794611e-05
-78000	0.177588652033652	5.67176924536657e-06	6.36074388006831e-06	0.290343411980517	1.06940982984376e-05	1.09706496299576e-05
-77000	0.176711303687773	6.31785691694604e-06	7.19520526282497e-06	0.289712379024606	1.12575115440572e-05	1.18885444999684e-05
-76000	0.176041621860965	6.41172749699538e-06	7.08140932380289e-06	0.289215004111582	1.14357011828705e-05	1.19330760958948e-05
-75000	0.175131191093681	6.06116768929092e-06	6.97159845657536e-06	0.288731292301853	1.08355999746979e-05	1.13193117844266e-05
-74000	0.173982984375988	8.68733000189764e-06	9.83553671959011e-06	0.288103928142197	1.34948447087102e-05	1.41222088683661e-05
-73000	0.172986716427352	4.60193560630021e-06	5.59820355493706e-06	0.287302485925738	8.27262951483333e-06	9.0740717312923e-06
-72000	0.171710860902018	7.40230248592574e-06	8.67815801125941e-06	0.286381428300335	1.20471883104561e-05	1.29682459358593e-05
-71000	0.170912201910304	4.27389461699032e-06	5.0725536087039e-06	0.285950914036308	9.41571256878993e-06	9.84622683281675e-06
-70000	0.16973198810804	7.83142513757986e-06	9.01163893984439e-06	0.285171294832058	1.23485356442533e-05	1.3128154848504e-05
-69000	0.168527990385224	5.07982794610665e-06	6.28382566892276e-06	0.284461256246442	9.9906382440382e-06	1.0700676829654e-05
-68000	0.167096970080334	7.62976785375419e-06	9.06078815864381e-06	0.283352963501803	1.21894490480106e-05	1.32977417926498e-05
-67000	0.166101397937883	5.73211461825543e-06	6.72768676070592e-06	0.283010057562148	1.0551015244481e-05	1.08939211841356e-05
-66000	0.164579100512366	5.70630653425264e-06	7.22860395976975e-06	0.281964450629388	1.07045986463407e-05	1.17502055791005e-05
-65000	0.163582959073945	6.81516857486242e-06	7.81131001328358e-06	0.281232209500917	1.08848124486052e-05	1.16170535770763e-05
-64000	0.16305326080081	5.90043646024417e-06	6.43013473337972e-06	0.281046239483838	1.11690176481751e-05	1.1354987665254e-05
-63000	0.161855462078563	5.94148902523879e-06	7.13928774748561e-06	0.280393573281042	1.15327977734202e-05	1.21854639762161e-05
-62000	0.160377632993864	5.06673413878171e-06	6.54456322348029e-06	0.279427667784174	9.73546713897147e-06	1.07013726358404e-05
-61000	0.159445822000126	6.56474160288444e-06	7.49655259662218e-06	0.279041621860965	1.18597634258966e-05	1.22458093491049e-05
-60000	0.158540894427225	4.78556518438864e-06	5.69049275729015e-06	0.278640394711873	1.04937061167689e-05	1.08949332658612e-05
-59000	0.157334176734771	5.9264343095705e-06	7.13315200202416e-06	0.277835726484914	1.10005060408628e-05	1.18051742678221e-05
-58000	0.155976216079448	6.16117401480169e-06	7.51913467012462e-06	0.276824403820609	1.11040546524132e-05	1.21153773167183e-05
-57000	0.155422354355114	5.81801505471567e-06	6.3718767790499e-06	0.276759757100386	1.12565627174394e-05	1.13212094376621e-05
-56000	0.154447529888038	6.11208805111013e-06	7.08691251818584e-06	0.276166740464293	1.06035169839965e-05	1.11965336200898e-05
-55000	0.153347650072743	7.27585552533366e-06	8.37573534062876e-06	0.275620532608008	1.28197861977355e-05	1.33659940540199e-05
-54000	0.152690239736859	4.91511164526535e-06	5.57252198114997e-06	0.27532949585679	9.63198178252896e-06	9.9230185337466e-06
-53000	0.15156221139857	4.54374090707825e-06	5.67176924536657e-06	0.274776646214182	1.0141248655829e-05	1.06940982984376e-05
-52000	0.151249035359605	6.0046808779809e-06	6.31785691694604e-06	0.274805996584224	1.12868619140996e-05	1.12575115440572e-05
-51000	0.15077639319375	5.93908533114049e-06	6.41172749699538e-06	0.274595736605731	1.12254412043772e-05	1.14357011828705e-05
-50000	0.149839901322032	5.12467581757227e-06	6.06116768929092e-06	0.27405737238282	1.0297235751787e-05	1.08355999746979e-05
-49000	0.148545512050098	7.39294072996394e-06	8.68733000189764e-06	0.273276804351951	1.27142766778417e-05	1.34948447087102e-05
-48000	0.14756221139857	3.6186349547726e-06	4.60193560630021e-06	0.272674425959896	7.67025112277817e-06	8.27262951483333e-06
-47000	0.14661224618888	6.45233727623506e-06	7.40230248592574e-06	0.27245954835853	1.18323107090898e-05	1.20471883104561e-05
-46000	0.145924220380796	3.58586880890632e-06	4.27389461699032e-06	0.272245872604213	9.20203681447276e-06	9.41571256878993e-06
-45000	0.144993294958568	6.90049971535202e-06	7.83142513757986e-06	0.271837687393257	1.19403504332975e-05	1.23485356442533e-05
-44000	0.144493642861661	4.58017584919983e-06	5.07982794610665e-06	0.271847934720729	1.00008855715099e-05	9.9906382440382e-06
-43000	0.143347586817636	6.48371180972863e-06	7.62976785375419e-06	0.271177683597951	1.15191979252325e-05	1.21894490480106e-05
-42000	0.142524701119615	4.90922892023532e-06	5.73211461825543e-06	0.270991650325764	1.03649819722943e-05	1.0551015244481e-05
-41000	0.141546018090961	4.72762350559808e-06	5.70630653425264e-06	0.270608071351762	1.03210196723385e-05	1.07045986463407e-05
-40000	0.141362072237333	6.63122272123474e-06	6.81516857486242e-06	0.270841103169081	1.11178442659245e-05	1.08848124486052e-05
-39000	0.14100910873553	5.54747295844139e-06	5.90043646024417e-06	0.271113669428806	1.14415839079006e-05	1.11690176481751e-05
-38000	0.140207223733316	5.13960402302486e-06	5.94148902523879e-06	0.270966727813271	1.13858561578847e-05	1.15327977734202e-05
-37000	0.139847681700297	4.70719210576254e-06	5.06673413878171e-06	0.271545006009235	1.03137453349358e-05	9.73546713897147e-06
-36000	0.139024226706307	5.74128660889367e-06	6.56474160288444e-06	0.271278575494971	1.15933329116326e-05	1.18597634258966e-05
-35000	0.138816370421912	4.57770889999368e-06	4.78556518438864e-06	0.2716140173319	1.08291479536973e-05	1.04937061167689e-05
-34000	0.138352583971156	5.4626478588146e-06	5.9264343095705e-06	0.271733885761275	1.11203744702385e-05	1.10005060408628e-05
-33000	0.137821810361187	5.6304004048327e-06	6.16117401480169e-06	0.271861471313809	1.12316402049465e-05	1.11040546524132e-05
-32000	0.137633879435764	5.63008412929345e-06	5.81801505471567e-06	0.272343222215194	1.17383136188247e-05	1.12565627174394e-05
-31000	0.137496362831299	5.97457144664431e-06	6.11208805111013e-06	0.272761654753621	1.10219495224239e-05	1.06035169839965e-05
-30000	0.137091909671706	6.87140236574104e-06	7.27585552533366e-06	0.272822695932697	1.28808273768107e-05	1.28197861977355e-05
-29000	0.136937187677905	4.76038965146435e-06	4.91511164526535e-06	0.273369915870707	1.01792017205389e-05	9.63198178252896e-06
-28000	0.136422101334683	4.02865456385603e-06	4.54374090707825e-06	0.273205958631159	9.97729141628185e-06	1.0141248655829e-05
-27000	0.1367437535581	6.32633310139794e-06	6.0046808779809e-06	0.274082864191283	1.21637674742235e-05	1.12868619140996e-05
-26000	0.136675311531406	5.87064330444683e-06	5.93908533114049e-06	0.274529381997596	1.16719590106901e-05	1.12254412043772e-05
-25000	0.136468467328737	4.91783161490291e-06	5.12467581757227e-06	0.274729963944589	1.04978176987792e-05	1.0297235751787e-05
-24000	0.135653551774306	6.57802517553292e-06	7.39294072996394e-06	0.274495350749573	1.24796634828262e-05	1.27142766778417e-05
-23000	0.135504143209564	3.46922639003099e-06	3.6186349547726e-06	0.27510386488709	8.27876526029477e-06	7.67025112277817e-06
-22000	0.13536687962553	6.31507369220065e-06	6.45233727623506e-06	0.275603959769751	1.23324055917515e-05	1.18323107090898e-05
-21000	0.135321905243848	3.54089442722499e-06	3.58586880890632e-06	0.276008223164021	9.60630020874184e-06	9.20203681447276e-06
-20000	0.135169080903283	6.74767537478652e-06	6.90049971535202e-06	0.276450376367892	1.23825036371687e-05	1.19403504332975e-05
-19000	0.13549484470871	4.90593965462712e-06	4.58017584919983e-06	0.277100891897021	1.06514011006389e-05	1.00008855715099e-05
-18000	0.135653804794737	6.64267189575558e-06	6.48371180972863e-06	0.277779682459359	1.21979884875704e-05	1.15191979252325e-05
-17000	0.135817129483206	5.0725536087039e-06	4.90922892023532e-06	0.278076854956038	1.06621544689734e-05	1.03649819722943e-05
-16000	0.135704535391233	4.61502941362515e-06	4.72762350559808e-06	0.278423872477703	1.06680371940034e-05	1.03210196723385e-05
-15000	0.135794610664811	6.72129799481308e-06	6.63122272123474e-06	0.278814156493137	1.15081282813587e-05	1.11178442659245e-05
-14000	0.13574109684357	5.49395913720033e-06	5.54747295844139e-06	0.279219052438484	1.18464798532481e-05	1.14415839079006e-05
-13000	0.13557606426719	4.97457144664432e-06	5.13960402302486e-06	0.279354671389715	1.15214751091151e-05	1.13858561578847e-05
-12000	0.135479220697071	4.61034853564425e-06	4.70719210576254e-06	0.279849326333101	1.08084002783225e-05	1.03137453349358e-05
-11000	0.135057688658359	5.31975457018154e-06	5.74128660889367e-06	0.279573091277121	1.13170978556518e-05	1.15933329116326e-05
-10000	0.135375039534442	4.89505977607692e-06	4.57770889999368e-06	0.279871845151496	1.11279018280726e-05	1.08291479536973e-05
-9000	0.135332026061104	5.41963438547662e-06	5.4626478588146e-06	0.280105509519894	1.13540388386362e-05	1.11203744702385e-05
-8000	0.135534379151116	5.83275349484471e-06	5.6304004048327e-06	0.280559681194256	1.16858118793093e-05	1.12316402049465e-05
-7000	0.135507242709849	5.60294768802581e-06	5.63008412929345e-06	0.280862483395534	1.20411158201025e-05	1.17383136188247e-05
-6000	0.135346068695047	5.81339743184262e-06	5.97457144664431e-06	0.280856157884749	1.10156240116389e-05	1.10219495224239e-05
-5000	0.13493351888165	6.4588525523436e-06	6.87140236574104e-06	0.280469732430894	1.24944019229553e-05	1.28808273768107e-05
-4000	0.134931621228414	4.75849199822885e-06	4.76038965146435e-06	0.280668796255298	1.03782655449427e-05	1.01792017205389e-05
-3000	0.135072553608704	4.16958694414574e-06	4.02865456385603e-06	0.280587766462142	9.89626162312607e-06	9.97729141628185e-06
-2000	0.134987475488646	6.24125498133975e-06	6.32633310139794e-06	0.280448099184009	1.20241001960908e-05	1.21637674742235e-05
-1000	0.135015117970776	5.89828578657726e-06	5.87064330444683e-06	0.280495793535328	1.1719653362009e-05	1.16719590106901e-05
0	0.134791131633879	4.6938452780062e-06	4.91783161490291e-06	0.280297994813081	1.03000189765324e-05	1.04978176987792e-05
1000	0.134384464545512	6.17135808716554e-06	6.57802517553292e-06	0.280008918970207	1.21905876399519e-05	1.24796634828262e-05
2000	0.134199000569296	3.28376241381491e-06	3.46922639003099e-06	0.279945537352141	8.21538364222911e-06	8.27876526029477e-06
3000	0.133833702321462	5.94977544436714e-06	6.31507369220065e-06	0.279459864634069	1.18467328736796e-05	1.23324055917515e-05
4000	0.133600986779682	3.308178885445e-06	3.54089442722499e-06	0.279232399266241	9.37883484091341e-06	9.60630020874184e-06
5000	0.133526598772851	6.67328736795496e-06	6.74767537478652e-06	0.278999936744892	1.21500411158201e-05	1.23825036371687e-05
6000	0.133758238977797	5.13757985957366e-06	4.90593965462712e-06	0.279012524511354	1.0663988867101e-05	1.06514011006389e-05
7000	0.134108039724208	6.99247264216585e-06	6.64267189575558e-06	0.279321968498956	1.25074324751724e-05	1.21979884875704e-05
8000	0.134333417673477	5.2979315579733e-06	5.0725536087039e-06	0.279225314694162	1.05655006641786e-05	1.06621544689734e-05
9000	0.134302991966601	4.58460370674932e-06	4.61502941362515e-06	0.278982162059586	1.04248845594282e-05	1.06680371940034e-05
10000	0.134182554241255	6.60086026946676e-06	6.72129799481308e-06	0.278616041495351	1.11420077171232e-05	1.15081282813587e-05
11000	0.134324119172623	5.63552406856853e-06	5.49395913720033e-06	0.278503194382946	1.17336327408438e-05	1.18464798532481e-05
12000	0.133739768486305	4.3902207603264e-06	4.97457144664432e-06	0.277535138212411	1.05534189385793e-05	1.15214751091151e-05
13000	0.133249288380037	4.11986842937567e-06	4.61034853564425e-06	0.276660699601493	9.93396166740464e-06	1.08084002783225e-05
14000	0.132814978809539	4.88544499968372e-06	5.31975457018154e-06	0.275926560819786	1.05829590739452e-05	1.13170978556518e-05
15000	0.132533430324499	4.61351129103675e-06	4.89505977607692e-06	0.275191473211462	1.03928142197482e-05	1.11279018280726e-05
16000	0.13289645138845	5.78265544942754e-06	5.41963438547662e-06	0.275119425643621	1.12819912707951e-05	1.13540388386362e-05
17000	0.133174837118097	6.11113922449238e-06	5.83275349484471e-06	0.275079385160352	1.16457713960402e-05	1.16858118793093e-05
18000	0.133029919666013	5.45803023594155e-06	5.60294768802581e-06	0.274518502119046	1.14802327787969e-05	1.20411158201025e-05
19000	0.132600923524575	5.3844012904042e-06	5.81339743184262e-06	0.27372256309697	1.02196849895629e-05	1.10156240116389e-05
20000	0.131956353975584	5.81428300335252e-06	6.4588525523436e-06	0.272632171547852	1.14040103738377e-05	1.24944019229553e-05
21000	0.131800999430704	4.60313745334936e-06	4.75849199822885e-06	0.272083117211715	9.82921120880511e-06	1.03782655449427e-05
22000	0.132077360996901	4.44594851034221e-06	4.16958694414574e-06	0.271858877854387	9.67202226579798e-06	9.89626162312607e-06
23000	0.131924852931874	6.08874691631349e-06	6.24125498133975e-06	0.270998924663167	1.11641470048706e-05	1.20241001960908e-05
24000	0.132229805806819	6.20323866152192e-06	5.89828578657726e-06	0.270927952432159	1.16486811310013e-05	1.1719653362009e-05
25000	0.132193560630021	4.65760010120817e-06	4.6938452780062e-06	0.270341514327282	9.71358087165538e-06	1.03000189765324e-05
26000	0.131973875640458	5.95167309760263e-06	6.17135808716554e-06	0.269683091909672	1.15321652223417e-05	1.21905876399519e-05
27000	0.131981909039155	3.29179581251186e-06	3.28376241381491e-06	0.269071668037194	7.60395976975141e-06	8.21538364222911e-06
28000	0.13163931937504	5.60718578025175e-06	5.94977544436714e-06	0.268053766841672	1.0828831678158e-05	1.18467328736796e-05
29000	0.131802644063508	3.47150357391359e-06	3.308178885445e-06	0.267682712379025	9.00778037826554e-06	9.37883484091341e-06
30000	0.131908343348725	6.77898665317224e-06	6.67328736795496e-06	0.267167436270479	1.16347650072743e-05	1.21500411158201e-05
31000	0.132173635271048	5.40287178189639e-06	5.13757985957366e-06	0.266884875703713	1.03814283003352e-05	1.0663988867101e-05
32000	0.13233569485736	7.15453222847745e-06	6.99247264216585e-06	0.26651957745588	1.21421342273389e-05	1.25074324751724e-05
33000	0.132372129799481	5.33436650009488e-06	5.2979315579733e-06	0.26594085647416	9.98677968245935e-06	1.05655006641786e-05
34000	0.132826617749383	5.03909165665127e-06	4.58460370674932e-06	0.265793092542223	1.02771206274907e-05	1.04248845594282e-05
35000	0.133433487254096	7.20772977417927e-06	6.60086026946676e-06	0.265810677462205	1.11595926371055e-05	1.11420077171232e-05
36000	0.13388202922386	6.0840660383326e-06	5.63552406856853e-06	0.265461192991334	1.13841482699728e-05	1.17336327408438e-05
37000	0.133944335505092	4.45252704155861e-06	4.3902207603264e-06	0.265052881270163	1.01451072174078e-05	1.05534189385793e-05
38000	0.133987918274401	4.1634511986843e-06	4.11986842937567e-06	0.264398507179455	9.27958757669682e-06	9.93396166740464e-06
39000	0.134286925169207	5.18445189449048e-06	4.88544499968372e-06	0.26419065089506	1.03751027895502e-05	1.05829590739452e-05
40000	0.134471187298374	4.79777342020368e-06	4.61351129103675e-06	0.263758491998229	9.96065532291733e-06	1.03928142197482e-05
41000	0.13516591814789	6.47738629894363e-06	5.78265544942754e-06	0.263994939591372	1.15184388639383e-05	1.12819912707951e-05
42000	0.135811183503068	6.75640457966981e-06	6.11113922449238e-06	0.264290593965463	1.19414257701309e-05	1.16457713960402e-05
43000	0.136683597950535	6.33044468340818e-06	5.45803023594155e-06	0.264717502688342	1.19071415016762e-05	1.14802327787969e-05
44000	0.136966791068379	5.66759440824846e-06	5.3844012904042e-06	0.264495856790436	9.99803909165665e-06	1.02196849895629e-05
45000	0.137611550382693	6.45904231766716e-06	5.81428300335252e-06	0.264416724650516	1.13248782339174e-05	1.14040103738377e-05
46000	0.13805914352584	5.05073059649566e-06	4.60313745334936e-06	0.264308937946739	9.72142450502877e-06	9.82921120880511e-06
47000	0.138283825668923	4.67063065342526e-06	4.44594851034221e-06	0.264153456891644	9.51654121070276e-06	9.67202226579798e-06
48000	0.13923094439876	7.03586564615093e-06	6.08874691631349e-06	0.264557467265482	1.15681573787083e-05	1.11641470048706e-05
49000	0.139785881459928	6.75817572268961e-06	6.20323866152192e-06	0.264836042760453	1.19272566259726e-05	1.16486811310013e-05
50000	0.140319438294642	5.19115693592258e-06	4.65760010120817e-06	0.264911759124549	9.78929723575178e-06	9.71358087165538e-06
51000	0.140847365424758	6.47960022771839e-06	5.95167309760263e-06	0.264796192042507	1.14165981402998e-05	1.15321652223417e-05
52000	0.141880574356379	4.32500474413309e-06	3.29179581251186e-06	0.265243152634575	8.05092036181922e-06	7.60395976975141e-06
53000	0.142097539376305	5.82415080017712e-06	5.60718578025175e-06	0.265062179771017	1.06478588145993e-05	1.0828831678158e-05
54000	0.142987285723322	4.36124992093111e-06	3.47150357391359e-06	0.265407805680309	9.35340628755772e-06	9.00778037826554e-06
55000	0.143698842431526	7.49054336137643e-06	6.77898665317224e-06	0.26565019925359	1.18771585805554e-05	1.16347650072743e-05
56000	0.143985894110949	5.68992346131949e-06	5.40287178189639e-06	0.2655092668733	1.02404959200455e-05	1.03814283003352e-05
57000	0.144467455247011	7.63609336453919e-06	7.15453222847745e-06	0.26556221139857	1.21950787526093e-05	1.21421342273389e-05
58000	0.144711177177557	5.57808843064077e-06	5.33436650009488e-06	0.265400468087798	9.82503637168701e-06	9.98677968245935e-06
59000	0.145557404010374	5.88531848946802e-06	5.03909165665127e-06	0.265699601492821	1.05762540325131e-05	1.02771206274907e-05
60000	0.14663312037447	8.28344613827567e-06	7.20772977417927e-06	0.266227844898476	1.16878360427605e-05	1.11595926371055e-05
61000	0.147747612119679	7.19855778354102e-06	6.0840660383326e-06	0.266632424568284	1.17887279397811e-05	1.13841482699728e-05
62000	0.148708710228351	5.41362515023088e-06	4.45252704155861e-06	0.267058384464545	1.05710671136694e-05	1.01451072174078e-05
63000	0.149704598646341	5.15933961667405e-06	4.1634511986843e-06	0.267423176671516	9.64437978366754e-06	9.27958757669682e-06
64000	0.150999240938706	6.47909418685558e-06	5.18445189449048e-06	0.268243405655007	1.11953317730407e-05	1.03751027895502e-05
65000	0.151896324878234	5.6948573597318e-06	4.79777342020368e-06	0.268622620026567	1.03398696944778e-05	9.96065532291733e-06
66000	0.152688468593839	7.26953001454868e-06	6.47738629894363e-06	0.269064077424252	1.19598962616231e-05	1.15184388639383e-05
67000	0.153647922069707	7.71585805553799e-06	6.75640457966981e-06	0.269521475109115	1.2398823454994e-05	1.19414257701309e-05
68000	0.154908343348725	7.59086596242647e-06	6.33044468340818e-06	0.27038952495414	1.27751913467012e-05	1.19071415016762e-05
69000	0.155431336580429	6.19058763995193e-06	5.66759440824846e-06	0.270472895186286	1.00814093238029e-05	9.99803909165665e-06
70000	0.156712758555253	7.74046429249161e-06	6.45904231766716e-06	0.271278512239863	1.21304952874945e-05	1.13248782339174e-05
71000	0.157844771965336	6.18274400657853e-06	5.05073059649566e-06	0.271928268707698	1.03711809728636e-05	9.72142450502877e-06
72000	0.158042760452907	4.86861914099563e-06	4.67063065342526e-06	0.271760769182111	9.34904168511608e-06	9.51654121070276e-06
73000	0.159008286419128	8.00139161237271e-06	7.03586564615093e-06	0.272417989752673	1.22253779492694e-05	1.15681573787083e-05
74000	0.159610664811183	7.36055411474476e-06	6.75817572268961e-06	0.272793788348409	1.23030552217092e-05	1.19272566259726e-05
75000	0.16017711430198	5.75760642671896e-06	5.19115693592258e-06	0.272991081029793	9.9865899171358e-06	9.78929723575178e-06
76000	0.160813270921627	7.11575684736542e-06	6.47960022771839e-06	0.273152508065026	1.15780251755329e-05	1.14165981402998e-05
77000	0.161791194888987	5.30292871149345e-06	4.32500474413309e-06	0.273818837371118	8.71724966791068e-06	8.05092036181922e-06
78000	0.162284901005756	6.31785691694604e-06	5.82415080017712e-06	0.274019545828326	1.08485672718072e-05	1.06478588145993e-05
79000	0.163187171864128	5.26352077930293e-06	4.36124992093111e-06	0.27441748371181	9.7513441710418e-06	9.35340628755772e-06
80000	0.164098298437599	8.40166993484724e-06	7.49054336137643e-06	0.275064330444683	1.25240053134291e-05	1.18771585805554e-05
81000	0.164394332342337	5.98595736605731e-06	5.68992346131949e-06	0.275039787462838	1.02159529381997e-05	1.02404959200455e-05
82000	0.164733000189765	7.97476121196787e-06	7.63609336453919e-06	0.275176608261117	1.23318995508887e-05	1.21950787526093e-05
83000	0.16514093238029	5.98602062116516e-06	5.57808843064077e-06	0.275231323929407	9.87975203997724e-06	9.82503637168701e-06
84000	0.16576817002973	6.51255613890822e-06	5.88531848946802e-06	0.275315073692201	1.06600037953065e-05	1.05762540325131e-05
85000	0.166563792776267	9.07906888481245e-06	8.28344613827567e-06	0.275885824530331	1.22585868808906e-05	1.16878360427605e-05
86000	0.167639256119932	8.27402112720602e-06	7.19855778354102e-06	0.276584793472073	1.24876968815232e-05	1.17887279397811e-05
87000	0.168663482826238	6.43785185653741e-06	5.41362515023088e-06	0.277056739831741	1.1043013473338e-05	1.05710671136694e-05
88000	0.169512745904232	6.0086026946676e-06	5.15933961667405e-06	0.277551141754697	1.01387817066228e-05	9.64437978366754e-06
89000	0.170728825352647	7.69517363527105e-06	6.47909418685558e-06	0.278348725409577	1.19929154279208e-05	1.11953317730407e-05
90000	0.171415269783035	6.38130179011955e-06	5.6948573597318e-06	0.278615788474919	1.06069327598204e-05	1.03398696944778e-05
91000	0.171995635397558	7.84989562907206e-06	7.26953001454868e-06	0.278730343475236	1.20744512619394e-05	1.19598962616231e-05
92000	0.17297880953887	8.69903219684989e-06	7.71585805553799e-06	0.279269466759441	1.29379467391992e-05	1.2398823454994e-05
93000	0.173612372699095	8.22442912265166e-06	7.59086596242647e-06	0.279494148902524	1.29998734897843e-05	1.27751913467012e-05
94000	0.174390473780758	6.96868872161427e-06	6.19058763995193e-06	0.279705357707635	1.02926181289139e-05	1.00814093238029e-05
95000	0.175575811246758	8.92580175849199e-06	7.74046429249161e-06	0.280546397621608	1.29715352014675e-05	1.21304952874945e-05
96000	0.176659940540199	7.26687330001898e-06	6.18274400657853e-06	0.281200392181669	1.10251755329243e-05	1.03711809728636e-05
97000	0.177424378518565	5.63305711936239e-06	4.86861914099563e-06	0.281437092795243	9.58574229869061e-06	9.34904168511608e-06
98000	0.177752735783415	8.32974887722185e-06	8.00139161237271e-06	0.281589727370485	1.23780125245114e-05	1.22253779492694e-05
99000	0.178201657283826	7.80947561515592e-06	7.36055411474476e-06	0.281848377506484	1.25617053577076e-05	1.23030552217092e-05
100000	0.17879492694035	6.35087608324372e-06	5.75760642671896e-06	0.282079764690999	1.0217977101651e-05	9.9865899171358e-06
101000	0.179064646720223	7.38547662723765e-06	7.11575684736542e-06	0.28198734897843	1.14856094629641e-05	1.15780251755329e-05
102000	0.179755645518376	5.9939275096464e-06	5.30292871149345e-06	0.28239951926118	9.12941995066102e-06	8.71724966791068e-06
103000	0.180678917072554	7.24112847112404e-06	6.31785691694604e-06	0.282926118034031	1.13751660446581e-05	1.08485672718072e-05
104000	0.181099373774432	5.68397748118161e-06	5.26352077930293e-06	0.283017711430198	9.84293756720856e-06	9.7513441710418e-06
105000	0.181880194825732	9.18249098614712e-06	8.40166993484724e-06	0.283366500094883	1.28727939781137e-05	1.25240053134291e-05
106000	0.182146309064457	6.25207160478209e-06	5.98595736605731e-06	0.283452527041559	1.03019798848757e-05	1.02159529381997e-05
107000	0.182406793598583	8.235245746094e-06	7.97476121196787e-06	0.283319944335505	1.21993168448352e-05	1.23318995508887e-05
108000	0.183033398696945	6.61262571952685e-06	5.98602062116516e-06	0.283720538933519	1.0280346637991e-05	9.87975203997724e-06
109000	0.183333544183693	6.81270162565627e-06	6.51255613890822e-06	0.283719590106901	1.06590549686887e-05	1.06600037953065e-05
110000	0.184166297678538	9.91182237965715e-06	9.07906888481245e-06	0.284373774432285	1.29127712062749e-05	1.22585868808906e-05
111000	0.184796445062939	8.90416851160731e-06	8.27402112720602e-06	0.28471756594345	1.28314883926877e-05	1.24876968815232e-05
112000	0.185593016636093	7.23442342969195e-06	6.43785185653741e-06	0.285137706369789	1.14631538996774e-05	1.1043013473338e-05
113000	0.186083623252578	6.49920931115188e-06	6.0086026946676e-06	0.285539692580176	1.05407679170093e-05	1.01387817066228e-05
114000	0.187066544373458	8.67809475615155e-06	7.69517363527105e-06	0.286066670883674	1.25198937314188e-05	1.19929154279208e-05
115000	0.188028211778101	7.34296919476248e-06	6.38130179011955e-06	0.286556012398001	1.10962742741476e-05	1.06069327598204e-05
116000	0.188768802580808	8.59048643177936e-06	7.84989562907206e-06	0.286969384527801	1.24878233917389e-05	1.20744512619394e-05
117000	0.189562907204757	9.49313682079828e-06	8.69903219684989e-06	0.287538870263774	1.35074324751724e-05	1.29379467391992e-05
118000	0.189725093301284	8.38661521917895e-06	8.22442912265166e-06	0.287304952874945	1.27659561009551e-05	1.29998734897843e-05
119000	0.190347650072743	7.59124549307357e-06	6.96868872161427e-06	0.287532165222342	1.0519830476311e-05	1.02926181289139e-05
120000	0.191179834271617	9.75798595736606e-06	8.92580175849199e-06	0.288038775381112	1.34781453602378e-05	1.29715352014675e-05
121000	0.192066544373458	8.1535834018597e-06	7.26687330001898e-06	0.288603074198241	1.15894743500538e-05	1.10251755329243e-05
122000	0.193213992029856	6.78050477576065e-06	5.63305711936239e-06	0.289213422733886	1.01960908343349e-05	9.58574229869061e-06
123000	0.193257195268518	8.37295211588335e-06	8.32974887722185e-06	0.289023594155228	1.21881839458536e-05	1.23780125245114e-05
124000	0.193774875071162	8.32715541779999e-06	7.80947561515592e-06	0.289267885381745	1.28059965842242e-05	1.25617053577076e-05
125000	0.194610854576507	7.18685558858878e-06	6.35087608324372e-06	0.28976494401923	1.07150357391359e-05	1.0217977101651e-05
126000	0.194727939781137	7.50256183186793e-06	7.38547662723765e-06	0.289620153077361	1.13408185210956e-05	1.14856094629641e-05
127000	0.195579986083876	6.84597381238535e-06	5.9939275096464e-06	0.290227908153583	9.73717502688341e-06	9.12941995066102e-06
128000	0.196344993358214	8.00613574546144e-06	7.24112847112404e-06	0.29060459232083	1.17518502119046e-05	1.13751660446581e-05
129000	0.196719779872225	6.05876399519261e-06	5.68397748118161e-06	0.290720159402872	9.95850464925042e-06	9.84293756720856e-06
130000	0.19690790056297	9.3706116768929e-06	9.18249098614712e-06	0.290572205705611	1.27248402808527e-05	1.28727939781137e-05
131000	0.197282813587197	6.6269846290088e-06	6.25207160478209e-06	0.290751597191473	1.04813713707382e-05	1.03019798848757e-05
132000	0.197910367512177	8.86279967107343e-06	8.235245746094e-06	0.291070466190145	1.25181858435069e-05	1.21993168448352e-05
133000	0.198450313112784	7.15257132013411e-06	6.61262571952685e-06	0.29133746600038	1.05473464482257e-05	1.0280346637991e-05
134000	0.198928901258777	7.29128977164906e-06	6.81270162565627e-06	0.291542539060029	1.08641280283383e-05	1.06590549686887e-05
135000	0.199462584603707	1.04455057245873e-05	9.91182237965715e-06	0.291899803909166	1.32700360554115e-05	1.29127712062749e-05
136000	0.200001707887912	9.44329179581252e-06	8.90416851160731e-06	0.292028401543425	1.29600860269467e-05	1.28314883926877e-05
137000	0.200949585679044	8.18230122082358e-06	7.23442342969195e-06	0.292592257574799	1.20270099310519e-05	1.14631538996774e-05
138000	0.20171933708647	7.26896071857803e-06	6.49920931115188e-06	0.29325536087039	1.12038712126004e-05	1.05407679170093e-05
139000	0.202460117654501	9.41887532418243e-06	8.67809475615155e-06	0.293674362704788	1.29388955658169e-05	1.25198937314188e-05
140000	0.20356663925612	8.44949079638181e-06	7.34296919476248e-06	0.294548611550383	1.19705231197419e-05	1.10962742741476e-05
141000	0.204577202859131	9.60105003479031e-06	8.59048643177936e-06	0.295191346701246	1.31305585426023e-05	1.24878233917389e-05
142000	0.205337276235056	1.02532101967234e-05	9.49313682079828e-06	0.295813587197166	1.41296729710924e-05	1.35074324751724e-05
143000	0.205909228920235	8.95856790435828e-06	8.38661521917895e-06	0.296126383705484	1.30787526092732e-05	1.27659561009551e-05
144000	0.206252387880321	7.9344044531596e-06	7.59124549307357e-06	0.296214371560504	1.06078183313303e-05	1.0519830476311e-05
145000	0.207296097159846	1.08016952368904e-05	9.75798595736606e-06	0.296907774052755	1.41715478524891e-05	1.34781453602378e-05
146000	0.208140805870074	8.99829211208804e-06	8.1535834018597e-06	0.297446328040989	1.21280283382883e-05	1.15894743500538e-05
147000	0.209144031880574	7.78373078626099e-06	6.78050477576065e-06	0.298094629641344	1.08443924346891e-05	1.01960908343349e-05
148000	0.209250426971978	8.47934720728698e-06	8.37295211588335e-06	0.297914162818648	1.20077171231577e-05	1.21881839458536e-05
149000	0.210136188247201	9.21291669302296e-06	8.32715541779999e-06	0.298241444746663	1.31332785122399e-05	1.28059965842242e-05
150000	0.211026503890189	8.07717123157696e-06	7.18685558858878e-06	0.298951483332279	1.14250743247517e-05	1.07150357391359e-05
151000	0.211676892909102	8.1529508507812e-06	7.50256183186793e-06	0.299381491555443	1.17708267442596e-05	1.13408185210956e-05
152000	0.212604655575938	7.7737364792207e-06	6.84597381238535e-06	0.299998355367196	1.03540388386362e-05	9.73717502688341e-06
153000	0.213274021127206	8.67550129672971e-06	8.00613574546144e-06	0.300409323802897	1.21628186476058e-05	1.17518502119046e-05
154000	0.213818647605794	6.60339047378075e-06	6.05876399519261e-06	0.300865203365172	1.04143842115251e-05	9.95850464925042e-06
155000	0.213863811752799	9.41577582389778e-06	9.3706116768929e-06	0.300850591435258	1.27102283509393e-05	1.27248402808527e-05
156000	0.214283952179138	7.04712505534822e-06	6.6269846290088e-06	0.301199063824404	1.08298437598836e-05	1.04813713707382e-05
157000	0.215238345246379	9.81719273831362e-06	8.86279967107343e-06	0.301892466316655	1.32115883357581e-05	1.25181858435069e-05
158000	0.216501676260358	8.41590233411348e-06	7.15257132013411e-06	0.302797836675312	1.14527168068822e-05	1.05473464482257e-05
159000	0.217122651654121	7.91226516541211e-06	7.29128977164906e-06	0.303113036877728	1.11793282307546e-05	1.08641280283383e-05
160000	0.217039850717945	1.03627047884117e-05	1.04455057245873e-05	0.302941362515023	1.30983616927067e-05	1.32700360554115e-05
161000	0.217698589411095	1.0102030488962e-05	9.44329179581252e-06	0.303288822822443	1.33075463343665e-05	1.29600860269467e-05
162000	0.218321335947878	8.80504775760641e-06	8.18230122082358e-06	0.303646593712442	1.23847808210513e-05	1.20270099310519e-05
163000	0.219527547599469	8.47517237016889e-06	7.26896071857803e-06	0.304583844645455	1.21411221456133e-05	1.12038712126004e-05
164000	0.220148965778987	1.00402935037004e-05	9.41887532418243e-06	0.305003036245177	1.33580871655386e-05	1.29388955658169e-05
165000	0.2212530204314	9.553545448795e-06	8.44949079638181e-06	0.30594174204567	1.29092289202353e-05	1.19705231197419e-05
166000	0.221469226390031	9.81725599342147e-06	9.60105003479031e-06	0.305836359035992	1.30251755329243e-05	1.31305585426023e-05
167000	0.22250015813777	1.1284141944462e-05	1.02532101967234e-05	0.30656841039914	1.486172433424e-05	1.41296729710924e-05
168000	0.223168385097097	9.62679486368525e-06	8.95856790435828e-06	0.307040103738377	1.35504459485104e-05	1.30787526092732e-05
169000	0.223495350749573	8.26137010563603e-06	7.9344044531596e-06	0.307323107090898	1.0890821683851e-05	1.06078183313303e-05
170000	0.224682712379025	1.1989056866342e-05	1.08016952368904e-05	0.308286735403884	1.51351761654754e-05	1.41715478524891e-05
171000	0.225091593396167	9.40717312923018e-06	8.99829211208804e-06	0.308400215067367	1.22415080017711e-05	1.21280283382883e-05
172000	0.225842874312101	8.53501170219495e-06	7.78373078626099e-06	0.308821241065216	1.12654184325384e-05	1.08443924346891e-05
173000	0.226182237965716	8.81871086090202e-06	8.47934720728698e-06	0.308907394522108	1.20938705800493e-05	1.20077171231577e-05
174000	0.227291289771649	1.03219684989563e-05	9.21291669302296e-06	0.309675374786514	1.39012587766462e-05	1.31332785122399e-05
175000	0.228054842178506	8.84072363843379e-06	8.07717123157696e-06	0.310343981276488	1.20936808147258e-05	1.14250743247517e-05
176000	0.228541843253843	8.63995192611804e-06	8.1529508507812e-06	0.310528180150547	1.19550256183187e-05	1.17708267442596e-05
177000	0.229461192991334	8.693086216712e-06	7.7737364792207e-06	0.311189322537795	1.1015181225884e-05	1.03540388386362e-05
178000	0.230476500727434	9.6908090328294e-06	8.67550129672971e-06	0.311983363906635	1.29568600164463e-05	1.21628186476058e-05
179000	0.23119798848757	7.32487823391739e-06	6.60339047378075e-06	0.312544373458157	1.09753937630464e-05	1.04143842115251e-05
180000	0.231528306660763	9.74609399709027e-06	9.41577582389778e-06	0.3128331962806	1.29990511733823e-05	1.27102283509393e-05
181000	0.231948067556455	7.46688595104055e-06	7.04712505534822e-06	0.31324125498134	1.12379024606237e-05	1.08298437598836e-05
182000	0.232805743563793	1.06748687456512e-05	9.81719273831362e-06	0.313934277942944	1.39046112973623e-05	1.32115883357581e-05
183000	0.234083117211715	9.69327598203554e-06	8.41590233411348e-06	0.315086090201784	1.2604529065722e-05	1.14527168068822e-05
184000	0.234908975899804	8.73812385350118e-06	7.91226516541211e-06	0.315736162945158	1.18294009741287e-05	1.11793282307546e-05
185000	0.23501265102157	1.04663799101777e-05	1.03627047884117e-05	0.315682206338162	1.30444050857107e-05	1.30983616927067e-05
186000	0.235547725978873	1.06371054462648e-05	1.0102030488962e-05	0.316058447719653	1.36837877158581e-05	1.33075463343665e-05
187000	0.236159972167753	9.41729394648619e-06	8.80504775760641e-06	0.316453096337529	1.27794294389272e-05	1.23847808210513e-05
188000	0.237027009931052	9.34221013346828e-06	8.47517237016889e-06	0.317029476880258	1.27175026883421e-05	1.21411221456133e-05
189000	0.237289898159276	1.03031817319248e-05	1.00402935037004e-05	0.317168954393067	1.34975646783478e-05	1.33580871655386e-05
190000	0.238038712126004	1.03023594155228e-05	9.553545448795e-06	0.317874122335379	1.36143968625466e-05	1.29092289202353e-05
191000	0.237606489974065	9.38503384148271e-06	9.81725599342147e-06	0.317313871845151	1.24649250426972e-05	1.30251755329243e-05
192000	0.238572648491366	1.22503004617623e-05	1.1284141944462e-05	0.317924346891011	1.54721993800999e-05	1.486172433424e-05
193000	0.238993105193244	1.00472515655639e-05	9.62679486368525e-06	0.31818976532355	1.38158643810488e-05	1.35504459485104e-05
194000	0.239410146119299	8.67841103169081e-06	8.26137010563603e-06	0.318490480106269	1.11915364665697e-05	1.0890821683851e-05
195000	0.240653045733443	1.32319564804858e-05	1.1989056866342e-05	0.31966341957113	1.63081156303372e-05	1.51351761654754e-05
196000	0.24082819912708	9.58232652286671e-06	9.40717312923018e-06	0.319548168764628	1.21262571952685e-05	1.22415080017711e-05
197000	0.240906698715921	8.61351129103675e-06	8.53501170219495e-06	0.319594661268897	1.13119109368081e-05	1.12654184325384e-05
198000	0.241351824909861	9.26383705484217e-06	8.81871086090202e-06	0.319870959579986	1.2370168891138e-05	1.20938705800493e-05
199000	0.242074261496616	1.10444050857107e-05	1.03219684989563e-05	0.320445948510342	1.44762477070023e-05	1.39012587766462e-05
200000	0.241954329812132	8.72079195395027e-06	8.84072363843379e-06	0.320276994117275	1.19247264216586e-05	1.20936808147258e-05
201000	0.24256897969511	9.25460180909608e-06	8.63995192611804e-06	0.320752419507875	1.2430451008919e-05	1.19550256183187e-05
202000	0.243378202289835	9.50230881143652e-06	8.693086216712e-06	0.321427604529066	1.16903662470744e-05	1.1015181225884e-05
203000	0.244155228034664	1.04678347776583e-05	9.6908090328294e-06	0.321960402302486	1.34896577898665e-05	1.29568600164463e-05
204000	0.245012587766462	8.18223796571573e-06	7.32487823391739e-06	0.322489468024543	1.15044594851034e-05	1.09753937630464e-05
205000	0.245565121133532	1.02986273641597e-05	9.74609399709027e-06	0.323095262192422	1.36048453412613e-05	1.29990511733823e-05
206000	0.246114238724777	8.01600354228604e-06	7.46688595104055e-06	0.323494528433171	1.16371687013726e-05	1.12379024606237e-05
207000	0.246730912771206	1.12915427920805e-05	1.06748687456512e-05	0.323902587133911	1.43126699981023e-05	1.39046112973623e-05
208000	0.247567967613385	1.05303308242141e-05	9.69327598203554e-06	0.324733126699981	1.3435068631792e-05	1.2604529065722e-05
209000	0.248224365867544	9.3945221076602e-06	8.73812385350118e-06	0.325356885318489	1.24531595926371e-05	1.18294009741287e-05
210000	0.248149977860712	1.03919919033462e-05	1.04663799101777e-05	0.32499500284648	1.26825226137011e-05	1.30444050857107e-05
211000	0.248841545954836	1.13286735403884e-05	1.06371054462648e-05	0.325552533367069	1.42413182364476e-05	1.36837877158581e-05
212000	0.249155228034664	9.73097602631413e-06	9.41729394648619e-06	0.32575785944715	1.29847555190082e-05	1.27794294389272e-05
213000	0.249508887342653	9.6958694414574e-06	9.34221013346828e-06	0.325978619773547	1.29382630147384e-05	1.27175026883421e-05
214000	0.250109557846796	1.09038522360681e-05	1.03031817319248e-05	0.326322917325574	1.38418622303751e-05	1.34975646783478e-05
215000	0.250631792017205	1.08245935859321e-05	1.03023594155228e-05	0.326717945474097	1.40094250110697e-05	1.36143968625466e-05
216000	0.250622999557214	9.37624138149154e-06	9.38503384148271e-06	0.326599658422418	1.23466379910178e-05	1.24649250426972e-05
217000	0.251124549307357	1.27518502119046e-05	1.22503004617623e-05	0.326974887722184	1.58474286798659e-05	1.54721993800999e-05
218000	0.251468467328737	1.03911695869441e-05	1.00472515655639e-05	0.327083117211715	1.392409387058e-05	1.38158643810488e-05
219000	0.252090834334873	9.30077803782656e-06	8.67841103169081e-06	0.32749338984123	1.16018090960845e-05	1.11915364665697e-05
220000	0.252861028528054	1.40021506736669e-05	1.32319564804858e-05	0.328100132835726	1.69148586248339e-05	1.63081156303372e-05
221000	0.252714845973812	9.43614396862547e-06	9.58232652286671e-06	0.327657916376747	1.16840407362895e-05	1.21262571952685e-05
222000	0.252897400215067	8.79606553229173e-06	8.61351129103675e-06	0.327744449364286	1.13984439243469e-05	1.13119109368081e-05
223000	0.253637295211588	1.00037320513632e-05	9.26383705484217e-06	0.328417863242457	1.30435827693086e-05	1.2370168891138e-05
224000	0.254233031817319	1.16401416914416e-05	1.10444050857107e-05	0.328835726484914	1.48941109494592e-05	1.44762477070023e-05
225000	0.254454171674363	8.94193181099372e-06	8.72079195395027e-06	0.328876019988614	1.1965019925359e-05	1.19247264216586e-05
226000	0.254962236700614	9.76266683534694e-06	9.25460180909608e-06	0.329296539945601	1.28509709659055e-05	1.2430451008919e-05
227000	0.255494465178063	1.00345372888861e-05	9.50230881143652e-06	0.329713327851224	1.21071541526978e-05	1.16903662470744e-05
228000	0.255913593522677	1.08869631222721e-05	1.04678347776583e-05	0.329982794610665	1.37591245493073e-05	1.34896577898665e-05
229000	0.25626067429945	8.52931874248845e-06	8.18223796571573e-06	0.330110127142767	1.16317920172054e-05	1.15044594851034e-05
230000	0.25646631665507	1.05042697197799e-05	1.02986273641597e-05	0.330113353153267	1.36080713517616e-05	1.36048453412613e-05
231000	0.257197798722247	8.74748560946297e-06	8.01600354228604e-06	0.330645328610285	1.21691441583908e-05	1.16371687013726e-05
232000	0.258074071731292	1.21678158011259e-05	1.12915427920805e-05	0.331307925865014	1.49752672528307e-05	1.43126699981023e-05
233000	0.258569106205326	1.10253652982478e-05	1.05303308242141e-05	0.331741033588462	1.38681763552407e-05	1.3435068631792e-05
234000	0.258628755772029	9.4541716743627e-06	9.3945221076602e-06	0.331738566639256	1.2450692643431e-05	1.24531595926371e-05
235000	0.258668922765513	1.04321588968309e-05	1.03919919033462e-05	0.331766209121387	1.27101650958315e-05	1.26825226137011e-05
236000	0.259404389904485	1.20641406793598e-05	1.13286735403884e-05	0.332427161743311	1.49022708583718e-05	1.42413182364476e-05
237000	0.259708014422165	1.00346005439939e-05	9.73097602631413e-06	0.332509013852869	1.3066607628566e-05	1.29847555190082e-05
238000	0.259896641153773	9.88449617306598e-06	9.6958694414574e-06	0.332572458726042	1.30017078879119e-05	1.29382630147384e-05
239000	0.260253779492694	1.12609905749889e-05	1.09038522360681e-05	0.332753558099817	1.40229616041495e-05	1.38418622303751e-05
240000	0.260700993105193	1.12718071984313e-05	1.08245935859321e-05	0.332926054778923	1.41819216901765e-05	1.40094250110697e-05
241000	0.260887279397811	9.56252767410968e-06	9.37624138149154e-06	0.333109241571257	1.25298247833513e-05	1.23466379910178e-05
242000	0.26165342526409	1.35179960781833e-05	1.27518502119046e-05	0.333747106078816	1.64852931874249e-05	1.58474286798659e-05
243000	0.26216534885192	1.09030931747739e-05	1.03911695869441e-05	0.333992156366627	1.41691441583908e-05	1.392409387058e-05
244000	0.26261547219938	9.75090138528686e-06	9.30077803782656e-06	0.334251755329243	1.18614080587007e-05	1.16018090960845e-05
245000	0.262727750015814	1.41144284901006e-05	1.40021506736669e-05	0.334252767410968	1.69158707065595e-05	1.69148586248339e-05
246000	0.262898159276362	9.60655322917326e-06	9.43614396862547e-06	0.334207160478209	1.16384338035296e-05	1.16840407362895e-05
247000	0.263087165538617	8.98507179454741e-06	8.79606553229173e-06	0.334283003352521	1.1474286798659e-05	1.13984439243469e-05
248000	0.263735973179834	1.06525396925802e-05	1.00037320513632e-05	0.334723891454235	1.34844708710228e-05	1.30435827693086e-05
249000	0.264276235055981	1.21804035675881e-05	1.16401416914416e-05	0.335088051110127	1.52582706053514e-05	1.48941109494592e-05
250000	0.264603770004428	9.26946675944083e-06	8.94193181099372e-06	0.335161490290341	1.20384591055728e-05	1.1965019925359e-05
