Distance from Center (cmd=annotatePeaks.pl /expanse/lustre/projects/csd940/ctea/homer/homer_scripts/reference_peaks/Superenhancers_P60.bed mm10 -size 500000 -hist 1000 -bedGraph /expanse/lustre/projects/csd940/ctea/homer/bwt2_bam/tags/ctrl_M2/tagdirs/tagdirs.25x50kb.PC1.bedGraph /expanse/lustre/projects/csd940/ctea/homer/bwt2_bam/tags/mut_M2/tagdirs/tagdirs.25x50kb.PC1.bedGraph)	/expanse/lustre/projects/csd940/ctea/homer/bwt2_bam/tags/ctrl_M2/tagdirs/tagdirs.25x50kb.PC1.bedGraph Coverage	/expanse/lustre/projects/csd940/ctea/homer/bwt2_bam/tags/ctrl_M2/tagdirs/tagdirs.25x50kb.PC1.bedGraph + Tags	/expanse/lustre/projects/csd940/ctea/homer/bwt2_bam/tags/ctrl_M2/tagdirs/tagdirs.25x50kb.PC1.bedGraph - Tags	/expanse/lustre/projects/csd940/ctea/homer/bwt2_bam/tags/mut_M2/tagdirs/tagdirs.25x50kb.PC1.bedGraph Coverage	/expanse/lustre/projects/csd940/ctea/homer/bwt2_bam/tags/mut_M2/tagdirs/tagdirs.25x50kb.PC1.bedGraph + Tags	/expanse/lustre/projects/csd940/ctea/homer/bwt2_bam/tags/mut_M2/tagdirs/tagdirs.25x50kb.PC1.bedGraph - Tags
-250000	1.0221051625239	4.03527724665392e-05	3.83173996175908e-05	1.00308413001912	3.93422562141491e-05	3.73030592734226e-05
-249000	1.02223518164436	2.7991395793499e-05	2.78613766730401e-05	1.00295793499044	2.83049713193117e-05	2.84311663479924e-05
-248000	1.02187667304015	5.04177820267686e-05	5.07762906309752e-05	1.0025430210325	5.01281070745698e-05	5.05430210325048e-05
-247000	1.0215965583174	3.22619502868069e-05	3.25420650095602e-05	1.00185850860421	3.26367112810707e-05	3.3321223709369e-05
-246000	1.02207170172084	3.52237093690248e-05	3.47485659655832e-05	1.00213384321224	3.3821223709369e-05	3.35458891013384e-05
-245000	1.02230592734226	4.13384321223709e-05	4.1104206500956e-05	1.00193403441683	4.08374760994264e-05	4.10372848948375e-05
-244000	1.02379732313576	4.99082217973231e-05	4.84168260038241e-05	1.00304780114723	4.87925430210325e-05	4.7678776290631e-05
-243000	1.02597323135755	5.18145315487572e-05	4.96386233269598e-05	1.00433938814532	5.0612810707457e-05	4.9321223709369e-05
-242000	1.02702198852772	4.82715105162524e-05	4.72227533460803e-05	1.00551242829828	4.90860420650096e-05	4.79130019120459e-05
-241000	1.02710898661568	2.9538240917782e-05	2.94512428298279e-05	1.0057189292543	2.90917782026769e-05	2.88852772466539e-05
-240000	1.02661281070746	3.75812619502868e-05	3.80774378585086e-05	1.00545124282983	3.74455066921606e-05	3.77131931166348e-05
-239000	1.02833556405354	3.85841300191205e-05	3.68613766730402e-05	1.00732313575526	3.64110898661568e-05	3.45391969407266e-05
-238000	1.02985850860421	4.56845124282983e-05	4.41615678776291e-05	1.00913001912046	4.51998087954111e-05	4.33929254302103e-05
-237000	1.03108891013384	4.00650095602295e-05	3.88346080305927e-05	1.0094741873805	3.76902485659656e-05	3.73460803059273e-05
-236000	1.03258986615679	4.33059273422562e-05	4.18049713193117e-05	1.01078202676864	4.10229445506692e-05	3.97151051625239e-05
-235000	1.03496940726577	3.21357552581262e-05	2.97562141491396e-05	1.0128690248566	3.17485659655832e-05	2.96615678776291e-05
-234000	1.03698087954111	3.80965583173996e-05	3.6085086042065e-05	1.01462428298279	3.67868068833652e-05	3.50315487571702e-05
-233000	1.03850286806883	3.49770554493308e-05	3.34550669216061e-05	1.01586328871893	3.43537284894838e-05	3.31147227533461e-05
-232000	1.04009560229445	5.53843212237094e-05	5.3791586998088e-05	1.01712810707457	5.35009560229446e-05	5.2236137667304e-05
-231000	1.04141586998088	4.38804971319312e-05	4.25602294455067e-05	1.01873135755258	4.22543021032505e-05	4.0651051625239e-05
-230000	1.04505927342256	5.96940726577438e-05	5.60506692160612e-05	1.0225	5.7642447418738e-05	5.38738049713193e-05
-229000	1.04690248565966	3.4302103250478e-05	3.24588910133843e-05	1.02377915869981	3.23326959847036e-05	3.10535372848948e-05
-228000	1.04818068833652	3.57944550669216e-05	3.45162523900574e-05	1.02497227533461	3.63709369024857e-05	3.51778202676864e-05
-227000	1.04930592734226	5.03479923518164e-05	4.92227533460803e-05	1.02581739961759	4.82275334608031e-05	4.73824091778203e-05
-226000	1.04987476099426	5.29225621414914e-05	5.23537284894838e-05	1.02623518164436	5.2593690248566e-05	5.21759082217973e-05
-225000	1.05127629063098	4.17543021032505e-05	4.03527724665392e-05	1.0279206500956	4.1027724665392e-05	3.93422562141491e-05
-224000	1.0520086042065	2.87237093690249e-05	2.7991395793499e-05	1.02871510516252	2.90994263862333e-05	2.83049713193117e-05
-223000	1.05245506692161	5.08642447418738e-05	5.04177820267686e-05	1.02877342256214	5.01864244741874e-05	5.01281070745698e-05
-222000	1.05260611854685	3.24130019120459e-05	3.22619502868069e-05	1.02878298279159	3.26462715105163e-05	3.26367112810707e-05
-221000	1.05292256214149	3.55401529636711e-05	3.52237093690248e-05	1.02902772466539	3.4065965583174e-05	3.3821223709369e-05
-220000	1.05482026768642	4.3236137667304e-05	4.13384321223709e-05	1.03079541108987	4.26051625239006e-05	4.08374760994264e-05
-219000	1.05403537284895	4.9123326959847e-05	4.99082217973231e-05	1.02982122370937	4.78183556405354e-05	4.87925430210325e-05
-218000	1.05648757170172	5.42667304015296e-05	5.18145315487572e-05	1.03223996175908	5.30315487571702e-05	5.0612810707457e-05
-217000	1.05695889101338	4.87428298279159e-05	4.82715105162524e-05	1.03252103250478	4.93671128107075e-05	4.90860420650096e-05
-216000	1.05684608030593	2.9425430210325e-05	2.9538240917782e-05	1.03240726577438	2.89780114722753e-05	2.90917782026769e-05
-215000	1.05635755258126	3.70927342256214e-05	3.75812619502868e-05	1.03172944550669	3.67676864244742e-05	3.74455066921606e-05
-214000	1.0575258126195	3.97523900573614e-05	3.85841300191205e-05	1.03302868068834	3.77103250478011e-05	3.64110898661568e-05
-213000	1.05817304015296	4.63317399617591e-05	4.56845124282983e-05	1.03344072657744	4.56118546845124e-05	4.51998087954111e-05
-212000	1.06044072657744	4.23326959847036e-05	4.00650095602295e-05	1.03535468451243	3.9604206500956e-05	3.76902485659656e-05
-211000	1.06079254302103	4.36577437858509e-05	4.33059273422562e-05	1.03596271510516	4.16309751434034e-05	4.10229445506692e-05
-210000	1.06356405353729	3.49072657743786e-05	3.21357552581262e-05	1.03873804971319	3.45239005736138e-05	3.17485659655832e-05
-209000	1.06491969407266	3.94521988527725e-05	3.80965583173996e-05	1.03980019120459	3.7848948374761e-05	3.67868068833652e-05
-208000	1.06624665391969	3.63040152963671e-05	3.49770554493308e-05	1.04107170172084	3.56252390057361e-05	3.43537284894838e-05
-207000	1.06732504780115	5.64627151051625e-05	5.53843212237094e-05	1.04204971319312	5.44789674952199e-05	5.35009560229446e-05
-206000	1.06856309751434	4.51185468451243e-05	4.38804971319312e-05	1.04354971319312	4.37543021032505e-05	4.22543021032505e-05
-205000	1.0715430210325	6.26739961759082e-05	5.96940726577438e-05	1.04643021032505	6.05229445506692e-05	5.7642447418738e-05
-204000	1.07301816443595	3.57772466539197e-05	3.4302103250478e-05	1.04764531548757	3.35478011472275e-05	3.23326959847036e-05
-203000	1.07524187380497	3.80181644359465e-05	3.57944550669216e-05	1.04922275334608	3.79483747609943e-05	3.63709369024857e-05
-202000	1.07598565965583	5.10917782026769e-05	5.03479923518164e-05	1.05052103250478	4.95258126195029e-05	4.82275334608031e-05
-201000	1.07699426386233	5.39311663479924e-05	5.29225621414914e-05	1.05128585086042	5.33585086042065e-05	5.2593690248566e-05
-200000	1.07770267686424	4.24627151051625e-05	4.17543021032505e-05	1.05206596558317	4.18078393881453e-05	4.1027724665392e-05
-199000	1.0781223709369	2.91434034416826e-05	2.87237093690249e-05	1.05258413001912	2.96175908221797e-05	2.90994263862333e-05
-198000	1.08034703632887	5.30889101338432e-05	5.08642447418738e-05	1.05450286806883	5.21051625239006e-05	5.01864244741874e-05
-197000	1.08041586998088	3.24818355640535e-05	3.24130019120459e-05	1.05439674952199	3.25401529636711e-05	3.26462715105163e-05
-196000	1.08148757170172	3.66118546845124e-05	3.55401529636711e-05	1.05521988527725	3.48891013384321e-05	3.4065965583174e-05
-195000	1.08385659655832	4.56051625239006e-05	4.3236137667304e-05	1.05741873804971	4.48040152963671e-05	4.26051625239006e-05
-194000	1.08506500956023	5.03317399617591e-05	4.9123326959847e-05	1.05837189292543	4.87715105162524e-05	4.78183556405354e-05
-193000	1.08696271510516	5.61644359464627e-05	5.42667304015296e-05	1.06005258126195	5.47122370936902e-05	5.30315487571702e-05
-192000	1.08827055449331	5.00506692160612e-05	4.87428298279159e-05	1.06115965583174	5.04741873804971e-05	4.93671128107075e-05
-191000	1.08826099426386	2.94158699808795e-05	2.9425430210325e-05	1.06103250478011	2.88508604206501e-05	2.89780114722753e-05
-190000	1.08968833652008	3.85200764818356e-05	3.70927342256214e-05	1.06235946462715	3.80946462715105e-05	3.67676864244742e-05
-189000	1.09083173996176	4.0895793499044e-05	3.97523900573614e-05	1.06344646271511	3.87973231357552e-05	3.77103250478011e-05
-188000	1.09044168260038	4.59416826003824e-05	4.63317399617591e-05	1.06315774378585	4.53231357552581e-05	4.56118546845124e-05
-187000	1.09241300191205	4.43040152963671e-05	4.23326959847036e-05	1.06521701720841	4.16634799235182e-05	3.9604206500956e-05
-186000	1.09407361376673	4.53183556405354e-05	4.36577437858509e-05	1.06713671128107	4.35506692160612e-05	4.16309751434034e-05
-185000	1.09613862332696	3.6972275334608e-05	3.49072657743786e-05	1.06930210325048	3.6689292543021e-05	3.45239005736138e-05
-184000	1.09586711281071	3.91806883365201e-05	3.94521988527725e-05	1.06894168260038	3.74885277246654e-05	3.7848948374761e-05
-183000	1.09740917782027	3.78460803059273e-05	3.63040152963671e-05	1.0705707456979	3.72543021032505e-05	3.56252390057361e-05
-182000	1.09876195028681	5.78154875717017e-05	5.64627151051625e-05	1.07238049713193	5.62887189292543e-05	5.44789674952199e-05
-181000	1.10022944550669	4.65860420650096e-05	4.51185468451243e-05	1.07381261950287	4.51864244741874e-05	4.37543021032505e-05
-180000	1.10156692160612	6.40114722753346e-05	6.26739961759082e-05	1.07550095602294	6.22112810707457e-05	6.05229445506692e-05
-179000	1.10208508604207	3.62954110898662e-05	3.57772466539197e-05	1.07609082217973	3.41376673040153e-05	3.35478011472275e-05
-178000	1.10449426386233	4.04273422562141e-05	3.80181644359465e-05	1.07805449330784	3.99120458891013e-05	3.79483747609943e-05
-177000	1.10580879541109	5.2406309751434e-05	5.10917782026769e-05	1.07923422562141	5.07055449330784e-05	4.95258126195029e-05
-176000	1.10729158699809	5.54139579349905e-05	5.39311663479924e-05	1.08035277246654	5.44770554493308e-05	5.33585086042065e-05
-175000	1.10877437858509	4.39455066921606e-05	4.24627151051625e-05	1.08161567877629	4.30707456978967e-05	4.18078393881453e-05
-174000	1.10961281070746	2.99818355640535e-05	2.91434034416826e-05	1.0824741873805	3.04760994263862e-05	2.96175908221797e-05
-173000	1.11171606118547	5.51921606118547e-05	5.30889101338432e-05	1.08460325047801	5.42342256214149e-05	5.21051625239006e-05
-172000	1.1126845124283	3.34502868068834e-05	3.24818355640535e-05	1.08536615678776	3.33030592734226e-05	3.25401529636711e-05
-171000	1.11388240917782	3.78097514340344e-05	3.66118546845124e-05	1.08669980879541	3.62227533460803e-05	3.48891013384321e-05
-170000	1.1157189292543	4.74416826003824e-05	4.56051625239006e-05	1.08840248565966	4.65066921606118e-05	4.48040152963671e-05
-169000	1.1192982791587	5.39110898661568e-05	5.03317399617591e-05	1.09110803059273	5.14770554493308e-05	4.87715105162524e-05
-168000	1.11998470363289	5.68508604206501e-05	5.61644359464627e-05	1.09172084130019	5.53250478011472e-05	5.47122370936902e-05
-167000	1.1212447418738	5.1310707456979e-05	5.00506692160612e-05	1.09306883365201	5.18221797323136e-05	5.04741873804971e-05
-166000	1.12339101338432	3.15621414913958e-05	2.94158699808795e-05	1.09514531548757	3.09273422562142e-05	2.88508604206501e-05
-165000	1.12627724665392	4.1406309751434e-05	3.85200764818356e-05	1.09785468451243	4.08040152963671e-05	3.80946462715105e-05
-164000	1.1276931166348	4.23116634799235e-05	4.0895793499044e-05	1.0993154875717	4.02581261950287e-05	3.87973231357552e-05
-163000	1.12806309751434	4.63116634799235e-05	4.59416826003824e-05	1.09981453154876	4.58221797323136e-05	4.53231357552581e-05
-162000	1.12810611854685	4.43470363288719e-05	4.43040152963671e-05	1.10012619502868	4.19751434034417e-05	4.16634799235182e-05
-161000	1.13016539196941	4.73776290630975e-05	4.53183556405354e-05	1.10200669216061	4.54311663479924e-05	4.35506692160612e-05
-160000	1.13318738049713	3.99942638623327e-05	3.6972275334608e-05	1.10452390057361	3.92065009560229e-05	3.6689292543021e-05
-159000	1.13342351816444	3.94168260038241e-05	3.91806883365201e-05	1.10511759082218	3.80822179732314e-05	3.74885277246654e-05
-158000	1.13642351816444	4.08460803059273e-05	3.78460803059273e-05	1.10784512428298	3.99818355640536e-05	3.72543021032505e-05
-157000	1.13662045889101	5.80124282982791e-05	5.78154875717017e-05	1.10772370936902	5.61673040152963e-05	5.62887189292543e-05
-156000	1.13744741873805	4.74130019120459e-05	4.65860420650096e-05	1.10822370936902	4.56864244741874e-05	4.51864244741874e-05
-155000	1.13900956022945	6.55736137667304e-05	6.40114722753346e-05	1.11011185468451	6.40994263862333e-05	6.22112810707457e-05
-154000	1.14026959847036	3.75554493307839e-05	3.62954110898662e-05	1.11146271510516	3.54885277246654e-05	3.41376673040153e-05
-153000	1.14293403441683	4.30917782026769e-05	4.04273422562141e-05	1.11341395793499	4.18632887189293e-05	3.99120458891013e-05
-152000	1.14420650095602	5.3678776290631e-05	5.2406309751434e-05	1.11434034416826	5.1631931166348e-05	5.07055449330784e-05
-151000	1.14553346080306	5.67409177820268e-05	5.54139579349905e-05	1.11542256214149	5.55592734225622e-05	5.44770554493308e-05
-150000	1.14759751434034	4.60095602294455e-05	4.39455066921606e-05	1.11738527724665	4.50334608030593e-05	4.30707456978967e-05
-149000	1.14843021032505	3.08145315487572e-05	2.99818355640535e-05	1.11796940726577	3.10602294455067e-05	3.04760994263862e-05
-148000	1.14948757170172	5.62495219885277e-05	5.51921606118547e-05	1.11872084130019	5.49856596558317e-05	5.42342256214149e-05
-147000	1.15325717017208	3.72198852772466e-05	3.34502868068834e-05	1.12212141491396	3.67036328871893e-05	3.33030592734226e-05
-146000	1.15517112810707	3.97237093690249e-05	3.78097514340344e-05	1.12445315487572	3.85544933078394e-05	3.62227533460803e-05
-145000	1.15771797323136	4.99885277246654e-05	4.74416826003824e-05	1.12702103250478	4.9074569789675e-05	4.65066921606118e-05
-144000	1.16114913957935	5.73422562141492e-05	5.39110898661568e-05	1.13040726577438	5.48632887189293e-05	5.14770554493308e-05
-143000	1.161465583174	5.71673040152964e-05	5.68508604206501e-05	1.13069694072658	5.56147227533461e-05	5.53250478011472e-05
-142000	1.16384990439771	5.36950286806883e-05	5.1310707456979e-05	1.13254397705545	5.36692160611855e-05	5.18221797323136e-05
-141000	1.1657724665392	3.34847036328872e-05	3.15621414913958e-05	1.13458604206501	3.29694072657744e-05	3.09273422562142e-05
-140000	1.16796271510516	4.35965583173996e-05	4.1406309751434e-05	1.13675812619503	4.29760994263862e-05	4.08040152963671e-05
-139000	1.16906787762906	4.34168260038241e-05	4.23116634799235e-05	1.13788240917782	4.13824091778203e-05	4.02581261950287e-05
-138000	1.17172848948375	4.8972275334608e-05	4.63116634799235e-05	1.14025143403442	4.81912045889101e-05	4.58221797323136e-05
-137000	1.17203824091778	4.46567877629063e-05	4.43470363288719e-05	1.14076003824092	4.24837476099426e-05	4.19751434034417e-05
-136000	1.17403919694073	4.93785850860421e-05	4.73776290630975e-05	1.14239196940727	4.70630975143403e-05	4.54311663479924e-05
-135000	1.17704110898662	4.29961759082218e-05	3.99942638623327e-05	1.1447982791587	4.1612810707457e-05	3.92065009560229e-05
-134000	1.17791300191205	4.02887189292543e-05	3.94168260038241e-05	1.1456845124283	3.89684512428298e-05	3.80822179732314e-05
-133000	1.18114053537285	4.40736137667304e-05	4.08460803059273e-05	1.14872179732314	4.3019120458891e-05	3.99818355640536e-05
-132000	1.18408986615679	6.0961759082218e-05	5.80124282982791e-05	1.15124282982792	5.86883365200765e-05	5.61673040152963e-05
-131000	1.18486520076482	4.81883365200765e-05	4.74130019120459e-05	1.15178202676864	4.6225621414914e-05	4.56864244741874e-05
-130000	1.18738145315488	6.80898661567878e-05	6.55736137667304e-05	1.15398661567878	6.63040152963671e-05	6.40994263862333e-05
-129000	1.18901529636711	3.9189292543021e-05	3.75554493307839e-05	1.15573900573614	3.72409177820268e-05	3.54885277246654e-05
-128000	1.19121223709369	4.52887189292543e-05	4.30917782026769e-05	1.1577896749522	4.39139579349905e-05	4.18632887189293e-05
-127000	1.19235372848948	5.48202676864245e-05	5.3678776290631e-05	1.15908221797323	5.29244741873805e-05	5.1631931166348e-05
-126000	1.19363288718929	5.80200764818355e-05	5.67409177820268e-05	1.1598776290631	5.63546845124283e-05	5.55592734225622e-05
-125000	1.1954292543021	4.78059273422562e-05	4.60095602294455e-05	1.16141586998088	4.65717017208413e-05	4.50334608030593e-05
-124000	1.19617495219885	3.15602294455067e-05	3.08145315487572e-05	1.16180019120459	3.14445506692161e-05	3.10602294455067e-05
-123000	1.1976759082218	5.77504780114723e-05	5.62495219885277e-05	1.16295028680688	5.61357552581262e-05	5.49856596558317e-05
-122000	1.20060994263862	4.01539196940727e-05	3.72198852772466e-05	1.16564627151052	3.93996175908222e-05	3.67036328871893e-05
-121000	1.20322562141491	4.23393881453155e-05	3.97237093690249e-05	1.16804780114723	4.09560229445507e-05	3.85544933078394e-05
-120000	1.20429541108987	5.10583173996176e-05	4.99885277246654e-05	1.16867877629063	4.97055449330784e-05	4.9074569789675e-05
-119000	1.20838240917782	6.14292543021032e-05	5.73422562141492e-05	1.172534416826	5.87189292543021e-05	5.48632887189293e-05
-118000	1.21053250478011	5.93173996175908e-05	5.71673040152964e-05	1.17435659655832	5.74369024856597e-05	5.56147227533461e-05
-117000	1.214517208413	5.76797323135755e-05	5.36950286806883e-05	1.17758221797323	5.68948374760994e-05	5.36692160611855e-05
-116000	1.21610038240918	3.50678776290631e-05	3.34847036328872e-05	1.17912906309751	3.45162523900574e-05	3.29694072657744e-05
-115000	1.21743881453155	4.49349904397706e-05	4.35965583173996e-05	1.18037189292543	4.42189292543021e-05	4.29760994263862e-05
-114000	1.21879923518164	4.47772466539197e-05	4.34168260038241e-05	1.18166539196941	4.26759082217973e-05	4.13824091778203e-05
-113000	1.22135564053537	5.15286806883365e-05	4.8972275334608e-05	1.18403537284895	5.05611854684512e-05	4.81912045889101e-05
-112000	1.2233413001912	4.66424474187381e-05	4.46567877629063e-05	1.1863948374761	4.48432122370937e-05	4.24837476099426e-05
-111000	1.22574282982792	5.17801147227534e-05	4.93785850860421e-05	1.18810325047801	4.87715105162524e-05	4.70630975143403e-05
-110000	1.22791682600382	4.517017208413e-05	4.29961759082218e-05	1.18984034416826	4.33499043977055e-05	4.1612810707457e-05
-109000	1.22947992351816	4.18518164435946e-05	4.02887189292543e-05	1.19159273422562	4.07208413001912e-05	3.89684512428298e-05
-108000	1.23216443594646	4.67581261950287e-05	4.40736137667304e-05	1.19422275334608	4.56491395793499e-05	4.3019120458891e-05
-107000	1.23298948374761	6.17868068833652e-05	6.0961759082218e-05	1.19487571701721	5.93413001912046e-05	5.86883365200765e-05
-106000	1.23386328871893	4.90621414913958e-05	4.81883365200765e-05	1.19570267686424	4.70525812619503e-05	4.6225621414914e-05
-105000	1.23678680688337	7.10133843212237e-05	6.80898661567878e-05	1.1981309751434	6.87323135755258e-05	6.63040152963671e-05
-104000	1.23824952198853	4.06520076481836e-05	3.9189292543021e-05	1.19990726577438	3.90172084130019e-05	3.72409177820268e-05
-103000	1.23968929254302	4.67284894837476e-05	4.52887189292543e-05	1.20154875717017	4.5555449330784e-05	4.39139579349905e-05
-102000	1.24048565965583	5.56166347992352e-05	5.48202676864245e-05	1.20212523900574	5.35009560229446e-05	5.29244741873805e-05
-101000	1.24103059273423	5.85650095602295e-05	5.80200764818355e-05	1.2023690248566	5.65984703632887e-05	5.63546845124283e-05
-100000	1.24245793499044	4.92332695984704e-05	4.78059273422562e-05	1.2033948374761	4.75975143403442e-05	4.65717017208413e-05
-99000	1.24403632887189	3.31386233269598e-05	3.15602294455067e-05	1.20498470363289	3.30344168260038e-05	3.14445506692161e-05
-98000	1.24537954110899	5.9093690248566e-05	5.77504780114723e-05	1.20584416826004	5.69952198852772e-05	5.61357552581262e-05
-97000	1.24741682600382	4.21912045889101e-05	4.01539196940727e-05	1.20782791586998	4.13833652007648e-05	3.93996175908222e-05
-96000	1.24972562141491	4.46481835564053e-05	4.23393881453155e-05	1.21009847036329	4.32265774378585e-05	4.09560229445507e-05
-95000	1.25182504780115	5.31577437858509e-05	5.10583173996176e-05	1.21218355640535	5.17906309751434e-05	4.97055449330784e-05
-94000	1.25604110898662	6.56453154875717e-05	6.14292543021032e-05	1.2159378585086	6.24732313575526e-05	5.87189292543021e-05
-93000	1.2579120458891	6.11883365200765e-05	5.93173996175908e-05	1.2176051625239	5.9104206500956e-05	5.74369024856597e-05
-92000	1.26267973231358	6.24474187380497e-05	5.76797323135755e-05	1.22083938814532	6.01290630975143e-05	5.68948374760994e-05
-91000	1.2645965583174	3.69847036328872e-05	3.50678776290631e-05	1.22222084130019	3.58977055449331e-05	3.45162523900574e-05
-90000	1.26619980879541	4.6538240917782e-05	4.49349904397706e-05	1.22345506692161	4.5453154875717e-05	4.42189292543021e-05
-89000	1.26807361376673	4.6651051625239e-05	4.47772466539197e-05	1.22528871892925	4.45095602294455e-05	4.26759082217973e-05
-88000	1.27042160611855	5.3876673040153e-05	5.15286806883365e-05	1.22764053537285	5.29130019120459e-05	5.05611854684512e-05
-87000	1.27222657743786	4.84474187380497e-05	4.66424474187381e-05	1.22962045889101	4.68231357552581e-05	4.48432122370937e-05
-86000	1.27568546845124	5.52390057361377e-05	5.17801147227534e-05	1.23314627151052	5.22973231357552e-05	4.87715105162524e-05
-85000	1.27774665391969	4.72313575525813e-05	4.517017208413e-05	1.23505927342256	4.52629063097514e-05	4.33499043977055e-05
-84000	1.27962332695985	4.37284894837476e-05	4.18518164435946e-05	1.23703632887189	4.2697896749522e-05	4.07208413001912e-05
-83000	1.28091108986616	4.80458891013384e-05	4.67581261950287e-05	1.23824091778203	4.68537284894838e-05	4.56491395793499e-05
-82000	1.28228585086042	6.31615678776291e-05	6.17868068833652e-05	1.23938432122371	6.04847036328872e-05	5.93413001912046e-05
-81000	1.28424378585086	5.10200764818356e-05	4.90621414913958e-05	1.24103728489484	4.87055449330784e-05	4.70525812619503e-05
-80000	1.28674569789675	7.35152963671128e-05	7.10133843212237e-05	1.24306787762906	7.07629063097514e-05	6.87323135755258e-05
-79000	1.28793499043977	4.18413001912046e-05	4.06520076481836e-05	1.2442103250478	4.015965583174e-05	3.90172084130019e-05
-78000	1.28982217973231	4.86156787762906e-05	4.67284894837476e-05	1.24583078393881	4.71759082217973e-05	4.5555449330784e-05
-77000	1.29164722753346	5.74416826003824e-05	5.56166347992352e-05	1.24753632887189	5.52065009560229e-05	5.35009560229446e-05
-76000	1.29226673040153	5.91845124282983e-05	5.85650095602295e-05	1.24829158699809	5.73537284894837e-05	5.65984703632887e-05
-75000	1.29350669216061	5.04732313575526e-05	4.92332695984704e-05	1.24927915869981	4.8585086042065e-05	4.75975143403442e-05
-74000	1.29495506692161	3.45869980879541e-05	3.31386233269598e-05	1.25051912045889	3.42743785850861e-05	3.30344168260038e-05
-73000	1.29647705544933	6.06156787762906e-05	5.9093690248566e-05	1.25168642447419	5.81625239005736e-05	5.69952198852772e-05
-72000	1.29839961759082	4.41137667304015e-05	4.21912045889101e-05	1.25326577437859	4.29627151051625e-05	4.13833652007648e-05
-71000	1.30081453154876	4.70630975143404e-05	4.46481835564053e-05	1.25531453154876	4.52753346080306e-05	4.32265774378585e-05
-70000	1.30372179732314	5.60650095602295e-05	5.31577437858509e-05	1.25778202676864	5.42581261950287e-05	5.17906309751434e-05
-69000	1.30711472275335	6.9038240917782e-05	6.56453154875717e-05	1.26084512428298	6.55363288718929e-05	6.24732313575526e-05
-68000	1.30890917782027	6.29827915869981e-05	6.11883365200765e-05	1.26237380497132	6.06328871892925e-05	5.9104206500956e-05
-67000	1.31305162523901	6.65898661567878e-05	6.24474187380497e-05	1.2657103250478	6.34655831739962e-05	6.01290630975143e-05
-66000	1.31481453154876	3.87476099426386e-05	3.69847036328872e-05	1.26738432122371	3.75717017208413e-05	3.58977055449331e-05
-65000	1.31696845124283	4.86921606118547e-05	4.6538240917782e-05	1.26934225621415	4.74110898661568e-05	4.5453154875717e-05
-64000	1.31967495219885	4.9357552581262e-05	4.6651051625239e-05	1.27195506692161	4.71223709369025e-05	4.45095602294455e-05
-63000	1.32472562141491	5.89273422562142e-05	5.3876673040153e-05	1.27651625239006	5.74741873804971e-05	5.29130019120459e-05
-62000	1.3263326959847	5.00544933078394e-05	4.84474187380497e-05	1.2778154875717	4.81223709369025e-05	4.68231357552581e-05
-61000	1.33012428298279	5.90305927342256e-05	5.52390057361377e-05	1.28157648183556	5.60583173996176e-05	5.22973231357552e-05
-60000	1.3334378585086	5.05449330783939e-05	4.72313575525813e-05	1.28464149139579	4.83279158699809e-05	4.52629063097514e-05
-59000	1.33486520076482	4.51558317399618e-05	4.37284894837476e-05	1.28565105162524	4.37074569789675e-05	4.2697896749522e-05
-58000	1.33688814531549	5.00688336520077e-05	4.80458891013384e-05	1.2873413001912	4.85439770554493e-05	4.68537284894838e-05
-57000	1.34059082217973	6.68642447418738e-05	6.31615678776291e-05	1.29049330783939	6.36367112810708e-05	6.04847036328872e-05
-56000	1.34404780114723	5.44770554493308e-05	5.10200764818356e-05	1.2936931166348	5.19053537284895e-05	4.87055449330784e-05
-55000	1.34713288718929	7.66003824091778e-05	7.35152963671128e-05	1.29660803059273	7.36778202676864e-05	7.07629063097514e-05
-54000	1.34838910133843	4.30975143403442e-05	4.18413001912046e-05	1.2973413001912	4.08929254302103e-05	4.015965583174e-05
-53000	1.35124856596558	5.14751434034417e-05	4.86156787762906e-05	1.29951816443595	4.93527724665392e-05	4.71759082217973e-05
-52000	1.35354397705545	5.97370936902486e-05	5.74416826003824e-05	1.3017361376673	5.74244741873805e-05	5.52065009560229e-05
-51000	1.35560229445507	6.12428298279159e-05	5.91845124282983e-05	1.30364913957935	5.92667304015296e-05	5.73537284894837e-05
-50000	1.35766921606119	5.25401529636711e-05	5.04732313575526e-05	1.30525047801147	5.01864244741874e-05	4.8585086042065e-05
-49000	1.35958126195029	3.64990439770555e-05	3.45869980879541e-05	1.30693499043977	3.59588910133843e-05	3.42743785850861e-05
-48000	1.36289388145315	6.39282982791587e-05	6.06156787762906e-05	1.31049043977055	6.17179732313576e-05	5.81625239005736e-05
-47000	1.36454493307839	4.57648183556405e-05	4.41137667304015e-05	1.31187093690249	4.43432122370937e-05	4.29627151051625e-05
-46000	1.36606978967495	4.85879541108987e-05	4.70630975143404e-05	1.31318068833652	4.6585086042065e-05	4.52753346080306e-05
-45000	1.37030210325048	6.02973231357553e-05	5.60650095602295e-05	1.31642638623327	5.75038240917782e-05	5.42581261950287e-05
-44000	1.37409273422562	7.28288718929254e-05	6.9038240917782e-05	1.32000764818356	6.91175908221797e-05	6.55363288718929e-05
-43000	1.37689866156788	6.57887189292543e-05	6.29827915869981e-05	1.32240152963671	6.30267686424474e-05	6.06328871892925e-05
-42000	1.3813604206501	7.10516252390057e-05	6.65898661567878e-05	1.32644933078394	6.75133843212237e-05	6.34655831739962e-05
-41000	1.38312715105163	4.05143403441683e-05	3.87476099426386e-05	1.32795602294455	3.90783938814532e-05	3.75717017208413e-05
-40000	1.38519789674952	5.07629063097514e-05	4.86921606118547e-05	1.33001338432122	4.94684512428298e-05	4.74110898661568e-05
-39000	1.38932313575526	5.34827915869981e-05	4.9357552581262e-05	1.33343021032505	5.05391969407266e-05	4.71223709369025e-05
-38000	1.39648087954111	6.6085086042065e-05	5.89273422562142e-05	1.33971701720841	6.37609942638623e-05	5.74741873804971e-05
-37000	1.39987858508604	5.34521988527725e-05	5.00544933078394e-05	1.3427638623327	5.11692160611855e-05	4.81223709369025e-05
-36000	1.4033413001912	6.24933078393881e-05	5.90305927342256e-05	1.34612810707457	5.94225621414914e-05	5.60583173996176e-05
-35000	1.40679636711281	5.4e-05	5.05449330783939e-05	1.34912906309751	5.13288718929254e-05	4.83279158699809e-05
-34000	1.40717399617591	4.55334608030593e-05	4.51558317399618e-05	1.34930592734226	4.38843212237094e-05	4.37074569789675e-05
-33000	1.40994168260038	5.28365200764818e-05	5.00688336520077e-05	1.35199235181644	5.12304015296367e-05	4.85439770554493e-05
-32000	1.41380783938815	7.07304015296367e-05	6.68642447418738e-05	1.35594933078394	6.7593690248566e-05	6.36367112810708e-05
-31000	1.41660898661568	5.72782026768642e-05	5.44770554493308e-05	1.35847323135755	5.44292543021033e-05	5.19053537284895e-05
-30000	1.41916156787763	7.91529636711281e-05	7.66003824091778e-05	1.36082695984704	7.60315487571702e-05	7.36778202676864e-05
-29000	1.42031739961759	4.42533460803059e-05	4.30975143403442e-05	1.36236137667304	4.24273422562142e-05	4.08929254302103e-05
-28000	1.42241778202677	5.35755258126195e-05	5.14751434034417e-05	1.36436711281071	5.13585086042065e-05	4.93527724665392e-05
-27000	1.42426195028681	6.15812619502868e-05	5.97370936902486e-05	1.36608891013384	5.91462715105162e-05	5.74244741873805e-05
-26000	1.42580305927342	6.27839388145316e-05	6.12428298279159e-05	1.36760229445507	6.07801147227533e-05	5.92667304015296e-05
-25000	1.4278154875717	5.45525812619503e-05	5.25401529636711e-05	1.36980019120459	5.23843212237094e-05	5.01864244741874e-05
-24000	1.42901912045889	3.77026768642447e-05	3.64990439770555e-05	1.37086711281071	3.70258126195029e-05	3.59588910133843e-05
-23000	1.4324569789675	6.73661567877629e-05	6.39282982791587e-05	1.37399617590822	6.48470363288719e-05	6.17179732313576e-05
-22000	1.43289292543021	4.62007648183556e-05	4.57648183556405e-05	1.37466921606119	4.50162523900574e-05	4.43432122370937e-05
-21000	1.43380497131931	4.95e-05	4.85879541108987e-05	1.37545889101338	4.73747609942639e-05	4.6585086042065e-05
-20000	1.43673709369025	6.32294455066922e-05	6.02973231357553e-05	1.37791013384321	5.99550669216061e-05	5.75038240917782e-05
-19000	1.43885086042065	7.4942638623327e-05	7.28288718929254e-05	1.3797982791587	7.10057361376673e-05	6.91175908221797e-05
-18000	1.43982217973231	6.67600382409178e-05	6.57887189292543e-05	1.38095984703633	6.41883365200765e-05	6.30267686424474e-05
-17000	1.44176099426386	7.29904397705545e-05	7.10516252390057e-05	1.38312428298279	6.96778202676864e-05	6.75133843212237e-05
-16000	1.44271128107075	4.14646271510516e-05	4.05143403441683e-05	1.38381739961759	3.97715105162524e-05	3.90783938814532e-05
-15000	1.44319694072658	5.12485659655832e-05	5.07629063097514e-05	1.38419598470363	4.98470363288719e-05	4.94684512428298e-05
-14000	1.44518164435946	5.54674952198853e-05	5.34827915869981e-05	1.38617399617591	5.25172084130019e-05	5.05391969407266e-05
-13000	1.44784512428298	6.87485659655832e-05	6.6085086042065e-05	1.38865678776291	6.62437858508604e-05	6.37609942638623e-05
-12000	1.44917877629063	5.47858508604206e-05	5.34521988527725e-05	1.38997896749522	5.2491395793499e-05	5.11692160611855e-05
-11000	1.45014627151052	6.34608030592734e-05	6.24933078393881e-05	1.39090917782027	6.03527724665392e-05	5.94225621414914e-05
-10000	1.44972466539197	5.35783938814532e-05	5.4e-05	1.39024856596558	5.06682600382409e-05	5.13288718929254e-05
-9000	1.44977724665392	4.55860420650096e-05	4.55334608030593e-05	1.389965583174	4.36013384321224e-05	4.38843212237094e-05
-8000	1.45056692160612	5.36261950286807e-05	5.28365200764818e-05	1.39063193116635	5.18967495219885e-05	5.12304015296367e-05
-7000	1.45075334608031	7.09168260038241e-05	7.07304015296367e-05	1.39082600382409	6.77877629063097e-05	6.7593690248566e-05
-6000	1.45077437858509	5.72992351816444e-05	5.72782026768642e-05	1.39074378585086	5.43470363288719e-05	5.44292543021033e-05
-5000	1.45077055449331	7.91491395793499e-05	7.91529636711281e-05	1.39065583173996	7.59435946462715e-05	7.60315487571702e-05
-4000	1.45087858508604	4.43613766730402e-05	4.42533460803059e-05	1.39109942638623	4.28709369024856e-05	4.24273422562142e-05
-3000	1.45078585086042	5.34827915869981e-05	5.35755258126195e-05	1.39089388145315	5.11529636711281e-05	5.13585086042065e-05
-2000	1.45102390057361	6.18193116634799e-05	6.15812619502868e-05	1.39087858508604	5.91309751434034e-05	5.91462715105162e-05
-1000	1.45118738049713	6.29474187380497e-05	6.27839388145316e-05	1.39106118546845	6.09627151051625e-05	6.07801147227533e-05
0	1.45095793499044	5.43231357552581e-05	5.45525812619503e-05	1.39086711281071	5.21902485659656e-05	5.23843212237094e-05
1000	1.45087858508604	3.7623326959847e-05	3.77026768642447e-05	1.39075621414914	3.6914913957935e-05	3.70258126195029e-05
2000	1.45091491395793	6.74024856596558e-05	6.73661567877629e-05	1.39101242829828	6.51032504780115e-05	6.48470363288719e-05
3000	1.45055449330784	4.584034416826e-05	4.62007648183556e-05	1.39062715105163	4.46309751434034e-05	4.50162523900574e-05
4000	1.45012523900574	4.90707456978967e-05	4.95e-05	1.39041586998088	4.71634799235182e-05	4.73747609942639e-05
5000	1.4489741873805	6.20783938814532e-05	6.32294455066922e-05	1.38904971319312	5.85889101338432e-05	5.99550669216061e-05
6000	1.44742447418738	7.33929254302103e-05	7.4942638623327e-05	1.38763384321224	6.95898661567878e-05	7.10057361376673e-05
7000	1.44641682600382	6.57523900573614e-05	6.67600382409178e-05	1.38692638623327	6.3480879541109e-05	6.41883365200765e-05
8000	1.44585564053537	7.24292543021032e-05	7.29904397705545e-05	1.38688240917782	6.96338432122371e-05	6.96778202676864e-05
9000	1.44571414913958	4.13231357552581e-05	4.14646271510516e-05	1.38675334608031	3.9642447418738e-05	3.97715105162524e-05
10000	1.44496749521989	5.05019120458891e-05	5.12485659655832e-05	1.38579923518164	4.88929254302103e-05	4.98470363288719e-05
11000	1.4436137667304	5.41137667304015e-05	5.54674952198853e-05	1.38446749521989	5.11854684512428e-05	5.25172084130019e-05
12000	1.44058986615679	6.57246653919694e-05	6.87485659655832e-05	1.38160420650096	6.33804971319312e-05	6.62437858508604e-05
13000	1.4396586998088	5.38546845124283e-05	5.47858508604206e-05	1.38044837476099	5.13355640535373e-05	5.2491395793499e-05
14000	1.43805353728489	6.18556405353728e-05	6.34608030592734e-05	1.37925621414914	5.91606118546845e-05	6.03527724665392e-05
15000	1.43677533460803	5.23001912045889e-05	5.35783938814532e-05	1.37785181644359	4.9263862332696e-05	5.06682600382409e-05
16000	1.43540917782027	4.42198852772466e-05	4.55860420650096e-05	1.3767361376673	4.24856596558317e-05	4.36013384321224e-05
17000	1.43472370936902	5.29407265774378e-05	5.36261950286807e-05	1.3763948374761	5.15554493307839e-05	5.18967495219885e-05
18000	1.43243403441683	6.86271510516252e-05	7.09168260038241e-05	1.37430019120459	6.56931166347992e-05	6.77877629063097e-05
19000	1.42956500956023	5.44302103250478e-05	5.72992351816444e-05	1.37150669216061	5.15535372848948e-05	5.43470363288719e-05
20000	1.42716921606119	7.67533460803059e-05	7.91491395793499e-05	1.36909847036329	7.35353728489483e-05	7.59435946462715e-05
21000	1.42598948374761	4.31816443594646e-05	4.43613766730402e-05	1.36765487571702	4.14273422562142e-05	4.28709369024856e-05
22000	1.42396749521989	5.14608030592734e-05	5.34827915869981e-05	1.36550286806883	4.90009560229446e-05	5.11529636711281e-05
23000	1.42293021032505	6.07820267686424e-05	6.18193116634799e-05	1.36409847036329	5.77265774378585e-05	5.91309751434034e-05
24000	1.42005640535373	6.00736137667304e-05	6.29474187380497e-05	1.36150956022945	5.83738049713193e-05	6.09627151051625e-05
25000	1.41763193116635	5.18986615678776e-05	5.43231357552581e-05	1.35899330783939	4.96739961759082e-05	5.21902485659656e-05
26000	1.41648087954111	3.6472275334608e-05	3.7623326959847e-05	1.35782791586998	3.57495219885277e-05	3.6914913957935e-05
27000	1.41359560229446	6.45172084130019e-05	6.74024856596558e-05	1.35475239005736	6.2027724665392e-05	6.51032504780115e-05
28000	1.41286615678776	4.51108986615679e-05	4.584034416826e-05	1.35361185468451	4.34904397705545e-05	4.46309751434034e-05
29000	1.41052390057361	4.67284894837476e-05	4.90707456978967e-05	1.35170267686424	4.52543021032505e-05	4.71634799235182e-05
30000	1.40378011472275	5.53346080305927e-05	6.20783938814532e-05	1.34558891013384	5.24751434034417e-05	5.85889101338432e-05
31000	1.40041395793499	7.00267686424474e-05	7.33929254302103e-05	1.34245602294455	6.64569789674952e-05	6.95898661567878e-05
32000	1.39753154875717	6.28699808795411e-05	6.57523900573614e-05	1.33995793499044	6.09827915869981e-05	6.3480879541109e-05
33000	1.39422370936902	6.91214149139579e-05	7.24292543021032e-05	1.33696080305927	6.66367112810707e-05	6.96338432122371e-05
34000	1.39308030592734	4.01797323135755e-05	4.13231357552581e-05	1.33612906309751	3.8810707456979e-05	3.9642447418738e-05
35000	1.3910621414914	4.84837476099426e-05	5.05019120458891e-05	1.33445984703633	4.72237093690248e-05	4.88929254302103e-05
36000	1.3870879541109	5.01395793499044e-05	5.41137667304015e-05	1.33066061185468	4.73862332695985e-05	5.11854684512428e-05
37000	1.38053919694073	5.91759082217973e-05	6.57246653919694e-05	1.32460898661568	5.73288718929254e-05	6.33804971319312e-05
38000	1.37817112810707	5.14866156787763e-05	5.38546845124283e-05	1.32213671128107	4.88632887189293e-05	5.13355640535373e-05
39000	1.37467877629063	5.83632887189293e-05	6.18556405353728e-05	1.31894072657744	5.59646271510516e-05	5.91606118546845e-05
40000	1.37216634799235	4.97877629063097e-05	5.23001912045889e-05	1.31639770554493	4.67208413001912e-05	4.9263862332696e-05
41000	1.36969024856597	4.17437858508604e-05	4.42198852772466e-05	1.31424856596558	4.03365200764818e-05	4.24856596558317e-05
42000	1.3680086042065	5.12590822179732e-05	5.29407265774378e-05	1.31290439770555	5.02112810707457e-05	5.15554493307839e-05
43000	1.3636586998088	6.42772466539197e-05	6.86271510516252e-05	1.30935181644359	6.21405353728489e-05	6.56931166347992e-05
44000	1.35946175908222	5.02332695984704e-05	5.44302103250478e-05	1.30599426386233	4.81959847036329e-05	5.15535372848948e-05
45000	1.35561185468451	7.29034416826004e-05	7.67533460803059e-05	1.30261759082218	7.01586998087954e-05	7.35353728489483e-05
46000	1.3536931166348	4.12629063097514e-05	4.31816443594646e-05	1.30052963671128	3.93393881453155e-05	4.14273422562142e-05
47000	1.35133556405354	4.91032504780115e-05	5.14608030592734e-05	1.29869694072658	4.71682600382409e-05	4.90009560229446e-05
48000	1.34985372848948	5.93001912045889e-05	6.07820267686424e-05	1.2977810707457	5.6810707456979e-05	5.77265774378585e-05
49000	1.34710994263862	5.732982791587e-05	6.00736137667304e-05	1.29515391969407	5.57466539196941e-05	5.83738049713193e-05
50000	1.34527055449331	5.00592734225621e-05	5.18986615678776e-05	1.29369980879541	4.82198852772467e-05	4.96739961759082e-05
51000	1.343982791587	3.51845124282983e-05	3.6472275334608e-05	1.29275621414914	3.48059273422562e-05	3.57495219885277e-05
52000	1.34079541108987	6.132982791587e-05	6.45172084130019e-05	1.28999521988528	5.92667304015296e-05	6.2027724665392e-05
53000	1.33975908221797	4.4074569789675e-05	4.51108986615679e-05	1.28895793499044	4.2453154875717e-05	4.34904397705545e-05
54000	1.33780783938815	4.47772466539197e-05	4.67284894837476e-05	1.28731166347992	4.36080305927342e-05	4.52543021032505e-05
55000	1.33211281070746	4.96395793499044e-05	5.53346080305927e-05	1.28265487571702	4.78183556405354e-05	5.24751434034417e-05
56000	1.32849713193117	6.64110898661568e-05	7.00267686424474e-05	1.2792017208413	6.30038240917782e-05	6.64569789674952e-05
57000	1.32607552581262	6.04483747609943e-05	6.28699808795411e-05	1.27729158699809	5.90726577437858e-05	6.09827915869981e-05
58000	1.32182122370937	6.48671128107075e-05	6.91214149139579e-05	1.27316826003824	6.25133843212237e-05	6.66367112810707e-05
59000	1.32121128107075	3.95697896749522e-05	4.01797323135755e-05	1.27288145315488	3.85239005736138e-05	3.8810707456979e-05
60000	1.31962715105163	4.68996175908222e-05	4.84837476099426e-05	1.27121414913958	4.55564053537285e-05	4.72237093690248e-05
61000	1.31597227533461	4.64847036328872e-05	5.01395793499044e-05	1.26828776290631	4.44598470363289e-05	4.73862332695985e-05
62000	1.31352868068834	5.67323135755258e-05	5.91759082217973e-05	1.26616347992352	5.52045889101338e-05	5.73288718929254e-05
63000	1.31070458891013	4.86625239005736e-05	5.14866156787763e-05	1.26371988527725	4.64196940726577e-05	4.88632887189293e-05
64000	1.30696367112811	5.46223709369025e-05	5.83632887189293e-05	1.26023135755258	5.24760994263862e-05	5.59646271510516e-05
65000	1.30541586998088	4.82399617590822e-05	4.97877629063097e-05	1.25907265774379	4.55621414913958e-05	4.67208413001912e-05
66000	1.30337093690249	3.96988527724665e-05	4.17437858508604e-05	1.25749043977055	3.87543021032505e-05	4.03365200764818e-05
67000	1.30109560229446	4.89837476099426e-05	5.12590822179732e-05	1.25529063097514	4.80114722753346e-05	5.02112810707457e-05
68000	1.29919694072658	6.2378585086042e-05	6.42772466539197e-05	1.25410707456979	6.09569789674952e-05	6.21405353728489e-05
69000	1.29668738049713	4.77237093690249e-05	5.02332695984704e-05	1.25185755258126	4.59464627151052e-05	4.81959847036329e-05
70000	1.29163288718929	6.7848948374761e-05	7.29034416826004e-05	1.24741873804971	6.57198852772467e-05	7.01586998087954e-05
71000	1.29054875717017	4.0178776290631e-05	4.12629063097514e-05	1.24639292543021	3.83135755258126e-05	3.93393881453155e-05
72000	1.28720363288719	4.57581261950287e-05	4.91032504780115e-05	1.24337284894837	4.41481835564053e-05	4.71682600382409e-05
73000	1.28522275334608	5.73193116634799e-05	5.93001912045889e-05	1.24143881453155	5.4876673040153e-05	5.6810707456979e-05
74000	1.28304206500956	5.51491395793499e-05	5.732982791587e-05	1.23924760994264	5.35554493307839e-05	5.57466539196941e-05
75000	1.28266443594646	4.96816443594646e-05	5.00592734225621e-05	1.2390086042065	4.7980879541109e-05	4.82198852772467e-05
76000	1.28085850860421	3.33785850860421e-05	3.51845124282983e-05	1.23758986615679	3.3387189292543e-05	3.48059273422562e-05
77000	1.27826959847036	5.87409177820268e-05	6.132982791587e-05	1.23599521988528	5.76720841300191e-05	5.92667304015296e-05
78000	1.27697131931166	4.27762906309751e-05	4.4074569789675e-05	1.23519216061185	4.16500956022944e-05	4.2453154875717e-05
79000	1.2753154875717	4.31214149139579e-05	4.47772466539197e-05	1.23401625239006	4.24321223709369e-05	4.36080305927342e-05
80000	1.27170936902486	4.60334608030593e-05	4.96395793499044e-05	1.23093977055449	4.47418738049713e-05	4.78183556405354e-05
81000	1.26734512428298	6.2046845124283e-05	6.64110898661568e-05	1.22695793499044	5.90219885277246e-05	6.30038240917782e-05
82000	1.26380210325048	5.69053537284895e-05	6.04483747609943e-05	1.22383747609943	5.59521988527725e-05	5.90726577437858e-05
83000	1.26041395793499	6.14789674952199e-05	6.48671128107075e-05	1.22089005736138	5.9565965583174e-05	6.25133843212237e-05
84000	1.25925239005736	3.84082217973231e-05	3.95697896749522e-05	1.22001147227533	3.76453154875717e-05	3.85239005736138e-05
85000	1.25760898661568	4.52562141491396e-05	4.68996175908222e-05	1.2183240917782	4.38690248565966e-05	4.55564053537285e-05
86000	1.25449904397706	4.33747609942639e-05	4.64847036328872e-05	1.21574952198853	4.18852772466539e-05	4.44598470363289e-05
87000	1.25234416826004	5.45774378585086e-05	5.67323135755258e-05	1.2138154875717	5.32705544933078e-05	5.52045889101338e-05
88000	1.24946749521989	4.57858508604206e-05	4.86625239005736e-05	1.21113288718929	4.37370936902486e-05	4.64196940726577e-05
89000	1.24708604206501	5.22409177820268e-05	5.46223709369025e-05	1.20942160611855	5.07648183556405e-05	5.24760994263862e-05
90000	1.24636615678776	4.75200764818356e-05	4.82399617590822e-05	1.20911854684512	4.52590822179732e-05	4.55621414913958e-05
91000	1.24386806883365	3.72007648183556e-05	3.96988527724665e-05	1.20677437858509	3.64101338432122e-05	3.87543021032505e-05
92000	1.24175334608031	4.68690248565966e-05	4.89837476099426e-05	1.20465487571702	4.58919694072658e-05	4.80114722753346e-05
93000	1.2376673040153	5.82925430210325e-05	6.2378585086042e-05	1.20167782026769	5.79799235181645e-05	6.09569789674952e-05
94000	1.23477342256214	4.482982791587e-05	4.77237093690249e-05	1.19938814531549	4.36567877629063e-05	4.59464627151052e-05
95000	1.23011567877629	6.31912045889101e-05	6.7848948374761e-05	1.19535564053537	6.16873804971319e-05	6.57198852772467e-05
96000	1.22845793499044	3.85210325047801e-05	4.0178776290631e-05	1.19348470363289	3.6442638623327e-05	3.83135755258126e-05
97000	1.2260430210325	4.33432122370937e-05	4.57581261950287e-05	1.19168546845124	4.2348948374761e-05	4.41481835564053e-05
98000	1.22424665391969	5.55229445506692e-05	5.73193116634799e-05	1.18990057361377	5.30917782026769e-05	5.4876673040153e-05
99000	1.22303632887189	5.39388145315488e-05	5.51491395793499e-05	1.18891778202677	5.25726577437858e-05	5.35554493307839e-05
100000	1.22227629063098	4.89216061185468e-05	4.96816443594646e-05	1.18826195028681	4.73250478011472e-05	4.7980879541109e-05
101000	1.22070267686424	3.18049713193117e-05	3.33785850860421e-05	1.1868154875717	3.19407265774379e-05	3.3387189292543e-05
102000	1.21973804971319	5.77762906309752e-05	5.87409177820268e-05	1.18579063097514	5.66472275334608e-05	5.76720841300191e-05
103000	1.21839005736138	4.14282982791587e-05	4.27762906309751e-05	1.18473326959847	4.05927342256214e-05	4.16500956022944e-05
104000	1.21690917782027	4.1640535372849e-05	4.31214149139579e-05	1.18338814531549	4.10869980879541e-05	4.24321223709369e-05
105000	1.21454206500956	4.36663479923518e-05	4.60334608030593e-05	1.1812361376673	4.25898661567878e-05	4.47418738049713e-05
106000	1.21104875717017	5.85535372848948e-05	6.2046845124283e-05	1.17800382409178	5.57896749521988e-05	5.90219885277246e-05
107000	1.20757170172084	5.34282982791587e-05	5.69053537284895e-05	1.17482982791587	5.27782026768642e-05	5.59521988527725e-05
108000	1.20539292543021	5.93001912045889e-05	6.14789674952199e-05	1.17305544933078	5.7791586998088e-05	5.9565965583174e-05
109000	1.20402772466539	3.70430210325048e-05	3.84082217973231e-05	1.17154015296367	3.61300191204589e-05	3.76453154875717e-05
110000	1.20232313575526	4.35516252390057e-05	4.52562141491396e-05	1.17010611854685	4.24349904397706e-05	4.38690248565966e-05
111000	1.19948374760994	4.05353728489484e-05	4.33747609942639e-05	1.16754971319312	3.93288718929254e-05	4.18852772466539e-05
112000	1.19725143403442	5.23451242829828e-05	5.45774378585086e-05	1.16594263862333	5.16634799235182e-05	5.32705544933078e-05
113000	1.19610325047801	4.46376673040153e-05	4.57858508604206e-05	1.16493403441683	4.27284894837476e-05	4.37370936902486e-05
114000	1.19435564053537	5.04933078393882e-05	5.22409177820268e-05	1.16347609942639	4.93068833652008e-05	5.07648183556405e-05
115000	1.19428202676864	4.74464627151052e-05	4.75200764818356e-05	1.16332122370937	4.5104206500956e-05	4.52590822179732e-05
116000	1.19289579349904	3.58145315487572e-05	3.72007648183556e-05	1.16193499043977	3.50239005736138e-05	3.64101338432122e-05
117000	1.19124569789675	4.52189292543021e-05	4.68690248565966e-05	1.1605621414914	4.4519120458891e-05	4.58919694072658e-05
118000	1.1872552581262	5.4302103250478e-05	5.82925430210325e-05	1.15726099426386	5.4678776290631e-05	5.79799235181645e-05
119000	1.18278871892925	4.03632887189293e-05	4.482982791587e-05	1.15394741873805	4.03432122370937e-05	4.36567877629063e-05
120000	1.18066061185468	6.10630975143404e-05	6.31912045889101e-05	1.15231070745698	6.00506692160612e-05	6.16873804971319e-05
121000	1.17864818355641	3.65086042065009e-05	3.85210325047801e-05	1.15016156787763	3.42934990439771e-05	3.6442638623327e-05
122000	1.17718164435946	4.1876673040153e-05	4.33432122370937e-05	1.14912715105163	4.13145315487572e-05	4.2348948374761e-05
123000	1.17570363288719	5.40449330783939e-05	5.55229445506692e-05	1.14810994263862	5.2074569789675e-05	5.30917782026769e-05
124000	1.17488336520076	5.31185468451243e-05	5.39388145315488e-05	1.14716826003824	5.16309751434035e-05	5.25726577437858e-05
125000	1.17324474187381	4.7282982791587e-05	4.89216061185468e-05	1.14568260038241	4.58393881453155e-05	4.73250478011472e-05
126000	1.17268833652008	3.12485659655832e-05	3.18049713193117e-05	1.1451223709369	3.13804971319312e-05	3.19407265774379e-05
127000	1.1712275334608	5.63154875717017e-05	5.77762906309752e-05	1.14324282982792	5.47676864244742e-05	5.66472275334608e-05
128000	1.16976481835564	3.99655831739962e-05	4.14282982791587e-05	1.14196462715105	3.93145315487572e-05	4.05927342256214e-05
129000	1.16899330783939	4.08690248565966e-05	4.1640535372849e-05	1.14088718929254	4.00095602294455e-05	4.10869980879541e-05
130000	1.16795219885277	4.26252390057361e-05	4.36663479923518e-05	1.14013575525813	4.18384321223709e-05	4.25898661567878e-05
131000	1.16482600382409	5.54273422562141e-05	5.85535372848948e-05	1.1371586998088	5.28126195028681e-05	5.57896749521988e-05
132000	1.16309560229445	5.1697896749522e-05	5.34282982791587e-05	1.13533078393881	5.09502868068834e-05	5.27782026768642e-05
133000	1.16040439770554	5.66089866156788e-05	5.93001912045889e-05	1.1327810707457	5.52418738049713e-05	5.7791586998088e-05
134000	1.15976673040153	3.64053537284895e-05	3.70430210325048e-05	1.13208221797323	3.54311663479924e-05	3.61300191204589e-05
135000	1.15851529636711	4.23001912045889e-05	4.35516252390057e-05	1.13068929254302	4.10420650095602e-05	4.24349904397706e-05
136000	1.15695411089866	3.89741873804971e-05	4.05353728489484e-05	1.12918833652008	3.78279158699809e-05	3.93288718929254e-05
137000	1.15502007648184	5.04110898661568e-05	5.23451242829828e-05	1.12735277246654	4.98279158699809e-05	5.16634799235182e-05
138000	1.15538910133843	4.50066921606118e-05	4.46376673040153e-05	1.12793307839388	4.33087954110899e-05	4.27284894837476e-05
139000	1.15179732313576	4.69015296367113e-05	5.04933078393882e-05	1.12496940726577	4.63432122370937e-05	4.93068833652008e-05
140000	1.15150669216061	4.71558317399618e-05	4.74464627151052e-05	1.12485564053537	4.49904397705545e-05	4.5104206500956e-05
141000	1.15051529636711	3.48231357552581e-05	3.58145315487572e-05	1.12388049713193	3.40487571701721e-05	3.50239005736138e-05
142000	1.14888910133843	4.35927342256214e-05	4.52189292543021e-05	1.12272944550669	4.3368068833652e-05	4.4519120458891e-05
143000	1.14669216061185	5.21051625239006e-05	5.4302103250478e-05	1.12036233269598	5.23116634799235e-05	5.4678776290631e-05
144000	1.14479063097514	3.8461759082218e-05	4.03632887189293e-05	1.1188604206501	3.88413001912046e-05	4.03432122370937e-05
145000	1.14349713193117	5.97695984703633e-05	6.10630975143404e-05	1.1176395793499	5.882982791587e-05	6.00506692160612e-05
146000	1.14073518164436	3.37466539196941e-05	3.65086042065009e-05	1.11518738049713	3.18413001912046e-05	3.42934990439771e-05
147000	1.13977342256214	4.0914913957935e-05	4.1876673040153e-05	1.11422657743786	4.03537284894837e-05	4.13145315487572e-05
148000	1.1384034416826	5.26749521988528e-05	5.40449330783939e-05	1.11347705544933	5.13250478011472e-05	5.2074569789675e-05
149000	1.13492351816444	4.96386233269599e-05	5.31185468451243e-05	1.11005927342256	4.82131931166348e-05	5.16309751434035e-05
150000	1.13288432122371	4.52437858508604e-05	4.7282982791587e-05	1.10803154875717	4.38116634799235e-05	4.58393881453155e-05
151000	1.13249521988528	3.0859464627151e-05	3.12485659655832e-05	1.10737858508604	3.07275334608031e-05	3.13804971319312e-05
152000	1.12857265774379	5.23929254302103e-05	5.63154875717017e-05	1.10377533460803	5.11644359464627e-05	5.47676864244742e-05
153000	1.1273690248566	3.87619502868069e-05	3.99655831739962e-05	1.10265678776291	3.81959847036329e-05	3.93145315487572e-05
154000	1.12741778202677	4.09177820267686e-05	4.08690248565966e-05	1.10244741873805	3.98001912045889e-05	4.00095602294455e-05
155000	1.12669120458891	4.18986615678776e-05	4.26252390057361e-05	1.10218260038241	4.15736137667304e-05	4.18384321223709e-05
156000	1.12239961759082	5.11357552581262e-05	5.54273422562141e-05	1.09858699808795	4.9217017208413e-05	5.28126195028681e-05
157000	1.12256405353728	5.18623326959847e-05	5.1697896749522e-05	1.09891873804971	5.12820267686424e-05	5.09502868068834e-05
158000	1.11837380497132	5.24187380497132e-05	5.66089866156788e-05	1.09546653919694	5.17896749521989e-05	5.52418738049713e-05
159000	1.11812906309751	3.61606118546845e-05	3.64053537284895e-05	1.09524665391969	3.52112810707457e-05	3.54311663479924e-05
160000	1.11758986615679	4.17609942638623e-05	4.23001912045889e-05	1.0947552581262	4.05506692160612e-05	4.10420650095602e-05
161000	1.11706787762906	3.84521988527725e-05	3.89741873804971e-05	1.09435564053537	3.74282982791587e-05	3.78279158699809e-05
162000	1.11592734225621	4.92705544933078e-05	5.04110898661568e-05	1.09313479923518	4.86070745697897e-05	4.98279158699809e-05
163000	1.11564722753346	4.47265774378585e-05	4.50066921606118e-05	1.09300382409178	4.31778202676864e-05	4.33087954110899e-05
164000	1.1135086042065	4.47629063097514e-05	4.69015296367113e-05	1.09102294455067	4.43623326959847e-05	4.63432122370937e-05
165000	1.11239101338432	4.6038240917782e-05	4.71558317399618e-05	1.09034512428298	4.43126195028681e-05	4.49904397705545e-05
166000	1.11106692160612	3.34990439770555e-05	3.48231357552581e-05	1.08907743785851	3.27810707456979e-05	3.40487571701721e-05
167000	1.10948565965583	4.20114722753346e-05	4.35927342256214e-05	1.08681644359465	4.11070745697897e-05	4.3368068833652e-05
168000	1.10747992351816	5.00994263862333e-05	5.21051625239006e-05	1.08446940726577	4.99646271510516e-05	5.23116634799235e-05
169000	1.10769120458891	3.86730401529637e-05	3.8461759082218e-05	1.08478680688337	3.91586998087954e-05	3.88413001912046e-05
170000	1.10688432122371	5.89627151051625e-05	5.97695984703633e-05	1.08380019120459	5.78432122370937e-05	5.882982791587e-05
171000	1.10378680688337	3.06491395793499e-05	3.37466539196941e-05	1.08073422562141	2.87753346080306e-05	3.18413001912046e-05
172000	1.10331931166348	4.04474187380497e-05	4.0914913957935e-05	1.08040726577438	4.00267686424474e-05	4.03537284894837e-05
173000	1.10243690248566	5.17925430210325e-05	5.26749521988528e-05	1.07966826003824	5.05860420650095e-05	5.13250478011472e-05
174000	1.09870650095602	4.59082217973232e-05	4.96386233269599e-05	1.07647514340344	4.50200764818356e-05	4.82131931166348e-05
175000	1.09725047801147	4.37877629063098e-05	4.52437858508604e-05	1.07487858508604	4.22151051625239e-05	4.38116634799235e-05
176000	1.09668929254302	3.02982791586998e-05	3.0859464627151e-05	1.07426864244742	3.01175908221797e-05	3.07275334608031e-05
177000	1.09455449330784	5.02581261950287e-05	5.23929254302103e-05	1.07230975143403	4.92055449330784e-05	5.11644359464627e-05
178000	1.09327151051625	3.74789674952199e-05	3.87619502868069e-05	1.07133365200765	3.72198852772467e-05	3.81959847036329e-05
179000	1.0930793499044	4.0725621414914e-05	4.09177820267686e-05	1.0713413001912	3.98078393881453e-05	3.98001912045889e-05
180000	1.09268068833652	4.15e-05	4.18986615678776e-05	1.0711309751434	4.13632887189293e-05	4.15736137667304e-05
181000	1.09106309751434	4.95181644359465e-05	5.11357552581262e-05	1.07027437858509	4.83604206500956e-05	4.9217017208413e-05
182000	1.09031931166348	5.11185468451243e-05	5.18623326959847e-05	1.06970745697897	5.07151051625239e-05	5.12820267686424e-05
183000	1.08678011472275	4.88795411089866e-05	5.24187380497132e-05	1.06698852772467	4.90707456978968e-05	5.17896749521989e-05
184000	1.0863776290631	3.57581261950287e-05	3.61606118546845e-05	1.06695124282983	3.51739961759082e-05	3.52112810707457e-05
185000	1.08609560229446	4.14789674952199e-05	4.17609942638623e-05	1.0665086042065	4.01080305927342e-05	4.05506692160612e-05
186000	1.08563288718929	3.79894837476099e-05	3.84521988527725e-05	1.06594072657744	3.68604206500956e-05	3.74282982791587e-05
187000	1.08578776290631	4.9425430210325e-05	4.92705544933078e-05	1.06612619502868	4.87925430210325e-05	4.86070745697897e-05
188000	1.0846395793499	4.35783938814532e-05	4.47265774378585e-05	1.06508221797323	4.21338432122371e-05	4.31778202676864e-05
189000	1.08301529636711	4.31386233269598e-05	4.47629063097514e-05	1.06359847036329	4.28785850860421e-05	4.43623326959847e-05
190000	1.08142160611855	4.44445506692161e-05	4.6038240917782e-05	1.06208030592734	4.27944550669216e-05	4.43126195028681e-05
191000	1.08005544933078	3.21328871892925e-05	3.34990439770555e-05	1.06091778202677	3.16185468451243e-05	3.27810707456979e-05
192000	1.0781223709369	4.00783938814532e-05	4.20114722753346e-05	1.05860994263862	3.87992351816444e-05	4.11070745697897e-05
193000	1.07653346080306	4.85105162523901e-05	5.00994263862333e-05	1.05687189292543	4.82265774378585e-05	4.99646271510516e-05
194000	1.07681261950287	3.89521988527725e-05	3.86730401529637e-05	1.05738240917782	3.96692160611855e-05	3.91586998087954e-05
195000	1.07502103250478	5.71711281070746e-05	5.89627151051625e-05	1.05535277246654	5.58135755258126e-05	5.78432122370937e-05
196000	1.07289292543021	2.85210325047801e-05	3.06491395793499e-05	1.05341969407266	2.68422562141491e-05	2.87753346080306e-05
197000	1.07224569789675	3.98001912045889e-05	4.04474187380497e-05	1.05308604206501	3.96931166347992e-05	4.00267686424474e-05
198000	1.07139579349904	5.0942638623327e-05	5.17925430210325e-05	1.05221223709369	4.97122370936903e-05	5.05860420650095e-05
199000	1.07100956022945	4.55219885277247e-05	4.59082217973232e-05	1.05222848948375	4.50363288718929e-05	4.50200764818356e-05
200000	1.06948852772467	4.22667304015296e-05	4.37877629063098e-05	1.0507017208413	4.06883365200765e-05	4.22151051625239e-05
201000	1.06741682600382	2.82265774378585e-05	3.02982791586998e-05	1.04899330783939	2.84091778202677e-05	3.01175908221797e-05
202000	1.06600382409178	4.88451242829828e-05	5.02581261950287e-05	1.04750573613767	4.77179732313576e-05	4.92055449330784e-05
203000	1.06561759082218	3.70927342256214e-05	3.74789674952199e-05	1.04721319311663	3.69273422562142e-05	3.72198852772467e-05
204000	1.06519024856597	4.02982791586998e-05	4.0725621414914e-05	1.04701051625239	3.96051625239006e-05	3.98078393881453e-05
205000	1.06395028680688	4.02600382409178e-05	4.15e-05	1.0463154875717	4.06682600382409e-05	4.13632887189293e-05
206000	1.06436520076482	4.99330783938815e-05	4.95181644359465e-05	1.04682504780115	4.88699808795411e-05	4.83604206500956e-05
207000	1.06290630975143	4.965965583174e-05	5.11185468451243e-05	1.04541300191205	4.93030592734225e-05	5.07151051625239e-05
208000	1.06097227533461	4.69455066921606e-05	4.88795411089866e-05	1.04339101338432	4.70487571701721e-05	4.90707456978968e-05
209000	1.06121606118547	3.60019120458891e-05	3.57581261950287e-05	1.04347036328872	3.52533460803059e-05	3.51739961759082e-05
210000	1.0602724665392	4.05353728489484e-05	4.14789674952199e-05	1.04266347992352	3.93011472275335e-05	4.01080305927342e-05
211000	1.06005258126195	3.77695984703633e-05	3.79894837476099e-05	1.04174665391969	3.59435946462715e-05	3.68604206500956e-05
212000	1.05818068833652	4.75535372848948e-05	4.9425430210325e-05	1.03978202676864	4.68279158699809e-05	4.87925430210325e-05
213000	1.05725717017208	4.26548757170172e-05	4.35783938814532e-05	1.03889866156788	4.12504780114723e-05	4.21338432122371e-05
214000	1.05410898661568	3.99904397705545e-05	4.31386233269598e-05	1.03607265774379	4.00525812619503e-05	4.28785850860421e-05
215000	1.05187284894837	4.22084130019121e-05	4.44445506692161e-05	1.03404110898662	4.07629063097514e-05	4.27944550669216e-05
216000	1.05100764818356	3.12676864244742e-05	3.21328871892925e-05	1.03353537284895	3.1112810707457e-05	3.16185468451243e-05
217000	1.04882026768642	3.78910133843212e-05	4.00783938814532e-05	1.03192447418738	3.71883365200765e-05	3.87992351816444e-05
218000	1.04914913957935	4.88393881453155e-05	4.85105162523901e-05	1.03249808795411	4.88001912045889e-05	4.82265774378585e-05
219000	1.04935564053537	3.91586998087954e-05	3.89521988527725e-05	1.03293212237094	4.01032504780115e-05	3.96692160611855e-05
220000	1.04566347992352	5.34789674952199e-05	5.71711281070746e-05	1.02947514340344	5.23565965583174e-05	5.58135755258126e-05
221000	1.0442724665392	2.71300191204589e-05	2.85210325047801e-05	1.02838910133843	2.57562141491396e-05	2.68422562141491e-05
222000	1.04244741873805	3.79751434034417e-05	3.98001912045889e-05	1.02690152963671	3.82055449330784e-05	3.96931166347992e-05
223000	1.04154684512428	5.00420650095602e-05	5.0942638623327e-05	1.02591873804971	4.87294455066922e-05	4.97122370936903e-05
224000	1.04227055449331	4.62456978967495e-05	4.55219885277247e-05	1.02665105162524	4.57686424474187e-05	4.50363288718929e-05
225000	1.04099330783939	4.098948374761e-05	4.22667304015296e-05	1.02531835564054	3.93556405353729e-05	4.06883365200765e-05
226000	1.04071319311663	2.79464627151052e-05	2.82265774378585e-05	1.02490248565966	2.79933078393882e-05	2.84091778202677e-05
227000	1.03897801147228	4.71099426386233e-05	4.88451242829828e-05	1.02373900573614	4.65544933078394e-05	4.77179732313576e-05
228000	1.03833460803059	3.64493307839388e-05	3.70927342256214e-05	1.02289101338432	3.60793499043977e-05	3.69273422562142e-05
229000	1.03761663479924	3.95803059273423e-05	4.02982791586998e-05	1.02221510516252	3.89292543021032e-05	3.96051625239006e-05
230000	1.0369034416826	3.9546845124283e-05	4.02600382409178e-05	1.02152294455067	3.99760994263862e-05	4.06682600382409e-05
231000	1.03565009560229	4.86797323135755e-05	4.99330783938815e-05	1.02011185468451	4.74588910133843e-05	4.88699808795411e-05
232000	1.03515391969407	4.91634799235182e-05	4.965965583174e-05	1.02005640535373	4.92476099426386e-05	4.93030592734225e-05
233000	1.03442351816444	4.62151051625239e-05	4.69455066921606e-05	1.01867973231358	4.56720841300191e-05	4.70487571701721e-05
234000	1.03503728489484	3.66156787762906e-05	3.60019120458891e-05	1.01928011472275	3.58537284894837e-05	3.52533460803059e-05
235000	1.03434034416826	3.98384321223709e-05	4.05353728489484e-05	1.01872848948375	3.87495219885277e-05	3.93011472275335e-05
236000	1.0342017208413	3.76309751434034e-05	3.77695984703633e-05	1.01823231357553	3.54474187380497e-05	3.59435946462715e-05
237000	1.03234416826004	4.56959847036329e-05	4.75535372848948e-05	1.01618642447419	4.47820267686425e-05	4.68279158699809e-05
238000	1.03222657743786	4.25372848948375e-05	4.26548757170172e-05	1.01595315487572	4.10172084130019e-05	4.12504780114723e-05
239000	1.03058221797323	3.83460803059273e-05	3.99904397705545e-05	1.0140430210325	3.81424474187381e-05	4.00525812619503e-05
240000	1.02920458891013	4.08307839388145e-05	4.22084130019121e-05	1.01314149139579	3.98613766730401e-05	4.07629063097514e-05
241000	1.0280258126195	3.00889101338432e-05	3.12676864244742e-05	1.01207839388145	3.00497131931166e-05	3.1112810707457e-05
242000	1.02657361376673	3.64388145315487e-05	3.78910133843212e-05	1.01147036328872	3.65803059273422e-05	3.71883365200765e-05
243000	1.02638814531549	4.86539196940727e-05	4.88393881453155e-05	1.01139961759082	4.87294455066922e-05	4.88001912045889e-05
244000	1.02617877629063	3.89493307839388e-05	3.91586998087954e-05	1.0115086042065	4.02122370936902e-05	4.01032504780115e-05
245000	1.02302963671128	5.032982791587e-05	5.34789674952199e-05	1.00867112810707	4.9519120458891e-05	5.23565965583174e-05
246000	1.02168642447419	2.57868068833652e-05	2.71300191204589e-05	1.0076845124283	2.47695984703633e-05	2.57562141491396e-05
247000	1.01942447418738	3.57131931166348e-05	3.79751434034417e-05	1.00559273422562	3.61137667304015e-05	3.82055449330784e-05
248000	1.01791108986616	4.85286806883365e-05	5.00420650095602e-05	1.00418068833652	4.73173996175908e-05	4.87294455066922e-05
249000	1.01711185468451	4.54464627151052e-05	4.62456978967495e-05	1.00280497131931	4.43929254302103e-05	4.57686424474187e-05
250000	1.01603346080306	3.99110898661568e-05	4.098948374761e-05	1.00201434034417	3.85650095602295e-05	3.93556405353729e-05
