Distance from Center (cmd=annotatePeaks.pl /expanse/lustre/projects/csd940/ctea/homer/homer_scripts/reference_peaks/H3K27ac.bed mm10 -size 500000 -hist 1000 -bedGraph /expanse/lustre/projects/csd940/ctea/homer/bwt2_bam/tags/ctrl_M3/tagdirs/tagdirs.25x50kb.PC1.bedGraph /expanse/lustre/projects/csd940/ctea/homer/bwt2_bam/tags/mut_M3/tagdirs/tagdirs.25x50kb.PC1.bedGraph)	/expanse/lustre/projects/csd940/ctea/homer/bwt2_bam/tags/ctrl_M3/tagdirs/tagdirs.25x50kb.PC1.bedGraph Coverage	/expanse/lustre/projects/csd940/ctea/homer/bwt2_bam/tags/ctrl_M3/tagdirs/tagdirs.25x50kb.PC1.bedGraph + Tags	/expanse/lustre/projects/csd940/ctea/homer/bwt2_bam/tags/ctrl_M3/tagdirs/tagdirs.25x50kb.PC1.bedGraph - Tags	/expanse/lustre/projects/csd940/ctea/homer/bwt2_bam/tags/mut_M3/tagdirs/tagdirs.25x50kb.PC1.bedGraph Coverage	/expanse/lustre/projects/csd940/ctea/homer/bwt2_bam/tags/mut_M3/tagdirs/tagdirs.25x50kb.PC1.bedGraph + Tags	/expanse/lustre/projects/csd940/ctea/homer/bwt2_bam/tags/mut_M3/tagdirs/tagdirs.25x50kb.PC1.bedGraph - Tags
-250000	0.769096965805105	3.3915663295339e-05	3.28706587467223e-05	0.749395622625355	3.26651682988173e-05	3.18154331888478e-05
-249000	0.770307004869695	3.35399475571253e-05	3.23299084925349e-05	0.750445978487719	3.25566436560175e-05	3.15062877936533e-05
-248000	0.77150296997913	3.21769144324931e-05	3.09809493230588e-05	0.751558516615829	3.15793867394445e-05	3.04668486113341e-05
-247000	0.772689516776369	3.10363354203457e-05	2.9849788623107e-05	0.752737089955584	2.99049606678439e-05	2.87263873280891e-05
-246000	0.774060469845347	3.12678867662011e-05	2.98969336972227e-05	0.754158880505164	3.04316369668754e-05	2.90098464172955e-05
-245000	0.775515385027024	2.95421415957617e-05	2.80872264140847e-05	0.755544977792048	2.84536308663777e-05	2.70675335794938e-05
-244000	0.77631856370739	3.26235350778616e-05	3.18203563974956e-05	0.756282067747632	3.21993364370953e-05	3.14622464815112e-05
-243000	0.777522876866271	3.160004281051e-05	3.03957296516295e-05	0.757278642906834	3.0866003103762e-05	2.98694279445604e-05
-242000	0.778600417402472	3.13284101246856e-05	3.0250869588484e-05	0.758135816342912	3.00317868036603e-05	2.91746133675818e-05
-241000	0.779723069513566	3.13086637769573e-05	3.0186011665864e-05	0.759134478514475	3.03767324878258e-05	2.93780703162626e-05
-240000	0.780486809011612	3.09237972922353e-05	3.01600577941884e-05	0.759791619842671	3.01456627602076e-05	2.94885214320115e-05
-239000	0.781895970460748	3.07170760421683e-05	2.93079145930326e-05	0.760932787499331	2.99564403060951e-05	2.88152726494354e-05
-238000	0.783100765237866	2.92682078450259e-05	2.80634130679082e-05	0.761971584524001	2.81314282656392e-05	2.70926312409696e-05
-237000	0.784685342751645	3.28652539198373e-05	3.12806764060577e-05	0.763346818643977	3.19574570557072e-05	3.05822229357307e-05
-236000	0.785896291539573	3.34030609514635e-05	3.21921121635361e-05	0.764467062663884	3.27096912291968e-05	3.15894472092898e-05
-235000	0.786875046823995	3.26580510515332e-05	3.16792957671108e-05	0.765248354471023	3.17977203403436e-05	3.10164285332049e-05
-234000	0.788221651415422	3.26090330176058e-05	3.12624284261786e-05	0.766495050034784	3.16063573607321e-05	3.03596617969711e-05
-233000	0.788916573018676	3.18021084176165e-05	3.11071868143629e-05	0.76707652378659	3.11281104511157e-05	3.05466366993097e-05
-232000	0.790123026703056	3.0033445710922e-05	2.88269920265425e-05	0.768154920532991	2.8993471397228e-05	2.79150746508268e-05
-231000	0.791091293412533	3.14203992080056e-05	3.04521324985284e-05	0.769061647134372	3.07015572323005e-05	2.97948306309199e-05
-230000	0.792429710493926	3.16395890191042e-05	3.03011719377107e-05	0.770213410392251	3.05007224273559e-05	2.93489591694761e-05
-229000	0.793613046502916	3.42978006100498e-05	3.31144646010596e-05	0.771326430138599	3.34636378230855e-05	3.23506180767378e-05
-228000	0.79449130411516	3.40385294589822e-05	3.31602718467384e-05	0.771956440306095	3.32039920800556e-05	3.25739819125595e-05
-227000	0.796047519666078	3.08512334778188e-05	2.9295017926901e-05	0.773456627602076	3.00395462085942e-05	2.8539358912613e-05
-226000	0.797291272007278	3.24241451276289e-05	3.11803927864291e-05	0.774822282870445	3.14212019050677e-05	3.00555466366993e-05
-225000	0.798170920961096	3.47953122491572e-05	3.3915663295339e-05	0.775568791138224	3.34116765665971e-05	3.26651682988173e-05
-224000	0.799514047198587	3.48830737946166e-05	3.35399475571253e-05	0.776771873494943	3.37597260127361e-05	3.25566436560175e-05
-223000	0.800950767913523	3.36136351474287e-05	3.21769144324931e-05	0.778020656071065	3.2828169315567e-05	3.15793867394445e-05
-222000	0.801949216032536	3.20347835393589e-05	3.10363354203457e-05	0.779110237063199	3.09945416599775e-05	2.99049606678439e-05
-221000	0.803467597795259	3.27862685289238e-05	3.12678867662011e-05	0.780563707390164	3.18851072938407e-05	3.04316369668754e-05
-220000	0.804840905442286	3.09154492427892e-05	2.95421415957617e-05	0.781892599133087	2.97825226093006e-05	2.84536308663777e-05
-219000	0.805884251083641	3.36668807192166e-05	3.26235350778616e-05	0.782864451222775	3.31711885267833e-05	3.21993364370953e-05
-218000	0.807213196339701	3.29289880665704e-05	3.160004281051e-05	0.784099320383154	3.21008722641409e-05	3.0866003103762e-05
-217000	0.808464654572698	3.25798683576818e-05	3.13284101246856e-05	0.785208059078504	3.114052549901e-05	3.00317868036603e-05
-216000	0.809871621983197	3.27156311874565e-05	3.13086637769573e-05	0.786295339005726	3.14640124150479e-05	3.03767324878258e-05
-215000	0.810537807031626	3.15899823406647e-05	3.09237972922353e-05	0.786943062021726	3.0793385776208e-05	3.01456627602076e-05
-214000	0.811960667843956	3.21399368544978e-05	3.07170760421683e-05	0.788160914004388	3.11742922887569e-05	2.99564403060951e-05
-213000	0.812924492963022	3.02320329640927e-05	2.92682078450259e-05	0.789061004976722	2.90315192379729e-05	2.81314282656392e-05
-212000	0.814528281693156	3.44690426499705e-05	3.28652539198373e-05	0.790584416974367	3.34808690533526e-05	3.19574570557072e-05
-211000	0.815874404666346	3.47491839246535e-05	3.34030609514635e-05	0.791814148873549	3.39394231283781e-05	3.27096912291968e-05
-210000	0.816761224380585	3.3544870765773e-05	3.26580510515332e-05	0.792598276876973	3.25818483437684e-05	3.17977203403436e-05
-209000	0.817905816878044	3.3753625515064e-05	3.26090330176058e-05	0.793787713383636	3.27957938673944e-05	3.16063573607321e-05
-208000	0.819083908599561	3.29802001391341e-05	3.18021084176165e-05	0.794859420987853	3.21998180553326e-05	3.11281104511157e-05
-207000	0.820467169690159	3.14167068015198e-05	3.0033445710922e-05	0.796181784128003	3.03158345373789e-05	2.8993471397228e-05
-206000	0.821276930486434	3.22301600042811e-05	3.14203992080056e-05	0.796851822122331	3.13715952266281e-05	3.07015572323005e-05
-205000	0.822885053780703	3.3247712313373e-05	3.16395890191042e-05	0.798271846738374	3.19207470433991e-05	3.05007224273559e-05
-204000	0.824091239899395	3.5503986728742e-05	3.42978006100498e-05	0.799372023331728	3.45638144164393e-05	3.34636378230855e-05
-203000	0.824986835768181	3.49341253277679e-05	3.40385294589822e-05	0.800029592765024	3.38615615133515e-05	3.32039920800556e-05
-202000	0.827091721517633	3.29561192272703e-05	3.08512334778188e-05	0.801850056188794	3.18600096323647e-05	3.00395462085942e-05
-201000	0.8286490073313	3.39814309412961e-05	3.24241451276289e-05	0.803350618076738	3.29217637930112e-05	3.14212019050677e-05
-200000	0.829668539626478	3.58148445443357e-05	3.47953122491572e-05	0.804240488039814	3.4301546529673e-05	3.34116765665971e-05
-199000	0.830927168619896	3.61417027880345e-05	3.48830737946166e-05	0.805396264783004	3.49155027559265e-05	3.37597260127361e-05
-198000	0.832374431422914	3.50608979504468e-05	3.36136351474287e-05	0.806650077594049	3.40819821266121e-05	3.2828169315567e-05
-197000	0.833594852036175	3.32552041526195e-05	3.20347835393589e-05	0.807786107989511	3.21305720554396e-05	3.09945416599775e-05
-196000	0.834964413763579	3.4155830256328e-05	3.27862685289238e-05	0.808994006528603	3.3093005832932e-05	3.18851072938407e-05
-195000	0.83609134692567	3.20423824048804e-05	3.09154492427892e-05	0.810026114411088	3.08146304917857e-05	2.97825226093006e-05
-194000	0.837436292609836	3.5011826403382e-05	3.36668807192166e-05	0.811258200888318	3.44032750040135e-05	3.31711885267833e-05
-193000	0.839039332156044	3.45320276127789e-05	3.29289880665704e-05	0.812790121474822	3.36327928506448e-05	3.21008722641409e-05
-192000	0.840355434259111	3.38959704607481e-05	3.25798683576818e-05	0.814092952319795	3.24433563439824e-05	3.114052549901e-05
-191000	0.841696794563065	3.40569914914111e-05	3.27156311874565e-05	0.815199711029058	3.2570771124311e-05	3.14640124150479e-05
-190000	0.84298474875582	3.28779365334189e-05	3.15899823406647e-05	0.816404452293038	3.19981270401884e-05	3.0793385776208e-05
-189000	0.844495210574196	3.36503986728742e-05	3.21399368544978e-05	0.817755230909188	3.25250709049072e-05	3.11742922887569e-05
-188000	0.846058810938085	3.1795633327982e-05	3.02320329640927e-05	0.81917188419757	3.04481725263553e-05	2.90315192379729e-05
-187000	0.847681703858297	3.60919355701825e-05	3.44690426499705e-05	0.820598490929523	3.49074757853053e-05	3.34808690533526e-05
-186000	0.848939262588966	3.60067426553219e-05	3.47491839246535e-05	0.82183148713009	3.51724193289453e-05	3.39394231283781e-05
-185000	0.850072777866966	3.46783860437737e-05	3.3544870765773e-05	0.822967892117515	3.37182533311928e-05	3.25818483437684e-05
-184000	0.851187295981163	3.4868143629261e-05	3.3753625515064e-05	0.824109113287312	3.39370150371916e-05	3.27957938673944e-05
-183000	0.8525129234227	3.43058275806711e-05	3.29802001391341e-05	0.825413014395034	3.35037191630546e-05	3.21998180553326e-05
-182000	0.85405490447905	3.29586878578691e-05	3.14167068015198e-05	0.826971638037138	3.18744581794831e-05	3.03158345373789e-05
-181000	0.855033713276609	3.32089688018408e-05	3.22301600042811e-05	0.827903997431369	3.23039546208594e-05	3.13715952266281e-05
-180000	0.856688071921657	3.49020709584203e-05	3.3247712313373e-05	0.829597741745599	3.36144913576283e-05	3.19207470433991e-05
-179000	0.857879541927543	3.66954567346284e-05	3.5503986728742e-05	0.830661957510569	3.56280301814095e-05	3.45638144164393e-05
-178000	0.858914914111414	3.59694975116391e-05	3.49341253277679e-05	0.831536308663777	3.47359126665596e-05	3.38615615133515e-05
-177000	0.860906352009418	3.49475571252743e-05	3.29561192272703e-05	0.833399582597528	3.37232835661155e-05	3.18600096323647e-05
-176000	0.862431583453738	3.55066623856156e-05	3.39814309412961e-05	0.834816128859635	3.43383100551185e-05	3.29217637930112e-05
-175000	0.864002836196286	3.73860972868839e-05	3.58148445443357e-05	0.836214748220688	3.57001658907261e-05	3.4301546529673e-05
-174000	0.865674212019051	3.7813078610799e-05	3.61417027880345e-05	0.837821694225932	3.65224487611708e-05	3.49155027559265e-05
-173000	0.867050676941189	3.64373628725852e-05	3.50608979504468e-05	0.839044415904105	3.53047038047841e-05	3.40819821266121e-05
-172000	0.868670037994328	3.4874565205758e-05	3.32552041526195e-05	0.840473912345481	3.3560068496816e-05	3.21305720554396e-05
-171000	0.869932412907369	3.54182051693691e-05	3.4155830256328e-05	0.841568148980575	3.41872424680259e-05	3.3093005832932e-05
-170000	0.871081500508375	3.31914700058864e-05	3.20423824048804e-05	0.842753411462514	3.1999892973725e-05	3.08146304917857e-05
-169000	0.872818376411409	3.67487023064163e-05	3.5011826403382e-05	0.844309466474019	3.59593300155189e-05	3.44032750040135e-05
-168000	0.87479948627388	3.65131374752501e-05	3.45320276127789e-05	0.846051479638251	3.53748060148767e-05	3.36327928506448e-05
-167000	0.876332423609996	3.54289077968641e-05	3.38959704607481e-05	0.847577941884733	3.39698185904639e-05	3.24433563439824e-05
-166000	0.877554075025419	3.52786429068336e-05	3.40569914914111e-05	0.848737839139509	3.3730668379087e-05	3.2570771124311e-05
-165000	0.879234815647241	3.45586771552416e-05	3.28779365334189e-05	0.850355594798523	3.36158826992026e-05	3.19981270401884e-05
-164000	0.881175790656606	3.5591373682239e-05	3.36503986728742e-05	0.852158238347514	3.43277144538984e-05	3.25250709049072e-05
-163000	0.88287515385027	3.3494996521646e-05	3.1795633327982e-05	0.853679509819661	3.19694439985016e-05	3.04481725263553e-05
-162000	0.884567346283513	3.77841280034248e-05	3.60919355701825e-05	0.855176325787981	3.64042917536255e-05	3.49074757853053e-05
-161000	0.88596778509124	3.74071814630492e-05	3.60067426553219e-05	0.856424038101354	3.64201316423182e-05	3.51724193289453e-05
-160000	0.887290897415315	3.60014983678493e-05	3.46783860437737e-05	0.857743511532081	3.50377267619201e-05	3.37182533311928e-05
-159000	0.889072456788142	3.6649703002087e-05	3.4868143629261e-05	0.859472521003906	3.56660245090169e-05	3.39370150371916e-05
-158000	0.890463744849361	3.56971156418901e-05	3.43058275806711e-05	0.860774923743779	3.48061219029271e-05	3.35037191630546e-05
-157000	0.892220527639536	3.47154706480441e-05	3.29586878578691e-05	0.862353133194199	3.34526676299031e-05	3.18744581794831e-05
-156000	0.893641569005191	3.46300101674961e-05	3.32089688018408e-05	0.863716754963344	3.36675763900038e-05	3.23039546208594e-05
-155000	0.895420292181731	3.66807941349601e-05	3.49020709584203e-05	0.865458607588163	3.53563439824477e-05	3.36144913576283e-05
-154000	0.897253117140258	3.85282816931557e-05	3.66954567346284e-05	0.867160967517526	3.73303901107721e-05	3.56280301814095e-05
-153000	0.898734307272435	3.74506876438166e-05	3.59694975116391e-05	0.868615401080965	3.61903462299995e-05	3.47359126665596e-05
-152000	0.900826510408305	3.70397602611441e-05	3.49475571252743e-05	0.870576015411784	3.56838978969336e-05	3.37232835661155e-05
-151000	0.902354149943811	3.70343019211216e-05	3.55066623856156e-05	0.872024937122063	3.57872317653984e-05	3.43383100551185e-05
-150000	0.90390886712688	3.89408144699524e-05	3.73860972868839e-05	0.873486809011612	3.7162037780275e-05	3.57001658907261e-05
-149000	0.905750682292503	3.96548937764221e-05	3.7813078610799e-05	0.875121902927169	3.81575426767271e-05	3.65224487611708e-05
-148000	0.907511960186226	3.81986407663082e-05	3.64373628725852e-05	0.876855835607642	3.70386364852571e-05	3.53047038047841e-05
-147000	0.909590303419489	3.69529084390217e-05	3.4874565205758e-05	0.87876791352277	3.54721464119442e-05	3.3560068496816e-05
-146000	0.911100176593354	3.69280783432333e-05	3.54182051693691e-05	0.880105046288864	3.552437523412e-05	3.41872424680259e-05
-145000	0.913060897950447	3.51521913629796e-05	3.31914700058864e-05	0.881897254776048	3.37921014609086e-05	3.1999892973725e-05
-144000	0.914832503879702	3.85203082356719e-05	3.67487023064163e-05	0.883413656552684	3.7475731792155e-05	3.59593300155189e-05
-143000	0.916949644137636	3.86302777331835e-05	3.65131374752501e-05	0.885397495585166	3.73586450473591e-05	3.53748060148767e-05
-142000	0.918698881575427	3.71781452346551e-05	3.54289077968641e-05	0.887100444159041	3.56727671643388e-05	3.39698185904639e-05
-141000	0.92028634879863	3.68661101300369e-05	3.52786429068336e-05	0.888612992989779	3.52432172098251e-05	3.3730668379087e-05
-140000	0.921960239738856	3.62325680954675e-05	3.45586771552416e-05	0.890174880933269	3.51777706426928e-05	3.36158826992026e-05
-139000	0.923988494675443	3.76196286188259e-05	3.5591373682239e-05	0.892017445282817	3.61702788034463e-05	3.43277144538984e-05
-138000	0.92582747364478	3.5333975490983e-05	3.3494996521646e-05	0.893732327286349	3.36843260020335e-05	3.19694439985016e-05
-137000	0.927557713918767	3.95143682774121e-05	3.77841280034248e-05	0.89541033873816	3.80823032054369e-05	3.64042917536255e-05
-136000	0.929299673569861	3.91491411141435e-05	3.74071814630492e-05	0.896972494247338	3.79822871514957e-05	3.64201316423182e-05
-135000	0.930933483170118	3.76353079681062e-05	3.60014983678493e-05	0.898525766575694	3.65909990902767e-05	3.50377267619201e-05
-134000	0.932955316530208	3.86715363621769e-05	3.6649703002087e-05	0.900331781452347	3.74720393856691e-05	3.56660245090169e-05
-133000	0.934637287954193	3.73790870658747e-05	3.56971156418901e-05	0.901892224541125	3.63665649917055e-05	3.48061219029271e-05
-132000	0.936587199657516	3.66653823513673e-05	3.47154706480441e-05	0.903669395836678	3.52298389254562e-05	3.34526676299031e-05
-131000	0.938500294322256	3.65431048322363e-05	3.46300101674961e-05	0.905381227591374	3.53794081446995e-05	3.36675763900038e-05
-130000	0.940797559800931	3.89780596136351e-05	3.66807941349601e-05	0.907425054850966	3.74001712420399e-05	3.53563439824477e-05
-129000	0.94293070048697	4.0661422379194e-05	3.85282816931557e-05	0.909425001337828	3.93303365976347e-05	3.73303901107721e-05
-128000	0.944594852036175	3.91148391930219e-05	3.74506876438166e-05	0.911019425268904	3.77847701610746e-05	3.61903462299995e-05
-127000	0.946390752929844	3.88356611548135e-05	3.70397602611441e-05	0.912589340183015	3.72538128110452e-05	3.56838978969336e-05
-126000	0.9481610745438	3.88046235350778e-05	3.70343019211216e-05	0.914185208968802	3.73831005511853e-05	3.57872317653984e-05
-125000	0.949775833467116	4.05555733932681e-05	3.89408144699524e-05	0.915626371274148	3.8603200085621e-05	3.7162037780275e-05
-124000	0.951554931235618	4.14339915449243e-05	3.96548937764221e-05	0.917211858511265	3.97430299138438e-05	3.81575426767271e-05
-123000	0.953739765612458	4.03834751431476e-05	3.81986407663082e-05	0.919270829988762	3.90976079627548e-05	3.70386364852571e-05
-122000	0.9559186065179	3.91317493444641e-05	3.69529084390217e-05	0.921474822068818	3.76761384919998e-05	3.54721464119442e-05
-121000	0.957802108417616	3.88115802429497e-05	3.69280783432333e-05	0.923191202440199	3.72407556055012e-05	3.552437523412e-05
-120000	0.960035532723284	3.73856156686466e-05	3.51521913629796e-05	0.925381709209611	3.59826082303205e-05	3.37921014609086e-05
-119000	0.96174479584738	4.02295713597688e-05	3.85203082356719e-05	0.926982715256595	3.90767378391395e-05	3.7475731792155e-05
-118000	0.963676994702199	4.05624765880023e-05	3.86302777331835e-05	0.928726119762402	3.91020495531653e-05	3.73586450473591e-05
-117000	0.965563653877027	3.90648044094825e-05	3.71781452346551e-05	0.93039530154653	3.73419489484668e-05	3.56727671643388e-05
-116000	0.967641194413228	3.89436506662386e-05	3.68661101300369e-05	0.932333440359608	3.71813560229036e-05	3.52432172098251e-05
-115000	0.969342751645529	3.7934125327768e-05	3.62325680954675e-05	0.933922780542623	3.67671108257077e-05	3.51777706426928e-05
-114000	0.971505164017766	3.97820409910633e-05	3.76196286188259e-05	0.935862524749826	3.81100230106492e-05	3.61702788034463e-05
-113000	0.973712473912345	3.75412853855622e-05	3.5333975490983e-05	0.937801894365067	3.56236956172741e-05	3.36843260020335e-05
-112000	0.975423342430567	4.12252367956334e-05	3.95143682774121e-05	0.939358163429122	3.96385722694922e-05	3.80823032054369e-05
-111000	0.977615401080965	4.13411997645422e-05	3.91491411141435e-05	0.941379247605287	4.0003371327661e-05	3.79822871514957e-05
-110000	0.979612564884679	3.963247177182e-05	3.76353079681062e-05	0.943275485631723	3.84872371167122e-05	3.65909990902767e-05
-109000	0.981492695456735	4.05516669342323e-05	3.86715363621769e-05	0.944917643281426	3.91141970353722e-05	3.74720393856691e-05
-108000	0.983360571520308	3.92469631294483e-05	3.73790870658747e-05	0.94659008936694	3.80390110772194e-05	3.63665649917055e-05
-107000	0.985458286509338	3.87630973403971e-05	3.66653823513673e-05	0.948490340878686	3.71300904372023e-05	3.52298389254562e-05
-106000	0.987312088617756	3.83969069406539e-05	3.65431048322363e-05	0.950170760421683	3.70598276876973e-05	3.53794081446995e-05
-105000	0.989492909509284	4.1158880505164e-05	3.89780596136351e-05	0.95216744260716	3.93968534275165e-05	3.74001712420399e-05
-104000	0.99132493177075	4.24934446406593e-05	4.0661422379194e-05	0.953759940065286	4.09228340557607e-05	3.93303365976347e-05
-103000	0.993353668325574	4.11435757478461e-05	3.91148391930219e-05	0.95546374484936	3.9488574945149e-05	3.77847701610746e-05
-102000	0.99538871943062	4.08707122598598e-05	3.88356611548135e-05	0.957379996789212	3.91700647508964e-05	3.72538128110452e-05
-101000	0.997436453149248	4.08523572537059e-05	3.88046235350778e-05	0.959222240059935	3.92253438219083e-05	3.73831005511853e-05
-100000	0.999354578048911	4.24736982929309e-05	4.05555733932681e-05	0.960891956975438	4.02729170011238e-05	3.8603200085621e-05
-99000	1.00116519505539	4.32446085513994e-05	4.14339915449243e-05	0.962542676727137	4.13937496655429e-05	3.97430299138438e-05
-98000	1.0033984053085	4.26166853962648e-05	4.03834751431476e-05	0.964571627334511	4.1126558570129e-05	3.90976079627548e-05
-97000	1.00568314871301	4.14164927489699e-05	3.91317493444641e-05	0.966828222828704	3.99327339861935e-05	3.76761384919998e-05
-96000	1.00771750414727	4.08459356772087e-05	3.88115802429497e-05	0.968594477444213	3.90070102210093e-05	3.72407556055012e-05
-95000	1.00977674319045	3.94448547118318e-05	3.73856156686466e-05	0.970490126826136	3.78782576122439e-05	3.59826082303205e-05
-94000	1.01199149141114	4.2444319580457e-05	4.02295713597688e-05	0.972542997805961	4.11296088189651e-05	3.90767378391395e-05
-93000	1.01394086798309	4.25118531599508e-05	4.05624765880023e-05	0.974324610691925	4.08836624391288e-05	3.91020495531653e-05
-92000	1.01626440841227	4.13883448386578e-05	3.90648044094825e-05	0.976389522127682	3.94068603842243e-05	3.73419489484668e-05
-91000	1.01866104778723	4.13402900412051e-05	3.89436506662386e-05	0.978740942901482	3.95327767967036e-05	3.71813560229036e-05
-90000	1.02051741852625	3.97904960667844e-05	3.7934125327768e-05	0.980303847594584	3.83300155188099e-05	3.67671108257077e-05
-89000	1.02279755980093	4.20621822657462e-05	3.97820409910633e-05	0.98236201637502	4.01681917910847e-05	3.81100230106492e-05
-88000	1.02491379033553	3.96575159201584e-05	3.75412853855622e-05	0.984404452293038	3.76661315352919e-05	3.56236956172741e-05
-87000	1.02689506073741	4.3206507197517e-05	4.12252367956334e-05	0.986249317707497	4.14834376839514e-05	3.96385722694922e-05
-86000	1.02917894793172	4.36250869588484e-05	4.13411997645422e-05	0.988247551773961	4.20016053941242e-05	4.0003371327661e-05
-85000	1.03159404933911	4.20475731792155e-05	3.963247177182e-05	0.99039465938888	4.06343447316316e-05	3.84872371167122e-05
-84000	1.0340995344357	4.30571520308236e-05	4.05516669342323e-05	0.992724407342003	4.14439449884947e-05	3.91141970353722e-05
-83000	1.03592877401402	4.10762027077648e-05	3.92469631294483e-05	0.99436158826992	3.96761920051373e-05	3.80390110772194e-05
-82000	1.0380615401081	4.08958634344731e-05	3.87630973403971e-05	0.996293680098464	3.90621822657463e-05	3.71300904372023e-05
-81000	1.03981580778081	4.01511746133675e-05	3.83969069406539e-05	0.997913897361802	3.86800449510355e-05	3.70598276876973e-05
-80000	1.04174575908386	4.30888318082089e-05	4.1158880505164e-05	0.999629421522984	4.11123775886981e-05	3.93968534275165e-05
-79000	1.04374003317815	4.44877187349494e-05	4.24934446406593e-05	1.00137790977685	4.2671322309627e-05	4.09228340557607e-05
-78000	1.04600412051159	4.34076630812864e-05	4.11435757478461e-05	1.00343040616471	4.15410713330123e-05	3.9488574945149e-05
-77000	1.04853646920319	4.34030609514636e-05	4.08707122598598e-05	1.00576031465725	4.14999732434313e-05	3.91700647508964e-05
-76000	1.05034847755124	4.26643656017552e-05	4.08523572537059e-05	1.00742954995451	4.08945791191738e-05	3.92253438219083e-05
-75000	1.05250634130679	4.4631562048483e-05	4.24736982929309e-05	1.00943672071494	4.22800877615454e-05	4.02729170011238e-05
-74000	1.05450093647991	4.52392037245144e-05	4.32446085513994e-05	1.01142216514154	4.33791940921496e-05	4.13937496655429e-05
-73000	1.05684588216407	4.49616310804303e-05	4.26166853962648e-05	1.01357960079199	4.32839942205812e-05	4.1126558570129e-05
-72000	1.05950077594049	4.4071386525392e-05	4.14164927489699e-05	1.01595970460748	4.23128378016803e-05	3.99327339861935e-05
-71000	1.06194199175898	4.32871514956921e-05	4.08459356772087e-05	1.01824937122063	4.12966768341628e-05	3.90070102210093e-05
-70000	1.0640025686306	4.15054315834537e-05	3.94448547118318e-05	1.02018033927329	3.98092256649007e-05	3.78782576122439e-05
-69000	1.06631257023599	4.47543211858512e-05	4.2444319580457e-05	1.02226253545245	4.3211804998127e-05	4.11296088189651e-05
-68000	1.06855439610424	4.47536790282014e-05	4.25118531599508e-05	1.02444314229143	4.30642692781078e-05	4.08836624391288e-05
-67000	1.07126975972601	4.4103708460427e-05	4.13883448386578e-05	1.02688104029539	4.18447583881843e-05	3.94068603842243e-05
-66000	1.07380965377	4.38801840851929e-05	4.13402900412051e-05	1.02933097875528	4.19827152565955e-05	3.95327767967036e-05
-65000	1.07584186867876	4.18227109755445e-05	3.97904960667844e-05	1.03117236581581	4.01714025793333e-05	3.83300155188099e-05
-64000	1.07857917268689	4.47994862738802e-05	4.20621822657462e-05	1.0337265478675	4.27223738427784e-05	4.01681917910847e-05
-63000	1.08083282495853	4.19111681917911e-05	3.96575159201584e-05	1.03602509766148	3.99646813292663e-05	3.76661315352919e-05
-62000	1.08354471022636	4.59183924653503e-05	4.3206507197517e-05	1.03851875635469	4.39770963771606e-05	4.14834376839514e-05
-61000	1.08631979450955	4.64001712420399e-05	4.36250869588484e-05	1.04108305238936	4.45659014288008e-05	4.20016053941242e-05
-60000	1.08925119066731	4.49789693369723e-05	4.20475731792155e-05	1.04384754107133	4.3398833413603e-05	4.06343447316316e-05
-59000	1.09241670680152	4.62226681650345e-05	4.30571520308236e-05	1.04690207095842	4.44984748755819e-05	4.14439449884947e-05
-58000	1.09507486487933	4.37343607855728e-05	4.10762027077648e-05	1.04929212821748	4.20662492641944e-05	3.96761920051373e-05
-57000	1.09741119494836	4.32321935035051e-05	4.08958634344731e-05	1.05148696955102	4.12570235992936e-05	3.90621822657463e-05
-56000	1.09978835554129	4.25283352062932e-05	4.01511746133675e-05	1.05361732755391	4.08104029539252e-05	3.86800449510355e-05
-55000	1.10260437737465	4.5904853641569e-05	4.30888318082089e-05	1.05625472253438	4.37497725691657e-05	4.11123775886981e-05
-54000	1.1052076309734	4.70909723337079e-05	4.44877187349494e-05	1.05865976347193	4.50763632471772e-05	4.2671322309627e-05
-53000	1.1079677315781	4.6167763685985e-05	4.34076630812864e-05	1.06133825654198	4.42195644030609e-05	4.15410713330123e-05
-52000	1.11084176165249	4.62770910258468e-05	4.34030609514636e-05	1.06391710815005	4.40788248515011e-05	4.14999732434313e-05
-51000	1.11347417991117	4.52967838604378e-05	4.26643656017552e-05	1.06639995718949	4.3377428158613e-05	4.08945791191738e-05
-50000	1.1164763739498	4.76337560871193e-05	4.4631562048483e-05	1.06918751003371	4.50676406057687e-05	4.22800877615454e-05
-49000	1.11917744956387	4.79402793385776e-05	4.52392037245144e-05	1.0717765291379	4.59682131963397e-05	4.33791940921496e-05
-48000	1.12223931075079	4.80234922673516e-05	4.49616310804303e-05	1.07456124578584	4.60687108685182e-05	4.32839942205812e-05
-47000	1.12552940546904	4.73614812436453e-05	4.4071386525392e-05	1.07762605019532	4.53776422111628e-05	4.23128378016803e-05
-46000	1.12879087065875	4.65486166853963e-05	4.32871514956921e-05	1.08077032161396	4.44409482527961e-05	4.12966768341628e-05
-45000	1.13181489805747	4.45294589821802e-05	4.15054315834537e-05	1.08364531492481	4.26842189757586e-05	3.98092256649007e-05
-44000	1.13482720607909	4.77666292074704e-05	4.47543211858512e-05	1.08643297479531	4.59994648686252e-05	4.3211804998127e-05
-43000	1.13815866645261	4.80851394017232e-05	4.47536790282014e-05	1.08950136458501	4.61326590678012e-05	4.30642692781078e-05
-42000	1.1416968480762	4.76418900840157e-05	4.4103708460427e-05	1.09278819500187	4.51315888050517e-05	4.18447583881843e-05
-41000	1.1453958366779	4.75791726868946e-05	4.38801840851929e-05	1.09606228929202	4.52568095467437e-05	4.19827152565955e-05
-40000	1.14882843688125	4.52553111788945e-05	4.18227109755445e-05	1.09922662813721	4.33357414245198e-05	4.01714025793333e-05
-39000	1.15290972333708	4.88807727297051e-05	4.47994862738802e-05	1.10304307807567	4.65388237812383e-05	4.27223738427784e-05
-38000	1.15678455610852	4.57860009632364e-05	4.19111681917911e-05	1.10660673195269	4.35283352062932e-05	3.99646813292663e-05
-37000	1.16098763846524	5.01214748220689e-05	4.59183924653503e-05	1.11043297479531	4.78033392197784e-05	4.39770963771606e-05
-36000	1.16548076202708	5.08932948038744e-05	4.64001712420399e-05	1.11466993096805	4.88028576015412e-05	4.45659014288008e-05
-35000	1.17000567239257	4.9503879702467e-05	4.49789693369723e-05	1.11880895809921	4.75378605447638e-05	4.3398833413603e-05
-34000	1.17475774602665	5.09747417991117e-05	4.62226681650345e-05	1.1231869213892	4.88764381655696e-05	4.44984748755819e-05
-33000	1.17925354524536	4.8230160004281e-05	4.37343607855728e-05	1.12720062075239	4.60799486273881e-05	4.20662492641944e-05
-32000	1.18320795205223	4.71866003103762e-05	4.32321935035051e-05	1.13081270401884	4.48691068657356e-05	4.12570235992936e-05
-31000	1.18786728741906	4.71876705731257e-05	4.25283352062932e-05	1.1350224220046	4.50201209396907e-05	4.08104029539252e-05
-30000	1.1923170118264	5.0354578048911e-05	4.5904853641569e-05	1.13914887354846	4.78762241130198e-05	4.37497725691657e-05
-29000	1.19664622464815	5.14201851554557e-05	4.70909723337079e-05	1.14309546743726	4.9022957135977e-05	4.50763632471772e-05
-28000	1.20098854818858	5.0510087226414e-05	4.6167763685985e-05	1.14709814309413	4.82222400599348e-05	4.42195644030609e-05
-27000	1.20505688446514	5.03454273024028e-05	4.62770910258468e-05	1.15077722480869	4.77579065660619e-05	4.40788248515011e-05
-26000	1.20922710975545	4.94670091507465e-05	4.52967838604378e-05	1.15463793011184	4.72381334617649e-05	4.3377428158613e-05
-25000	1.21380018194467	5.22068282763418e-05	4.76337560871193e-05	1.15883057740675	4.92602879006796e-05	4.50676406057687e-05
-24000	1.21755996147054	5.17000588644513e-05	4.79402793385776e-05	1.16222272167817	4.93603574677583e-05	4.59682131963397e-05
-23000	1.22154144592497	5.20049767217852e-05	4.80234922673516e-05	1.16578439556911	4.96303847594584e-05	4.60687108685182e-05
-22000	1.22518793813881	5.10079734574839e-05	4.73614812436453e-05	1.16912811045112	4.87213570931664e-05	4.53776422111628e-05
-21000	1.22890014448547	5.02608230320544e-05	4.65486166853963e-05	1.17259078503773	4.79036228394071e-05	4.44409482527961e-05
-20000	1.23236003638893	4.79893508856424e-05	4.45294589821802e-05	1.175801091668	4.58945256060363e-05	4.26842189757586e-05
-19000	1.23544929630224	5.08558891207792e-05	4.77666292074704e-05	1.17859142719538	4.87898003959971e-05	4.59994648686252e-05
-18000	1.2385727511104	5.12085942098785e-05	4.80851394017232e-05	1.18143886124043	4.89800931128592e-05	4.61326590678012e-05
-17000	1.24192192433242	5.09910633060416e-05	4.76418900840157e-05	1.18462551506395	4.83182426285654e-05	4.51315888050517e-05
-16000	1.24496307593514	5.06203242896131e-05	4.75791726868946e-05	1.18744993845989	4.80812329426874e-05	4.52568095467437e-05
-15000	1.24785744100177	4.81496762455182e-05	4.52553111788945e-05	1.19009937389629	4.59851768609193e-05	4.33357414245198e-05
-14000	1.25023786589608	5.12611976240167e-05	4.88807727297051e-05	1.19234307272435	4.87825226093007e-05	4.65388237812383e-05
-13000	1.25274827420132	4.82964092684754e-05	4.57860009632364e-05	1.19459752769305	4.57827901749879e-05	4.35283352062932e-05
-12000	1.25464991705464	5.20231176753893e-05	5.01214748220689e-05	1.19625065553593	4.9456467062664e-05	4.78033392197784e-05
-11000	1.25633477818805	5.25781559372826e-05	5.08932948038744e-05	1.19778605447637	5.0338256541981e-05	4.88028576015412e-05
-10000	1.2581253812811	5.12944827955263e-05	4.9503879702467e-05	1.1993751270937	4.91269331620912e-05	4.75378605447638e-05
-9000	1.25978353935891	5.26328998769198e-05	5.09747417991117e-05	1.20095183817627	5.04531492481405e-05	4.88764381655696e-05
-8000	1.26091582383475	4.93624444801199e-05	4.8230160004281e-05	1.20202012093969	4.71482313908065e-05	4.60799486273881e-05
-7000	1.26200829453631	4.82790710119334e-05	4.71866003103762e-05	1.20310847112966	4.59574570557072e-05	4.48691068657356e-05
-6000	1.26302301064911	4.82023866859314e-05	4.71876705731257e-05	1.204129234227	4.6040884037031e-05	4.50201209396907e-05
-5000	1.26361224380585	5.0943811205651e-05	5.0354578048911e-05	1.20482131963397	4.85683095199872e-05	4.78762241130198e-05
-4000	1.26432391502114	5.2131856370739e-05	5.14201851554557e-05	1.20546096216621	4.96625996682186e-05	4.9022957135977e-05
-3000	1.26456937978274	5.0755551988013e-05	5.0510087226414e-05	1.20569502862953	4.84563065232515e-05	4.82222400599348e-05
-2000	1.26492021191202	5.06962594316905e-05	5.03454273024028e-05	1.20601166586397	4.8074543800503e-05	4.77579065660619e-05
-1000	1.26500872264141	4.95555198801306e-05	4.94670091507465e-05	1.20604420185155	4.72706694493498e-05	4.72381334617649e-05
0	1.26501011398298	5.22082196179162e-05	5.22068282763418e-05	1.20610697276181	4.9323058810938e-05	4.92602879006796e-05
1000	1.26465794402526	5.13478889067266e-05	5.17000588644513e-05	1.20568748327714	4.89408679830899e-05	4.93603574677583e-05
2000	1.26433178145235	5.16788141488736e-05	5.20049767217852e-05	1.2053407181463	4.92836196286189e-05	4.96303847594584e-05
3000	1.26401091668005	5.06871086851821e-05	5.10079734574839e-05	1.20505752662279	4.84381655696474e-05	4.87213570931664e-05
4000	1.26343174399315	4.96816503451597e-05	5.02608230320544e-05	1.20457152030824	4.74176165248568e-05	4.79036228394071e-05
5000	1.26268138277947	4.72389896719645e-05	4.79893508856424e-05	1.20382661743458	4.51496227323808e-05	4.58945256060363e-05
6000	1.2612454647616	4.94199711029057e-05	5.08558891207792e-05	1.20247492909509	4.74381120565099e-05	4.87898003959971e-05
7000	1.25983298549794	4.97961149462193e-05	5.12085942098785e-05	1.20111639107401	4.76215550917751e-05	4.89800931128592e-05
8000	1.25864279980735	4.98008776154547e-05	5.09910633060416e-05	1.19994921603254	4.71510675870926e-05	4.83182426285654e-05
9000	1.25734184192219	4.93193664044523e-05	5.06203242896131e-05	1.19874848825387	4.68805051640178e-05	4.80812329426874e-05
10000	1.25568994488147	4.64977792047948e-05	4.81496762455182e-05	1.19724696312945	4.44836517365013e-05	4.59851768609193e-05
11000	1.25362198319687	4.91932359394231e-05	5.12611976240167e-05	1.19532182800878	4.68573874886284e-05	4.87825226093007e-05
12000	1.2514298175202	4.61042435918018e-05	4.82964092684754e-05	1.1931717771713	4.36327393375074e-05	4.57827901749879e-05
13000	1.24867453309788	4.92678332530636e-05	5.20231176753893e-05	1.19057237651844	4.68570664098036e-05	4.9456467062664e-05
14000	1.24581939316102	4.97230160004281e-05	5.25781559372826e-05	1.18774731096484	4.75131909883877e-05	5.0338256541981e-05
15000	1.24263108043025	4.81061700647509e-05	5.12944827955263e-05	1.18479654305132	4.61761652485685e-05	4.91269331620912e-05
16000	1.23973960507305	4.97414245197195e-05	5.26328998769198e-05	1.18209878525178	4.77553914486006e-05	5.04531492481405e-05
17000	1.23639005725906	4.60128966661316e-05	4.93624444801199e-05	1.17903301760582	4.40824637448493e-05	4.71482313908065e-05
18000	1.23364547546423	4.55344892171028e-05	4.82790710119334e-05	1.17653609461123	4.3460534061112e-05	4.59574570557072e-05
19000	1.23006266388398	4.46195751056885e-05	4.82023866859314e-05	1.17337015037192	4.28749397977204e-05	4.6040884037031e-05
20000	1.22599175897683	4.68729062984963e-05	5.0943811205651e-05	1.169639160914	4.48373200620752e-05	4.85683095199872e-05
21000	1.22229298442768	4.84330818215872e-05	5.2131856370739e-05	1.16642366350939	4.64471022636058e-05	4.96625996682186e-05
22000	1.21793225236796	4.63948199282924e-05	5.0755551988013e-05	1.16256349333761	4.45961363514742e-05	4.84563065232515e-05
23000	1.2142183336009	4.69823406646331e-05	5.06962594316905e-05	1.15910344089474	4.46144913576283e-05	4.8074543800503e-05
24000	1.20991314817788	4.52503344571092e-05	4.95555198801306e-05	1.15512527425483	4.32925028094397e-05	4.72706694493498e-05
25000	1.20528650933804	4.7581580778081e-05	5.22082196179162e-05	1.15092647294911	4.51242575052175e-05	4.9323058810938e-05
26000	1.20055739283994	4.66187724086263e-05	5.13478889067266e-05	1.14665591052603	4.4670305560015e-05	4.89408679830899e-05
27000	1.19601493016536	4.71363514742869e-05	5.16788141488736e-05	1.14250254187403	4.51302509766148e-05	4.92836196286189e-05
28000	1.1923242896131	4.69964681329266e-05	5.06871086851821e-05	1.13922946433349	4.51650880291111e-05	4.84381655696474e-05
29000	1.1879621662118	4.53195269438647e-05	4.96816503451597e-05	1.13522127682346	4.34094290148231e-05	4.74176165248568e-05
30000	1.18367860009632	4.29554235564831e-05	4.72389896719645e-05	1.13130036924065	4.12287151495692e-05	4.51496227323808e-05
31000	1.17899127735859	4.47326483651736e-05	4.94199711029057e-05	1.12691486059828	4.30526034141382e-05	4.74381120565099e-05
32000	1.17450880291111	4.53136404987425e-05	4.97961149462193e-05	1.12283475143148	4.35414459249746e-05	4.76215550917751e-05
33000	1.17002236849146	4.53144431958045e-05	4.98008776154547e-05	1.11876630812865	4.30826242842618e-05	4.71510675870926e-05
34000	1.16613100016054	4.54279980735271e-05	4.93193664044523e-05	1.1152097714989	4.33239685342751e-05	4.68805051640178e-05
35000	1.16183448386579	4.22012629100444e-05	4.64977792047948e-05	1.11123936426393	4.05132445015251e-05	4.44836517365013e-05
36000	1.15747417991117	4.48329319848023e-05	4.91932359394231e-05	1.10724348477551	4.2861508000214e-05	4.68573874886284e-05
37000	1.1531822122331	4.18122759137368e-05	4.61042435918018e-05	1.10327238186975	3.9661636431744e-05	4.36327393375074e-05
38000	1.14914614437844	4.52317653984053e-05	4.92678332530636e-05	1.09952507090491	4.31097554449618e-05	4.68570664098036e-05
39000	1.14552378658961	4.61006582115909e-05	4.97230160004281e-05	1.09625643495478	4.42445550382619e-05	4.75131909883877e-05
40000	1.14191411141435	4.44964948894954e-05	4.81061700647509e-05	1.09288810402954	4.28078343233264e-05	4.61761652485685e-05
41000	1.13851270937015	4.63400224755177e-05	4.97414245197195e-05	1.08978198747793	4.46492748969872e-05	4.77553914486006e-05
42000	1.13538818429925	4.28883715952266e-05	4.60128966661316e-05	1.08697565152245	4.12761277893723e-05	4.40824637448493e-05
43000	1.13235987584952	4.25061807673784e-05	4.55344892171028e-05	1.08403023492267	4.05151174613367e-05	4.3460534061112e-05
44000	1.12909375501686	4.1353454273024e-05	4.46195751056885e-05	1.0810309841066	3.9875688981645e-05	4.28749397977204e-05
45000	1.12542013164232	4.31992829239578e-05	4.68729062984963e-05	1.07764456574089	4.14509016963665e-05	4.48373200620752e-05
46000	1.1224400920426	4.54530422218655e-05	4.84330818215872e-05	1.07495879488414	4.37613314068604e-05	4.64471022636058e-05
47000	1.11891057954728	4.28653074329749e-05	4.63948199282924e-05	1.07169765077326	4.13349922405951e-05	4.45961363514742e-05
48000	1.11580419542998	4.38759565473324e-05	4.69823406646331e-05	1.06881634291218	4.17331834965484e-05	4.46144913576283e-05
49000	1.11265237865896	4.20985176860919e-05	4.52503344571092e-05	1.06596254080377	4.04387007010221e-05	4.32925028094397e-05
50000	1.10915566971692	4.40848718360357e-05	4.7581580778081e-05	1.06269732969444	4.18590463958902e-05	4.51242575052175e-05
51000	1.10578321828009	4.32463209717986e-05	4.66187724086263e-05	1.05963867929577	4.16116551613421e-05	4.4670305560015e-05
52000	1.10263712741478	4.39902606089794e-05	4.71363514742869e-05	1.05677230160004	4.22638732808904e-05	4.51302509766148e-05
53000	1.09995066088725	4.43100016053941e-05	4.69964681329266e-05	1.05427976668272	4.26725531117889e-05	4.51650880291111e-05
54000	1.09713833146037	4.25071975169905e-05	4.53195269438647e-05	1.05166730882432	4.07969711564189e-05	4.34094290148231e-05
55000	1.09452068282763	4.03377749237438e-05	4.29554235564831e-05	1.04925579279713	3.88171991223845e-05	4.12287151495692e-05
56000	1.09180976079628	4.2021726333815e-05	4.47326483651736e-05	1.04675935142077	4.05561620377803e-05	4.30526034141382e-05
57000	1.08911553486381	4.26194145662761e-05	4.53136404987425e-05	1.04425509712634	4.10371916305454e-05	4.35414459249746e-05
58000	1.0866244448012	4.28233531331942e-05	4.53144431958045e-05	1.04195986514689	4.07873923048109e-05	4.30826242842618e-05
59000	1.08433445710922	4.31380103815486e-05	4.54279980735271e-05	1.03993294803874	4.12970514261251e-05	4.33239685342751e-05
60000	1.08145571787874	3.93225236795633e-05	4.22012629100444e-05	1.03727371969819	3.78540161609675e-05	4.05132445015251e-05
61000	1.07846856103173	4.18457751377963e-05	4.48329319848023e-05	1.03455985444427	4.01476427462942e-05	4.2861508000214e-05
62000	1.07574570557072	3.90894204527212e-05	4.18122759137368e-05	1.03207074436774	3.71725263552202e-05	3.9661636431744e-05
63000	1.07328602771981	4.27720875474929e-05	4.52317653984053e-05	1.02974720393857	4.07862150157864e-05	4.31097554449618e-05
64000	1.07105543961042	4.38700701022101e-05	4.61006582115909e-05	1.02781923262161	4.23165837213036e-05	4.42445550382619e-05
65000	1.06862679937925	4.20678546583187e-05	4.44964948894954e-05	1.02557612243806	4.05647241397763e-05	4.28078343233264e-05
66000	1.06629228875689	4.400551185316e-05	4.63400224755177e-05	1.02342703483705	4.25001872959812e-05	4.46492748969872e-05
67000	1.06407374110344	4.06698239417777e-05	4.28883715952266e-05	1.02142323540429	3.92723283566116e-05	4.12761277893723e-05
68000	1.06139027131161	3.98227109755445e-05	4.25061807673784e-05	1.01900053513137	3.80924171884198e-05	4.05151174613367e-05
69000	1.0592992989779	3.92624819393161e-05	4.1353454273024e-05	1.01705490447905	3.79300583293199e-05	3.9875688981645e-05
70000	1.05650602022797	4.04060041740247e-05	4.31992829239578e-05	1.01452731845668	3.8923315673998e-05	4.14509016963665e-05
71000	1.05422785893937	4.31748809332692e-05	4.54530422218655e-05	1.01245662760208	4.16906405522556e-05	4.37613314068604e-05
72000	1.05186594959062	4.05033980842297e-05	4.28653074329749e-05	1.01025012040456	3.91284850430781e-05	4.13349922405951e-05
73000	1.04930855675068	4.13185637073902e-05	4.38759565473324e-05	1.00795574463531	3.9438807727297e-05	4.17331834965484e-05
74000	1.04661079895114	3.94007598865522e-05	4.20985176860919e-05	1.00555402151228	3.80369775779954e-05	4.04387007010221e-05
75000	1.04387210360143	4.13461764863273e-05	4.40848718360357e-05	1.0029940065286	3.92990314122117e-05	4.18590463958902e-05
76000	1.04181190132177	4.11861186921389e-05	4.32463209717986e-05	1.00096007919944	3.95777278321828e-05	4.16116551613421e-05
77000	1.03908000214053	4.12583614277305e-05	4.39902606089794e-05	0.998507893187778	3.98116872692246e-05	4.22638732808904e-05
78000	1.03650361213678	4.17336116016482e-05	4.43100016053941e-05	0.996181248996629	4.034590892064e-05	4.26725531117889e-05
79000	1.03391368330925	3.99172686894633e-05	4.25071975169905e-05	0.993852357253706	3.84680794134961e-05	4.07969711564189e-05
80000	1.03206822925028	3.84923208647723e-05	4.03377749237438e-05	0.992139187670573	3.71040295392519e-05	3.88171991223845e-05
81000	1.02963509391556	3.95885909990903e-05	4.2021726333815e-05	0.98981623588591	3.82332102531171e-05	4.05561620377803e-05
82000	1.02737261197624	4.035693262696e-05	4.26194145662761e-05	0.987707336651148	3.89282923957832e-05	4.10371916305454e-05
83000	1.02528228180018	4.0733022957136e-05	4.28233531331942e-05	0.985792850644833	3.88729062984963e-05	4.07873923048109e-05
84000	1.02347562476588	4.13313533472467e-05	4.31380103815486e-05	0.984246106919249	3.97503077005405e-05	4.12970514261251e-05
85000	1.02109621662118	3.69431155348638e-05	3.93225236795633e-05	0.982110879220849	3.57187884625675e-05	3.78540161609675e-05
86000	1.01874393963718	3.94934981537967e-05	4.18457751377963e-05	0.979978915823835	3.80156793492802e-05	4.01476427462942e-05
87000	1.01661743458019	3.69629153957296e-05	3.90894204527212e-05	0.978042649970568	3.52362605019532e-05	3.71725263552202e-05
88000	1.01495435329373	4.11090062610371e-05	4.27720875474929e-05	0.97649194627281	3.92355113180286e-05	4.07862150157864e-05
89000	1.01291791084711	4.18336276555895e-05	4.38700701022101e-05	0.974625515063948	4.04501525124418e-05	4.23165837213036e-05
90000	1.0104633702574	3.96133140686038e-05	4.20678546583187e-05	0.972462888639161	3.8402097714989e-05	4.05647241397763e-05
91000	1.00836362176914	4.19057633649061e-05	4.400551185316e-05	0.970602397388559	4.06396960453791e-05	4.25001872959812e-05
92000	1.00650783967464	3.88140418472735e-05	4.06698239417777e-05	0.968923208647723	3.75931396157757e-05	3.92723283566116e-05
93000	1.00394241986408	3.72572911649809e-05	3.98227109755445e-05	0.966737732113234	3.59069406539306e-05	3.80924171884198e-05
94000	1.00205201476963	3.73720768448654e-05	3.92624819393161e-05	0.96483191523519	3.60242414512763e-05	3.79300583293199e-05
95000	0.999833092524215	3.81870819286135e-05	4.04060041740247e-05	0.962817038582972	3.69084390217799e-05	3.8923315673998e-05
96000	0.998009471825333	4.13512602343876e-05	4.31748809332692e-05	0.961193771070798	4.00673730400813e-05	4.16906405522556e-05
97000	0.996104457644352	3.85983839032483e-05	4.05033980842297e-05	0.959473858832343	3.74085728046235e-05	3.91284850430781e-05
98000	0.99378910472521	3.90032107882485e-05	4.13185637073902e-05	0.957390592390432	3.73555412853856e-05	3.9438807727297e-05
99000	0.991296409268475	3.69080644298175e-05	3.94007598865522e-05	0.955223310322684	3.58696955102477e-05	3.80369775779954e-05
100000	0.988843099480923	3.88928666987745e-05	4.13461764863273e-05	0.953074650826778	3.71503719163055e-05	3.92990314122117e-05
101000	0.987244662064537	3.95876812757532e-05	4.11861186921389e-05	0.95149660191577	3.79996789211752e-05	3.95777278321828e-05
102000	0.985014716112806	3.90284154759993e-05	4.12583614277305e-05	0.949440787713384	3.77558730668379e-05	3.98116872692246e-05
103000	0.982354096430674	3.90729919195163e-05	4.17336116016482e-05	0.946890619147001	3.7795740354257e-05	4.034590892064e-05
104000	0.980472574517044	3.80357467758335e-05	3.99172686894633e-05	0.94506994167068	3.66474019371755e-05	3.84680794134961e-05
105000	0.978526569272756	3.65463156204848e-05	3.84923208647723e-05	0.943408840370311	3.54429282388826e-05	3.71040295392519e-05
106000	0.976596885535399	3.76589072617327e-05	3.95885909990903e-05	0.941455557339327	3.6279927222133e-05	3.82332102531171e-05
107000	0.974613421094879	3.83734681864398e-05	4.035693262696e-05	0.93958880505164	3.70615401080966e-05	3.89282923957832e-05
108000	0.972510194252689	3.86297961149462e-05	4.0733022957136e-05	0.937602718467384	3.68868197142398e-05	3.88729062984963e-05
109000	0.970452293037941	3.92734521324985e-05	4.13313533472467e-05	0.935796543051319	3.79441322844758e-05	3.97503077005405e-05
110000	0.968520522288222	3.50113447851448e-05	3.69431155348638e-05	0.934099534435704	3.40217798469524e-05	3.57187884625675e-05
111000	0.966489752234173	3.74627280997486e-05	3.94934981537967e-05	0.932242896131	3.61590410445765e-05	3.80156793492802e-05
112000	0.964791512816396	3.52646759779526e-05	3.69629153957296e-05	0.930729223524375	3.37225878953284e-05	3.52362605019532e-05
113000	0.9628647723016	3.91822657462407e-05	4.11090062610371e-05	0.92906929951303	3.75755873066838e-05	3.92355113180286e-05
114000	0.960922673516348	3.98915288703377e-05	4.18336276555895e-05	0.927368919569754	3.87497725691657e-05	4.04501525124418e-05
115000	0.95902247551774	3.77131160699952e-05	3.96133140686038e-05	0.925672232032964	3.67054101781988e-05	3.8402097714989e-05
116000	0.957213463905389	4.00967517525553e-05	4.19057633649061e-05	0.924095146358431	3.90626103708461e-05	4.06396960453791e-05
117000	0.955185530047627	3.67861079895115e-05	3.88140418472735e-05	0.922207898539091	3.5705891796436e-05	3.75931396157757e-05
118000	0.95318419221919	3.52559533365441e-05	3.72572911649809e-05	0.920458821640713	3.4157863755552e-05	3.59069406539306e-05
119000	0.951242307486488	3.54301921121635e-05	3.73720768448654e-05	0.918618718895489	3.41841387060524e-05	3.60242414512763e-05
120000	0.949391181034944	3.63359554770696e-05	3.81870819286135e-05	0.916967624551827	3.52573446781185e-05	3.69084390217799e-05
121000	0.94760534061112	3.95654198105635e-05	4.13512602343876e-05	0.915348852143201	3.8448600631455e-05	4.00673730400813e-05
122000	0.945772676192005	3.67657194841333e-05	3.85983839032483e-05	0.913654144592497	3.57138652539198e-05	3.74085728046235e-05
123000	0.943579814844544	3.68103494407877e-05	3.90032107882485e-05	0.911652646224648	3.53540429175362e-05	3.73555412853856e-05
124000	0.94207630973404	3.54045593193129e-05	3.69080644298175e-05	0.91029737250495	3.45144217905496e-05	3.58696955102477e-05
125000	0.939992240595066	3.6808797559801e-05	3.88928666987745e-05	0.90839358912613	3.52465885374859e-05	3.71503719163055e-05
126000	0.937920854069674	3.75162947503612e-05	3.95876812757532e-05	0.906589607748702	3.6195697543747e-05	3.79996789211752e-05
127000	0.935854123187242	3.69616845935678e-05	3.90284154759993e-05	0.90475116391074	3.59174292288757e-05	3.77558730668379e-05
128000	0.933682667094772	3.69015358270456e-05	3.90729919195163e-05	0.902783699898325	3.5828276341842e-05	3.7795740354257e-05
129000	0.932307004869696	3.66600845507572e-05	3.80357467758335e-05	0.901451062235779	3.53147642746294e-05	3.66474019371755e-05
130000	0.93050189971638	3.47412104671697e-05	3.65463156204848e-05	0.899832022261465	3.3823888264569e-05	3.54429282388826e-05
131000	0.929225236795633	3.63822443409857e-05	3.76589072617327e-05	0.898733772141061	3.51816771017284e-05	3.6279927222133e-05
132000	0.927116177021459	3.62644084122652e-05	3.83734681864398e-05	0.896806817573714	3.51345855407503e-05	3.70615401080966e-05
133000	0.92487558195537	3.63892010488575e-05	3.86297961149462e-05	0.894699523733076	3.4779525873602e-05	3.68868197142398e-05
134000	0.922799967892117	3.7197838069246e-05	3.92734521324985e-05	0.892818055332584	3.60626638839836e-05	3.79441322844758e-05
135000	0.921102424145128	3.33138010381549e-05	3.50113447851448e-05	0.891391769679456	3.25954941938246e-05	3.40217798469524e-05
136000	0.919142237919409	3.55025418740301e-05	3.74627280997486e-05	0.889702948573875	3.4470219938995e-05	3.61590410445765e-05
137000	0.917445550382619	3.35679884411623e-05	3.52646759779526e-05	0.88817316851287	3.21928078343233e-05	3.37225878953284e-05
138000	0.915460320008562	3.71970353721838e-05	3.91822657462407e-05	0.886476909081179	3.58793278749933e-05	3.75755873066838e-05
139000	0.913827848236742	3.82590570985177e-05	3.98915288703377e-05	0.885044415904104	3.73172793920907e-05	3.87497725691657e-05
140000	0.912322844758388	3.62081125916412e-05	3.77131160699952e-05	0.883758334671162	3.5419328945256e-05	3.67054101781988e-05
141000	0.910578155937283	3.83520629314497e-05	4.00967517525553e-05	0.882187028415476	3.74913041151603e-05	3.90626103708461e-05
142000	0.908465296730347	3.46732487825761e-05	3.67861079895115e-05	0.880212661208327	3.37315245892867e-05	3.5705891796436e-05
143000	0.906884358109916	3.36750147161128e-05	3.52559533365441e-05	0.878737250494997	3.26824530422219e-05	3.4157863755552e-05
144000	0.905258040348906	3.38038743511532e-05	3.54301921121635e-05	0.877299245464762	3.27461336758174e-05	3.41841387060524e-05
145000	0.903408733344036	3.44866484721999e-05	3.63359554770696e-05	0.875664098036068	3.36221972494248e-05	3.52573446781185e-05
146000	0.901478675014716	3.76353614812436e-05	3.95654198105635e-05	0.873936854497779	3.67213570931664e-05	3.8448600631455e-05
147000	0.899553272328357	3.48403167977738e-05	3.67657194841333e-05	0.872222026007385	3.39990367635254e-05	3.57138652539198e-05
148000	0.897848129715845	3.51052068282764e-05	3.68103494407877e-05	0.87057333975491	3.37053566650613e-05	3.53540429175362e-05
149000	0.896492053299085	3.40484829025526e-05	3.54045593193129e-05	0.869251725798684	3.31928078343233e-05	3.45144217905496e-05
150000	0.89451442179055	3.48311660512656e-05	3.6808797559801e-05	0.86758286509338	3.35777278321828e-05	3.52465885374859e-05
151000	0.892556697169155	3.55585701289666e-05	3.75162947503612e-05	0.865933911275218	3.45467437255846e-05	3.6195697543747e-05
152000	0.8907833788195	3.51883662439129e-05	3.69616845935678e-05	0.864422700272917	3.44062182265746e-05	3.59174292288757e-05
153000	0.888888853213464	3.50070102210093e-05	3.69015358270456e-05	0.862844918927597	3.42504949965216e-05	3.5828276341842e-05
154000	0.887357307218922	3.51285385562156e-05	3.66600845507572e-05	0.861558623642104	3.40284689891368e-05	3.53147642746294e-05
155000	0.885765772997271	3.31496762455183e-05	3.47412104671697e-05	0.860073098945791	3.2338363568256e-05	3.3823888264569e-05
156000	0.88463712741478	3.52535987584952e-05	3.63822443409857e-05	0.859023331727939	3.41319098838765e-05	3.51816771017284e-05
157000	0.882582597527693	3.42098785251779e-05	3.62644084122652e-05	0.857135067158988	3.32463209717986e-05	3.51345855407503e-05
158000	0.880345159736715	3.41517632578798e-05	3.63892010488575e-05	0.855029325199336	3.26737839139509e-05	3.4779525873602e-05
159000	0.878547492909509	3.54001712420399e-05	3.7197838069246e-05	0.853223256809547	3.42565954941939e-05	3.60626638839836e-05
160000	0.877201423449457	3.19677315781024e-05	3.33138010381549e-05	0.852015197731043	3.13874351153208e-05	3.25954941938246e-05
161000	0.874990314122117	3.32914325466902e-05	3.55025418740301e-05	0.849884572162466	3.23395943704179e-05	3.4470219938995e-05
162000	0.873141756301172	3.17194306202172e-05	3.35679884411623e-05	0.848208005565366	3.05162412372238e-05	3.21928078343233e-05
163000	0.871435489912774	3.54907689837855e-05	3.71970353721838e-05	0.846570610584899	3.42419328945256e-05	3.58793278749933e-05
164000	0.869752555252314	3.65761224380585e-05	3.82590570985177e-05	0.844882110558142	3.56287793653342e-05	3.73172793920907e-05
165000	0.868539787017713	3.49953443570396e-05	3.62081125916412e-05	0.843833360089902	3.43705784770161e-05	3.5419328945256e-05
166000	0.867070209236368	3.68824851501043e-05	3.83520629314497e-05	0.842562583614277	3.62205276395355e-05	3.74913041151603e-05
167000	0.86507058382833	3.26736233745384e-05	3.46732487825761e-05	0.840902980681757	3.20719216567667e-05	3.37315245892867e-05
168000	0.863469363728795	3.20737946165783e-05	3.36750147161128e-05	0.839422058115267	3.12015304757318e-05	3.26824530422219e-05
169000	0.861991009792904	3.23255204152619e-05	3.38038743511532e-05	0.838106812222401	3.14308877829507e-05	3.27461336758174e-05
170000	0.860374645475464	3.287028415476e-05	3.44866484721999e-05	0.836621715631187	3.21371006582116e-05	3.36221972494248e-05
171000	0.859027398726387	3.62881147321668e-05	3.76353614812436e-05	0.835363407716594	3.54630491785734e-05	3.67213570931664e-05
172000	0.857356129929898	3.31690480012843e-05	3.48403167977738e-05	0.833828436881254	3.24640659281854e-05	3.39990367635254e-05
173000	0.856120029967357	3.38691068657355e-05	3.51052068282764e-05	0.832685396264783	3.25623160485899e-05	3.37053566650613e-05
174000	0.854612618397817	3.25410713330123e-05	3.40484829025526e-05	0.831389201048857	3.18966126183978e-05	3.31928078343233e-05
175000	0.853346497565152	3.35650452186012e-05	3.48311660512656e-05	0.830262267886766	3.24507946700915e-05	3.35777278321828e-05
176000	0.851481939316102	3.36940118799165e-05	3.55585701289666e-05	0.828525766575694	3.28102424145128e-05	3.45467437255846e-05
177000	0.850277465617809	3.39838925456199e-05	3.51883662439129e-05	0.827413924118371	3.32943757692514e-05	3.44062182265746e-05
178000	0.848998073527051	3.3727618130251e-05	3.50070102210093e-05	0.826187242468026	3.30238133461765e-05	3.42504949965216e-05
179000	0.847256756033606	3.33872210627709e-05	3.51285385562156e-05	0.824682827634184	3.25240541552951e-05	3.40284689891368e-05
180000	0.845755230909188	3.16481511211002e-05	3.31496762455183e-05	0.823279178038208	3.09347139722802e-05	3.2338363568256e-05
181000	0.844407877133836	3.39062449831433e-05	3.52535987584952e-05	0.82201016749612	3.28628993417885e-05	3.41319098838765e-05
182000	0.842944934981538	3.27469363728795e-05	3.42098785251779e-05	0.820732273773211	3.19684272488896e-05	3.32463209717986e-05
183000	0.841040241879381	3.22470701557233e-05	3.41517632578798e-05	0.81899935784235	3.09408679830898e-05	3.26737839139509e-05
184000	0.83931834965484	3.36782790174988e-05	3.54001712420399e-05	0.817317386418366	3.25746240702092e-05	3.42565954941939e-05
185000	0.838045272114304	3.06946540375662e-05	3.19677315781024e-05	0.816062717397121	3.01327660940761e-05	3.13874351153208e-05
186000	0.836264408412265	3.15105688446514e-05	3.32914325466902e-05	0.814416599775245	3.06934767485418e-05	3.23395943704179e-05
187000	0.834684218975759	3.01392411837106e-05	3.17194306202172e-05	0.812946700915075	2.90463423770535e-05	3.05162412372238e-05
188000	0.833259966821855	3.40665168298817e-05	3.54907689837855e-05	0.811746775833467	3.30420078129181e-05	3.42419328945256e-05
189000	0.831602504414834	3.49186600310376e-05	3.65761224380585e-05	0.810166265318136	3.40482688500027e-05	3.56287793653342e-05
190000	0.830419703537218	3.38125434794242e-05	3.49953443570396e-05	0.80914031144646	3.33446246053406e-05	3.43705784770161e-05
191000	0.828997110290576	3.54598919034623e-05	3.68824851501043e-05	0.807836570878151	3.4916787071226e-05	3.62205276395355e-05
192000	0.827688821105581	3.13653341895435e-05	3.26736233745384e-05	0.806851768609194	3.10871193878097e-05	3.20719216567667e-05
193000	0.826227377321132	3.06123508321293e-05	3.20737946165783e-05	0.805593995825975	2.99437576925135e-05	3.12015304757318e-05
194000	0.824558891207791	3.06570343019211e-05	3.23255204152619e-05	0.804078075667576	2.99149676245518e-05	3.14308877829507e-05
195000	0.823642050623428	3.19534435703966e-05	3.287028415476e-05	0.803211002301065	3.12700272917001e-05	3.21371006582116e-05
196000	0.822187510033713	3.48335741424519e-05	3.62881147321668e-05	0.801853374003318	3.41054208808262e-05	3.54630491785734e-05
197000	0.820959383528656	3.19409214962273e-05	3.31690480012843e-05	0.800704714507412	3.13154064322792e-05	3.24640659281854e-05
198000	0.819979825547172	3.28895488842511e-05	3.38691068657355e-05	0.799869588483973	3.17271900251512e-05	3.25623160485899e-05
199000	0.818602236849146	3.11634826349869e-05	3.25410713330123e-05	0.798702895060737	3.07299191951624e-05	3.18966126183978e-05
200000	0.817728581366726	3.26913897361802e-05	3.35650452186012e-05	0.797773746454755	3.15216460641087e-05	3.24507946700915e-05
201000	0.816283352062931	3.22487825761224e-05	3.36940118799165e-05	0.796360303954621	3.1396799914379e-05	3.28102424145128e-05
202000	0.81496184513298	3.26623856156686e-05	3.39838925456199e-05	0.795078289720126	3.20123615347568e-05	3.32943757692514e-05
203000	0.813785679884412	3.25514528816825e-05	3.3727618130251e-05	0.793925402686359	3.18709263124097e-05	3.30238133461765e-05
204000	0.812446192540269	3.20477337186279e-05	3.33872210627709e-05	0.792712152833521	3.13108043024563e-05	3.25240541552951e-05
205000	0.811267565687376	3.04695242682079e-05	3.16481511211002e-05	0.791689944881468	2.9912506020228e-05	3.09347139722802e-05
206000	0.810025311714026	3.26639910097929e-05	3.39062449831433e-05	0.790632097179858	3.18050516401776e-05	3.28628993417885e-05
207000	0.809079895114251	3.18015197731043e-05	3.27469363728795e-05	0.789816503451597	3.11528335206293e-05	3.19684272488896e-05
208000	0.807299780596136	3.0466955637609e-05	3.22470701557233e-05	0.788209236367528	2.93336008990207e-05	3.09408679830898e-05
209000	0.806100711724728	3.24792101460908e-05	3.36782790174988e-05	0.787174987959544	3.15403756622251e-05	3.25746240702092e-05
210000	0.804939904746615	2.95338470594531e-05	3.06946540375662e-05	0.786003531867073	2.89613100016054e-05	3.01327660940761e-05
211000	0.803560443088778	3.01311071868143e-05	3.15105688446514e-05	0.784818322898272	2.95082677797399e-05	3.06934767485418e-05
212000	0.801790442553647	2.83692406485792e-05	3.01392411837106e-05	0.783277893722909	2.7505913201691e-05	2.90463423770535e-05
213000	0.800611762187617	3.28878364638519e-05	3.40665168298817e-05	0.782285813667255	3.20499277572644e-05	3.30420078129181e-05
214000	0.798995290843902	3.33021886873228e-05	3.49186600310376e-05	0.780847862150158	3.26103173329052e-05	3.40482688500027e-05
215000	0.797624070209236	3.24413228447584e-05	3.38125434794242e-05	0.779590999090277	3.20877615454595e-05	3.33446246053406e-05
216000	0.796041419168406	3.38772408626317e-05	3.54598919034623e-05	0.778124364531492	3.34501525124418e-05	3.4916787071226e-05
217000	0.794915770321614	3.02396853427516e-05	3.13653341895435e-05	0.77713501364585	3.00977685021673e-05	3.10871193878097e-05
218000	0.793864183657088	2.95607641676031e-05	3.06123508321293e-05	0.776043613207042	2.88523572537058e-05	2.99437576925135e-05
219000	0.792437362872585	2.92302135174185e-05	3.06570343019211e-05	0.774785037726762	2.86563921442714e-05	2.99149676245518e-05
220000	0.791685182212233	3.12012629100444e-05	3.19534435703966e-05	0.774187884625676	3.06728741906138e-05	3.12700272917001e-05
221000	0.790455182747364	3.36035746775834e-05	3.48335741424519e-05	0.773091239899395	3.30087761545459e-05	3.41054208808262e-05
222000	0.789309787552844	3.07955263017071e-05	3.19409214962273e-05	0.771931396157757	3.01555626906405e-05	3.13154064322792e-05
223000	0.788264194359715	3.18439556911222e-05	3.28895488842511e-05	0.770981698506984	3.07774923743779e-05	3.17271900251512e-05
224000	0.786677743886124	2.95770321613956e-05	3.11634826349869e-05	0.76940991063306	2.91581313212394e-05	3.07299191951624e-05
225000	0.785535987584952	3.15496334350082e-05	3.26913897361802e-05	0.768384866484722	3.04966019157703e-05	3.15216460641087e-05
226000	0.784193985123348	3.09067801145181e-05	3.22487825761224e-05	0.767166104778723	3.01780382083802e-05	3.1396799914379e-05
227000	0.782988280622893	3.14566811152138e-05	3.26623856156686e-05	0.766076577299727	3.09228340557607e-05	3.20123615347568e-05
228000	0.781799539787018	3.13627120458072e-05	3.25514528816825e-05	0.764981377428159	3.07757264408412e-05	3.18709263124097e-05
229000	0.780904693102157	3.11528870337668e-05	3.20477337186279e-05	0.764114625140472	3.04440520147696e-05	3.13108043024563e-05
230000	0.779663991009793	2.92288221758442e-05	3.04695242682079e-05	0.762914218440627	2.87120993203832e-05	2.9912506020228e-05
231000	0.778222882217584	3.12228822175844e-05	3.26639910097929e-05	0.761619414566276	3.05102477658265e-05	3.18050516401776e-05
232000	0.776805051640178	3.03836891956975e-05	3.18015197731043e-05	0.760409857119923	2.99432760742763e-05	3.11528335206293e-05
233000	0.775413388986996	2.90752929844277e-05	3.0466955637609e-05	0.759210360143415	2.8134103922513e-05	2.93336008990207e-05
234000	0.774829025525767	3.18948466848611e-05	3.24792101460908e-05	0.758765237865896	3.10952533847059e-05	3.15403756622251e-05
235000	0.77385503291058	2.85598544442661e-05	2.95338470594531e-05	0.757993417884091	2.81894900197999e-05	2.89613100016054e-05
236000	0.772830577406753	2.91066516829882e-05	3.01311071868143e-05	0.757163589661262	2.86784395569112e-05	2.95082677797399e-05
237000	0.77159918660031	2.71378498421362e-05	2.83692406485792e-05	0.756027238186975	2.63695617274041e-05	2.7505913201691e-05
238000	0.770199496976508	3.14881468400492e-05	3.28878364638519e-05	0.754632953390057	3.06556429603467e-05	3.20499277572644e-05
239000	0.76873569861401	3.18383903248248e-05	3.33021886873228e-05	0.753257291164981	3.1234655107829e-05	3.26103173329052e-05
240000	0.767553432867769	3.12590570985177e-05	3.24413228447584e-05	0.752151709744742	3.09821801252207e-05	3.20877615454595e-05
241000	0.766353614812436	3.26774228072991e-05	3.38772408626317e-05	0.75098432065072	3.22827634184192e-05	3.34501525124418e-05
242000	0.764913576282978	2.87996468132927e-05	3.02396853427516e-05	0.749506715898753	2.86201637502007e-05	3.00977685021673e-05
243000	0.764017498795954	2.86646866805801e-05	2.95607641676031e-05	0.748689784342056	2.80354256970086e-05	2.88523572537058e-05
244000	0.762755070369776	2.79677850912399e-05	2.92302135174185e-05	0.747409857119923	2.73764649221384e-05	2.86563921442714e-05
245000	0.761719002515117	3.01651950553861e-05	3.12012629100444e-05	0.746542141595762	2.98051586664526e-05	3.06728741906138e-05
246000	0.760895274789961	3.27798469524268e-05	3.36035746775834e-05	0.745828222828704	3.22948573874886e-05	3.30087761545459e-05
247000	0.759673997966501	2.95742494782469e-05	3.07955263017071e-05	0.744661796971156	2.89891368330925e-05	3.01555626906405e-05
248000	0.758354524535774	3.05244822603949e-05	3.18439556911222e-05	0.743388184299245	2.95038797024669e-05	3.07774923743779e-05
249000	0.756648900305025	2.7871407930647e-05	2.95770321613956e-05	0.741866324182587	2.76362712045807e-05	2.91581313212394e-05
250000	0.755300422753786	3.02011558837695e-05	3.15496334350082e-05	0.740637609033018	2.9267886766201e-05	3.04966019157703e-05
