## htsjdk.samtools.metrics.StringHeader
# CollectInsertSizeMetrics --Histogram_FILE /dev/null --MINIMUM_PCT 0.0 --INCLUDE_DUPLICATES true --INPUT 260516_EMseq_LV_index_C1_Bap1_Math1_adult_ctrl_3200_S65_L001.good_mapq --OUTPUT 260516_EMseq_LV_index_C1_Bap1_Math1_adult_ctrl_3200_S65_L001.good_mapq.insert_size_metrics.txt --VALIDATION_STRINGENCY SILENT --DEVIATIONS 10.0 --METRIC_ACCUMULATION_LEVEL ALL_READS --ASSUME_SORTED true --STOP_AFTER 0 --VERBOSITY INFO --QUIET false --COMPRESSION_LEVEL 5 --MAX_RECORDS_IN_RAM 500000 --CREATE_INDEX false --CREATE_MD5_FILE false --help false --version false --showHidden false --USE_JDK_DEFLATER false --USE_JDK_INFLATER false
## htsjdk.samtools.metrics.StringHeader
# Started on: Fri Jun 26 14:08:19 PDT 2026

## METRICS CLASS	picard.analysis.InsertSizeMetrics
MEDIAN_INSERT_SIZE	MODE_INSERT_SIZE	MEDIAN_ABSOLUTE_DEVIATION	MIN_INSERT_SIZE	MAX_INSERT_SIZE	MEAN_INSERT_SIZE	STANDARD_DEVIATION	READ_PAIRS	PAIR_ORIENTATION	WIDTH_OF_10_PERCENT	WIDTH_OF_20_PERCENT	WIDTH_OF_30_PERCENT	WIDTH_OF_40_PERCENT	WIDTH_OF_50_PERCENT	WIDTH_OF_60_PERCENT	WIDTH_OF_70_PERCENT	WIDTH_OF_80_PERCENT	WIDTH_OF_90_PERCENT	WIDTH_OF_95_PERCENT	WIDTH_OF_99_PERCENT	SAMPLE	LIBRARY	READ_GROUP
235	170	67	2	141823330	255.383557	102.36392	11617926	FR	27	55	81	107	135	163	195	239	337	435	619			
16126.5	10684509	16072	51	138716197	12867.859375	6362.314393	124	RF	127	243	477	19521	32141	4177579	22361751	61920887	110745555	167629877	260814903			
0	0	0	0	0	0	0	0	TANDEM	0	0	0	0	0	0	0	0	0	0	0			

## HISTOGRAM	java.lang.Integer
insert_size	All_Reads.fr_count	All_Reads.rf_count
2	115	0
3	144	0
4	111	0
5	110	0
6	119	0
7	115	0
8	95	0
9	143	0
10	122	0
11	144	0
12	120	0
13	145	0
14	134	0
15	158	0
16	180	0
17	148	0
18	156	0
19	181	0
20	174	0
21	184	0
22	202	0
23	202	0
24	215	0
25	228	0
26	231	0
27	236	0
28	202	0
29	232	0
30	227	0
31	112	0
32	126	0
33	124	0
34	136	0
35	138	0
36	159	0
37	149	0
38	166	0
39	184	0
40	174	0
41	188	0
42	201	0
43	191	0
44	188	0
45	220	0
46	230	0
47	247	0
48	225	0
49	257	0
50	240	0
51	263	1
52	215	0
53	241	1
54	228	0
55	247	0
56	216	2
57	206	0
58	224	0
59	256	0
60	272	0
61	261	0
62	258	0
63	295	0
64	319	0
65	312	0
66	343	0
67	393	0
68	428	0
69	461	0
70	569	0
71	664	0
72	704	0
73	705	0
74	797	0
75	941	0
76	967	0
77	1151	0
78	1164	0
79	1220	0
80	1429	0
81	1567	0
82	1647	0
83	1905	0
84	1953	0
85	2233	0
86	2416	0
87	2792	0
88	2957	0
89	3277	0
90	3543	0
91	3982	0
92	4350	0
93	4745	0
94	4989	0
95	5584	0
96	6084	0
97	6571	0
98	7063	0
99	7489	0
100	8385	0
101	9043	0
102	9522	0
103	10159	0
104	10901	0
105	11362	0
106	11978	0
107	12974	0
108	13541	0
109	14078	0
110	15211	0
111	15906	0
112	16797	0
113	17841	0
114	18374	0
115	19222	0
116	20313	0
117	21199	0
118	21980	0
119	23052	0
120	24042	0
121	24866	0
122	25482	0
123	26707	0
124	27564	0
125	28503	0
126	29140	0
127	30080	0
128	31131	0
129	32124	0
130	32748	0
131	33754	0
132	35073	0
133	35627	0
134	36158	0
135	37063	0
136	38979	0
137	39434	0
138	40066	0
139	40529	0
140	42033	0
141	41903	0
142	43185	0
143	43913	0
144	44592	0
145	45506	0
146	46024	0
147	46786	0
148	47363	0
149	48291	0
150	48820	0
151	49512	0
152	50327	0
153	50166	0
154	50571	0
155	51346	0
156	51659	0
157	51728	1
158	52394	0
159	52917	0
160	53490	0
161	53218	0
162	53556	0
163	53693	0
164	53973	0
165	54284	0
166	54234	0
167	54299	0
168	54522	0
169	54508	0
170	54885	0
171	54782	0
172	54529	0
173	54506	0
174	54540	0
175	54420	0
176	54693	0
177	54398	0
178	54029	0
179	53693	0
180	53841	0
181	53568	0
182	53682	0
183	53704	0
184	52972	0
185	53429	0
186	52715	0
187	53120	0
188	52331	0
189	52067	0
190	52393	0
191	52266	0
192	51912	0
193	51831	0
194	51479	0
195	51523	0
196	51125	0
197	51259	0
198	50687	0
199	50299	0
200	50480	0
201	50511	0
202	50338	0
203	49906	0
204	49790	0
205	49013	0
206	49029	0
207	48849	0
208	49009	0
209	48716	0
210	49053	0
211	48378	0
212	48416	0
213	48518	0
214	47681	0
215	47880	0
216	47345	0
217	47151	0
218	46890	0
219	47149	0
220	46297	0
221	46304	0
222	46272	0
223	45590	0
224	45959	0
225	45557	0
226	45460	0
227	45292	0
228	45434	0
229	45428	0
230	44906	0
231	44698	0
232	44391	0
233	44400	0
234	43836	0
235	43831	0
236	43281	0
237	42861	0
238	43236	0
239	42858	0
240	42571	0
241	42684	0
242	42339	0
243	42326	0
244	42136	0
245	41542	0
246	41486	0
247	40914	0
248	40800	0
249	40818	0
250	41047	0
251	41047	0
252	40561	0
253	39857	0
254	40007	0
255	39688	0
256	39029	0
257	39510	0
258	39151	0
259	39089	0
260	38962	0
261	38466	0
262	38401	0
263	38026	0
264	37737	0
265	37434	0
266	37737	0
267	37345	0
268	36827	0
269	36693	0
270	36424	0
271	36338	0
272	35707	0
273	35834	0
274	35400	0
275	35381	0
276	35365	0
277	35184	0
278	35093	0
279	34287	0
280	34316	0
281	34485	0
282	34366	0
283	34011	0
284	33368	0
285	33506	0
286	33324	0
287	33298	0
288	32655	0
289	33029	0
290	32226	0
291	31790	0
292	31922	0
293	31948	0
294	31231	0
295	31830	0
296	31004	0
297	31072	0
298	30581	0
299	30258	0
300	30552	0
301	30213	0
302	30087	0
303	29787	0
304	29401	1
305	29662	0
306	28907	0
307	29214	0
308	28982	0
309	28626	0
310	28479	0
311	28555	0
312	28067	0
313	28179	0
314	27657	0
315	27741	0
316	27412	0
317	27153	0
318	26932	0
319	26908	0
320	26320	0
321	26761	0
322	26031	0
323	26186	0
324	26213	0
325	25985	0
326	25612	0
327	25543	0
328	25223	0
329	25272	0
330	25057	0
331	24712	0
332	24936	0
333	24645	0
334	24447	0
335	24536	0
336	23901	0
337	23846	0
338	23603	0
339	23478	0
340	23449	0
341	23401	0
342	22797	0
343	23071	0
344	22668	0
345	22677	0
346	22211	0
347	22078	0
348	21959	0
349	22003	0
350	21936	0
351	21529	0
352	21376	0
353	21242	0
354	21088	0
355	21436	0
356	20705	0
357	20750	0
358	20934	0
359	20166	0
360	20067	0
361	20046	0
362	20053	0
363	19811	0
364	19525	0
365	19624	0
366	19054	0
367	19021	0
368	18978	0
369	19153	0
370	18741	0
371	18424	0
372	18347	0
373	18318	0
374	18269	0
375	18064	1
376	18020	0
377	17917	0
378	17515	0
379	17408	0
380	17597	0
381	17182	0
382	17233	0
383	17014	0
384	16834	0
385	16750	0
386	16638	0
387	16376	0
388	16274	0
389	15902	0
390	15925	0
391	15898	0
392	15885	0
393	15728	0
394	15377	0
395	15363	0
396	15132	0
397	15320	0
398	14876	0
399	14881	0
400	14674	0
401	14646	0
402	14460	0
403	14524	1
404	14186	0
405	14243	0
406	14127	0
407	13919	0
408	13713	0
409	13546	0
410	13199	0
411	13387	0
412	13197	0
413	13426	0
414	12857	0
415	12992	0
416	12655	0
417	12722	0
418	12536	0
419	12206	0
420	12498	0
421	12049	0
422	12105	0
423	11816	0
424	11793	0
425	11744	0
426	11781	0
427	11763	0
428	11383	0
429	11465	0
430	11170	0
431	10979	0
432	11013	0
433	10809	0
434	10778	0
435	10449	0
436	11040	0
437	10509	0
438	10404	0
439	10189	0
440	9975	0
441	9942	0
442	10073	0
443	9774	0
444	9704	0
445	9560	0
446	9377	0
447	9191	0
448	9399	0
449	9012	0
450	9072	0
451	9015	0
452	8805	0
453	8720	0
454	8520	0
455	8618	0
456	8417	0
457	8301	0
458	8242	0
459	8136	0
460	7971	0
461	7877	0
462	7909	0
463	7968	0
464	7611	0
465	7838	0
466	7519	0
467	7487	0
468	7252	0
469	7252	0
470	6975	0
471	7078	0
472	6995	0
473	6979	0
474	6761	0
475	6561	0
476	6546	0
477	6555	0
478	6403	0
479	6292	0
480	6108	0
481	6210	0
482	6088	0
483	5985	0
484	5980	0
485	5857	0
486	5578	0
487	5674	0
488	5737	0
489	5550	0
490	5492	0
491	5219	0
492	5330	0
493	5194	0
494	5080	0
495	5070	0
496	4974	0
497	4950	0
498	4799	0
499	4694	0
500	4722	0
501	4540	0
502	4528	0
503	4526	0
504	4226	0
505	4355	0
506	4196	0
507	4225	0
508	4031	0
509	4181	0
510	4050	0
511	4092	0
512	3955	0
513	3907	0
514	3741	0
515	3643	0
516	3622	0
517	3607	0
518	3445	0
519	3508	0
520	3290	0
521	3354	0
522	3300	0
523	3327	0
524	3246	0
525	3212	0
526	3069	0
527	3060	0
528	2936	0
529	2922	0
530	2856	0
531	2853	0
532	2807	0
533	2692	0
534	2791	0
535	2612	0
536	2578	0
537	2517	0
538	2635	0
539	2443	0
540	2428	0
541	2443	0
542	2356	0
543	2423	0
544	2224	0
545	2187	0
546	2242	0
547	2250	0
548	2142	0
549	2019	0
550	2059	0
551	1899	0
552	1979	0
553	1982	0
554	1913	0
555	1775	0
556	1773	0
557	1793	0
558	1872	0
559	1778	0
560	1691	0
561	1619	0
562	1566	0
563	1626	0
564	1558	0
565	1497	0
566	1509	0
567	1487	0
568	1366	0
569	1463	0
570	1443	0
571	1374	0
572	1332	0
573	1332	0
574	1318	0
575	1281	0
576	1350	0
577	1233	0
578	1174	0
579	1166	0
580	1164	0
581	1167	0
582	1144	0
583	1161	0
584	1113	0
585	1096	0
586	1034	0
587	983	0
588	949	0
589	931	0
590	981	0
591	975	0
592	875	0
593	879	0
594	855	0
595	867	0
596	879	0
597	849	0
598	840	0
599	779	0
600	775	0
601	772	0
602	760	0
603	737	0
604	644	0
605	722	0
606	685	0
607	722	0
608	701	0
609	705	0
610	644	0
611	657	0
612	602	0
613	601	0
614	600	0
615	647	0
616	577	0
617	529	0
618	511	0
619	526	0
620	537	0
621	439	0
622	503	0
623	457	0
624	472	0
625	430	0
626	400	0
627	450	0
628	428	0
629	483	0
630	383	0
631	403	0
632	415	0
633	418	0
634	371	0
635	389	0
636	395	0
637	309	0
638	360	0
639	392	0
640	383	0
641	293	0
642	288	0
643	294	0
644	287	0
645	278	0
646	305	0
647	312	0
648	294	0
649	267	0
650	293	0
651	287	0
652	282	0
653	236	0
654	213	0
655	218	0
656	208	0
657	245	0
658	252	0
659	205	0
660	205	0
661	238	0
662	217	0
663	230	0
664	183	0
665	219	0
666	200	0
667	200	0
668	192	0
669	177	0
670	178	0
671	171	0
672	159	0
673	144	0
674	172	0
675	195	0
676	166	0
677	149	0
678	151	0
679	131	0
680	130	0
681	135	0
682	123	0
683	144	0
684	101	0
685	117	0
686	116	0
687	105	0
688	123	0
689	107	0
690	118	0
691	83	0
692	120	0
693	102	0
694	104	0
695	99	0
696	88	0
697	99	0
698	106	0
699	97	0
700	100	0
701	75	0
702	98	0
703	97	0
704	97	0
705	99	0
706	70	0
707	70	0
708	65	0
709	68	0
710	59	0
711	67	0
712	60	0
713	72	0
714	66	0
715	63	0
716	42	0
717	73	0
718	55	0
719	47	0
720	59	0
721	41	0
722	46	0
723	53	0
724	53	0
725	66	0
726	67	0
727	49	0
728	52	0
729	46	0
730	32	0
731	60	0
732	43	0
733	31	0
734	34	0
735	63	0
736	39	0
737	44	0
738	22	0
739	30	0
740	27	0
741	43	0
742	39	0
743	52	0
744	55	0
745	34	0
746	42	0
747	35	0
748	19	0
749	38	0
750	39	0
751	31	0
752	29	0
753	16	0
754	25	0
755	28	0
756	13	0
757	22	0
758	18	0
759	17	0
760	25	0
761	36	0
762	34	0
763	20	0
764	23	0
765	23	0
766	12	0
767	15	0
768	9	0
769	12	0
770	17	0
771	17	0
772	15	0
773	8	0
774	7	0
775	6	0
776	10	0
777	13	0
778	8	0
779	9	0
780	7	0
781	12	0
782	10	0
783	4	0
784	8	0
785	6	0
786	10	0
787	4	0
788	4	0
789	7	0
790	12	0
791	2	0
792	8	0
793	1	0
794	3	0
795	4	0
796	2	0
797	3	0
798	3	0
799	6	0
800	9	0
801	1	0
802	3	0
803	4	0
804	4	0
805	1	0
806	6	0
807	8	0
808	1	0
809	5	0
810	6	0
811	1	0
812	1	0
813	3	0
814	3	0
815	4	0
816	1	0
817	1	0
818	5	0
819	1	0
820	3	0
821	4	0
822	1	0
823	1	0
824	2	0
826	1	0
827	1	0
828	1	0
829	5	0
830	1	0
834	2	0
835	1	0
836	1	0
837	1	0
838	1	0
840	1	0
842	1	0
843	2	0
844	1	0
849	1	0
850	1	0
852	2	0
853	1	0
857	2	0
861	2	0
863	1	0
864	1	0
870	2	0
872	1	0
877	1	0
879	1	0
890	2	0
895	1	0
898	2	0
901	1	0
903	1	0
2118	0	1
2196	0	1
2297	0	1
2458	0	1
3034	0	1
3990	0	1
12662	0	1
15699	0	1
15830	0	1
15841	0	2
15843	0	3
15864	0	1
15871	0	2
15888	0	1
15919	0	3
15924	0	1
15933	0	1
15936	0	1
15974	0	1
15977	0	1
15984	0	1
15987	0	1
15995	0	1
16005	0	2
16007	0	1
16013	0	1
16018	0	1
16026	0	2
16027	0	3
16034	0	2
16058	0	1
16063	0	1
16095	0	1
16101	0	1
16104	0	1
16111	0	1
16116	0	2
16117	0	1
16119	0	2
16125	0	1
16126	0	1
16127	0	1
25886	0	1

