# Position (bp)	A	C	G	T	N
0.0	35.339595183553094	10.428659046527052	19.26297353081901	34.954876369068934	0.013895870031907443
1.0	34.785681222696866	13.807927778549397	11.539818215961029	39.84843225840596	0.018140524386748187
2.0	32.69156219130549	12.719496315344506	18.894743049311334	35.69243879302447	0.0017596510141903094
3.0	33.37315831029444	12.02825569690374	18.46452180879229	36.1332246558539	8.395281556251475E-4
4.0	33.53919683080136	12.890511558757971	17.40720661714749	36.163084993293175	0.0
5.0	32.43175845015311	12.382858957389312	16.235682015211445	38.949700577246126	0.0
6.0	35.868336732191054	11.425615521895029	14.547632678358092	38.15820014834798	2.1491920784003782E-4
7.0	38.045152645024125	10.78287948217366	12.146333652936105	39.0243044072676	0.0013298125985102337
8.0	38.10245547881447	10.809851842757585	12.139133859473464	38.94531488216114	0.00324393679333557
9.0	38.3257901168865	10.85766465027675	11.834761247595257	38.98155563358317	2.2835165833004015E-4
10.0	38.326025184770074	10.954109644794965	11.922569176448402	38.79729599398656	0.0
11.0	38.36168162459578	10.942369683066703	11.673921085427967	39.022027606909546	0.0
12.0	38.22951302799941	10.887189176453774	12.020061902104837	38.86323589344198	0.0
13.0	38.34416570915682	10.941442843982893	11.510266824883024	39.20412462197726	0.0
14.0	38.19344689843375	11.008148393116244	11.750727837329801	39.04636720719743	0.0013096639227752301
15.0	38.181760666507444	10.95907293525102	11.579403647555067	39.265101230976626	0.014661519709837577
16.0	38.188275404995096	11.017792892568066	11.739894566009614	39.05383564966987	2.0148675735003543E-4
17.0	38.18502475197652	11.05901036689664	11.480654987777813	39.27529646089854	1.3432450490002364E-5
18.0	38.149784718115995	11.039882557398876	11.740378134227255	39.06995459025787	0.0
19.0	38.21501269769545	11.055108240029293	11.48994352729165	39.153846959793185	0.08608857519042513
20.0	38.132396284275764	11.068146461960547	11.757802514466315	39.04165473929737	0.0
21.0	38.2829116800383	11.069129449511692	11.597636267964322	39.05032260248568	0.0
22.0	38.23728973862913	11.155902593449442	11.706516964759942	38.90029070316149	0.0
23.0	38.359092233716055	11.125263992172973	11.597497436828968	38.91779029465416	3.56042627841808E-4
24.0	38.27582208308929	11.148951202205023	11.789634981631309	38.785591733074384	0.0
25.0	38.380355623038426	11.189563155411173	11.540047486014188	38.88247483608778	0.007558899448428787
26.0	38.308764445228114	11.215075733333835	11.660311373311853	38.81521679383301	6.316542931862376E-4
27.0	38.383785434834984	11.136061903413013	11.595707110673386	38.86980841003888	0.014637141039741048
28.0	38.38397518330801	11.175650724712979	11.642657433040561	38.711174938281225	0.0865417206572251
29.0	38.359541089178165	11.226701238843043	11.590773842833322	38.821363846545836	0.0016199825996391806
30.0	38.332672682088976	11.222651660471156	11.798251900672115	38.637240076986934	0.00918367978081797
31.0	38.40720494206405	11.266258333540103	11.61768464506467	38.708744492300504	1.0758703067931594E-4
32.0	38.408478987010916	11.258652765300244	11.774634193977166	38.55822732828541	6.72542626760498E-6
33.0	38.366514359654694	11.253760756237073	11.711193024955021	38.66845113818582	8.072096739236162E-5
34.0	38.422595723242274	11.308976583761067	11.703234803989114	38.56441914766268	7.737413448620345E-4
35.0	38.40813010854784	11.318311459493573	11.641753700032659	38.631804731925925	0.0
36.0	38.42353940902417	11.293615519180475	11.775944484039808	38.506900587755545	0.0
37.0	38.46357651744424	11.324398337410447	11.565820173051302	38.645935648314854	2.6932377916204215E-4
38.0	38.400013200711086	11.346617334621525	11.65771633759741	38.59531637423611	3.367528338592852E-4
39.0	38.43156185248727	11.325563713988988	11.610057499045837	38.63279672273293	2.0211744977634022E-5
40.0	38.45616071653027	11.319215908498888	11.641952153269994	38.58267122170085	0.0
41.0	38.485717510476576	11.348151366489168	11.562362077119094	38.603769045915165	0.0
42.0	38.38887433421354	11.394503081349184	11.702563802315552	38.513343789316174	7.149928055535245E-4
43.0	38.50139738263558	11.331236573296826	11.544592681890874	38.59557072826533	0.02720263391139324
44.0	38.45131899999102	11.362756342250448	11.65245109632926	38.5250677076332	0.008405853796073448
45.0	38.4728546807319	11.365966492340839	11.57332814163606	38.587837174628625	1.3510662581132375E-5
46.0	38.44474390743507	11.417878553375207	11.616146425010534	38.52123111417919	0.0
47.0	38.47655707070704	11.4321999490438	11.527842585247308	38.56340039500186	0.0
48.0	38.43830789424562	11.436259745491359	11.667727220859362	38.45770513940366	0.0
49.0	38.50229154424643	11.443159489149672	11.524088915763771	38.52436443748732	0.006095613352806786
50.0	38.41960081712999	11.462417720867784	11.607406170796814	38.51057529120541	0.0
51.0	38.54079342439496	11.412359297054754	11.556618524632265	38.48828865521176	0.0019400987062526396
52.0	38.435923165916215	11.456370070229372	11.581831069300586	38.51888263058698	0.0069930639668460874
53.0	38.52158134952469	11.478544368196081	11.475323276323406	38.524537414850876	1.3591104947998053E-5
54.0	38.42607214029318	11.502406832715348	11.586290736358782	38.47778875717617	0.007441533456529031
55.0	38.51604248672043	11.478717930193772	11.474006050407718	38.52164635530992	0.00958717736816048
56.0	38.45743077539492	11.478501590341498	11.59824583240005	38.43613624518539	0.029685556678145993
57.0	38.49190177310443	11.501676803553305	11.523111118875354	38.48055339157608	0.0027569128908333466
58.0	38.50388849941684	11.497693149574188	11.56893909202963	38.4215197726962	0.007959486283140586
59.0	38.460814410352945	11.537950861371755	11.499520371340594	38.50111922474661	5.951321880937854E-4
60.0	38.428311471504365	11.531754598258496	11.583655008105287	38.45627892213185	0.0
61.0	38.4835904265061	11.551618952345036	11.4586121399853	38.50593840162727	2.4007953629254914E-4
62.0	38.46584194150865	11.559746960450617	11.554313182880207	38.41476031064446	0.0053376045160668075
63.0	38.46833518606657	11.557746179262294	11.526718229477764	38.44535661571616	0.001843789477218261
64.0	38.46074549302351	11.574652388257908	11.51854085481921	38.444124957759584	0.0019363061397855922
65.0	38.53714073522926	11.549867582534008	11.499861612186962	38.407214940086014	0.0059151299637568875
66.0	38.5267845722081	11.555736400287907	11.52084734899215	38.39629979692995	3.318815818859033E-4
67.0	38.57046560470263	11.560325501751477	11.435144774804215	38.433606976707786	4.571420338914022E-4
68.0	38.54615949972724	11.576340373453034	11.439111369507986	38.438388757311735	0.0
69.0	38.54377591678982	11.571012716792264	11.438723144890108	38.43619764198323	0.010290579544580668
70.0	38.52726687610487	11.613250775917873	11.459122729804031	38.40029691351655	6.270465667772195E-5
71.0	38.5600244533687	11.59418104220196	11.418209507084907	38.42384968662837	0.003735310716061857
72.0	38.51851675632438	11.630829585360203	11.48152872383308	38.367326719025755	0.0017982154565784492
73.0	38.520779826708136	11.654755448760676	11.448023486333032	38.374063880239504	0.0023773579586475763
74.0	38.510979297358986	11.623110700988477	11.503792287131205	38.35504647302852	0.007071241492807964
75.0	38.538898288865944	11.633944317749101	11.469698391800627	38.3564231720286	0.001035829555726362
76.0	38.523281157235026	11.637117040031942	11.485153788703615	38.35408066295001	3.673510794046313E-4
77.0	38.53033514478319	11.632461606293859	11.431973240830752	38.403161803375355	0.002068204716852504
78.0	38.54683851651984	11.6296227011801	11.481061907835066	38.34036046197733	0.0021164124876575153
79.0	38.56057331680805	11.629958036597317	11.41898374114884	38.388647497660685	0.0018374077850967854
80.0	38.463893239572364	11.655566144487036	11.453473335784112	38.42691014844447	1.571317120149978E-4
81.0	38.53560907376241	11.622906037056323	11.44046053519974	38.398481235041714	0.0025431189398102487
82.0	38.52378511242919	11.664972960341403	11.412066748556684	38.39134978118349	0.007825397489233072
83.0	38.501908730563514	11.679037701348456	11.433287064354012	38.37925688727154	0.006509616462481217
84.0	38.53936886623353	11.676670484188818	11.4666633684664	38.31643656656774	8.607145435153404E-4
85.0	38.54397767382016	11.693635714920255	11.413731076716196	38.3486555345434	0.0
86.0	38.5263592158652	11.71280584674105	11.45997285643519	38.300650852659444	2.1122829911471308E-4
87.0	38.51463788193924	11.721044993804169	11.468525538160112	38.29576234323083	2.9242865654619827E-5
88.0	38.51590580573799	11.703990498142957	11.459560157487527	38.32054353863153	0.0
89.0	38.51637667260624	11.72586793388147	11.44727705804027	38.31047833547201	0.0
90.0	38.534532629113414	11.748623469161796	11.475577578437711	38.240925986991904	3.403362951715972E-4
91.0	38.46203973154059	11.79715686970933	11.42418512416738	38.316417652267134	2.0062231556196094E-4
92.0	38.49275672086986	11.78026182555471	11.43912111058837	38.28786034298706	0.0
93.0	38.53221889766708	11.748084282570796	11.423527834802995	38.29616898495914	0.0
94.0	38.50803426765186	11.752511537133634	11.39051306879018	38.33667943850507	0.012261687919254829
95.0	38.51366258522205	11.746263755168725	11.38209819156963	38.35619683544175	0.0017786325978548783
96.0	38.46032184730705	11.759751612199656	11.386908213806251	38.39266077435641	3.575523306363998E-4
97.0	38.16198835758644	11.842469981159676	11.421741165763342	38.573800495490545	0.0
98.0	37.58275328449705	12.044605309923789	11.16807629280383	39.20421912792947	3.459848458637512E-4
99.0	35.90761588502861	12.624518701368178	10.40455468966236	41.0604981013553	0.0028126225855418917
100.0	0.0	20.521968530705088	12.584097309936348	66.89393415935857	0.0
