#Coverage	Number of genomic locations
0.0	1.639019465E9
1.0	6.55293127E8
2.0	2.94289026E8
3.0	9.5895058E7
4.0	2.9624621E7
5.0	8152789.0
6.0	2212091.0
7.0	598259.0
8.0	182088.0
9.0	64964.0
10.0	31266.0
11.0	18955.0
12.0	13452.0
13.0	10153.0
14.0	8432.0
15.0	7199.0
16.0	6282.0
17.0	5223.0
18.0	4541.0
19.0	4353.0
20.0	4138.0
21.0	3902.0
22.0	3528.0
23.0	3746.0
24.0	3593.0
25.0	3355.0
26.0	3491.0
27.0	3340.0
28.0	2808.0
29.0	2767.0
30.0	2730.0
31.0	2454.0
32.0	2392.0
33.0	2248.0
34.0	2069.0
35.0	1996.0
36.0	1738.0
37.0	1586.0
38.0	1350.0
39.0	1285.0
40.0	1076.0
41.0	1158.0
42.0	947.0
43.0	1041.0
44.0	923.0
45.0	1055.0
46.0	1024.0
47.0	1066.0
48.0	993.0
49.0	844.0
50.0	805.0
51.0	807.0
52.0	759.0
53.0	774.0
54.0	738.0
55.0	676.0
56.0	685.0
57.0	628.0
58.0	612.0
59.0	506.0
60.0	532.0
61.0	468.0
62.0	429.0
63.0	387.0
64.0	328.0
65.0	319.0
66.0	296.0
67.0	319.0
68.0	266.0
69.0	274.0
70.0	203.0
71.0	222.0
72.0	214.0
73.0	189.0
74.0	183.0
75.0	156.0
76.0	163.0
77.0	143.0
78.0	170.0
79.0	125.0
80.0	120.0
81.0	155.0
82.0	145.0
83.0	114.0
84.0	110.0
85.0	118.0
86.0	98.0
87.0	93.0
88.0	87.0
89.0	87.0
90.0	97.0
91.0	87.0
92.0	125.0
93.0	145.0
94.0	86.0
95.0	88.0
96.0	97.0
97.0	92.0
98.0	82.0
99.0	86.0
100.0	69.0
101.0	60.0
102.0	62.0
103.0	66.0
104.0	62.0
105.0	50.0
106.0	35.0
107.0	49.0
108.0	48.0
109.0	43.0
110.0	63.0
111.0	59.0
112.0	56.0
113.0	72.0
114.0	57.0
115.0	72.0
116.0	63.0
117.0	52.0
118.0	47.0
119.0	45.0
120.0	36.0
121.0	57.0
122.0	48.0
123.0	36.0
124.0	49.0
125.0	39.0
126.0	62.0
127.0	65.0
128.0	53.0
129.0	54.0
130.0	54.0
131.0	44.0
132.0	46.0
133.0	38.0
134.0	44.0
135.0	30.0
136.0	47.0
137.0	35.0
138.0	40.0
139.0	47.0
140.0	56.0
141.0	39.0
142.0	40.0
143.0	39.0
144.0	49.0
145.0	48.0
146.0	35.0
147.0	28.0
148.0	22.0
149.0	24.0
150.0	54.0
151.0	27.0
152.0	44.0
153.0	37.0
154.0	54.0
155.0	44.0
156.0	32.0
157.0	32.0
158.0	41.0
159.0	32.0
160.0	47.0
161.0	40.0
162.0	43.0
163.0	36.0
164.0	44.0
165.0	40.0
166.0	30.0
167.0	37.0
168.0	38.0
169.0	40.0
170.0	40.0
171.0	34.0
172.0	25.0
173.0	39.0
174.0	37.0
175.0	51.0
176.0	48.0
177.0	66.0
178.0	62.0
179.0	53.0
180.0	51.0
181.0	35.0
182.0	67.0
183.0	54.0
184.0	54.0
185.0	44.0
186.0	43.0
187.0	42.0
188.0	31.0
189.0	41.0
190.0	48.0
191.0	57.0
192.0	45.0
193.0	26.0
194.0	52.0
195.0	34.0
196.0	36.0
197.0	25.0
198.0	34.0
199.0	20.0
200.0	49.0
201.0	32.0
202.0	26.0
203.0	23.0
204.0	32.0
205.0	46.0
206.0	20.0
207.0	28.0
208.0	18.0
209.0	18.0
210.0	21.0
211.0	17.0
212.0	20.0
213.0	17.0
214.0	32.0
215.0	28.0
216.0	35.0
217.0	21.0
218.0	25.0
219.0	19.0
220.0	10.0
221.0	22.0
222.0	21.0
223.0	20.0
224.0	24.0
225.0	28.0
226.0	19.0
227.0	19.0
228.0	25.0
229.0	25.0
230.0	29.0
231.0	21.0
232.0	27.0
233.0	21.0
234.0	23.0
235.0	29.0
236.0	24.0
237.0	22.0
238.0	15.0
239.0	26.0
240.0	15.0
241.0	18.0
242.0	29.0
243.0	21.0
244.0	27.0
245.0	30.0
246.0	18.0
247.0	20.0
248.0	20.0
249.0	21.0
250.0	20.0
251.0	21.0
252.0	25.0
253.0	20.0
254.0	34.0
255.0	17.0
256.0	18.0
257.0	17.0
258.0	11.0
259.0	17.0
260.0	16.0
261.0	10.0
262.0	17.0
263.0	9.0
264.0	11.0
265.0	7.0
266.0	13.0
267.0	17.0
268.0	12.0
269.0	15.0
270.0	10.0
271.0	9.0
272.0	15.0
273.0	12.0
274.0	17.0
275.0	17.0
276.0	14.0
277.0	11.0
278.0	23.0
279.0	13.0
280.0	11.0
281.0	7.0
282.0	12.0
283.0	14.0
284.0	7.0
285.0	10.0
286.0	11.0
287.0	13.0
288.0	14.0
289.0	11.0
290.0	12.0
291.0	8.0
292.0	6.0
293.0	13.0
294.0	14.0
295.0	11.0
296.0	17.0
297.0	18.0
298.0	11.0
299.0	9.0
300.0	14.0
301.0	9.0
302.0	16.0
303.0	9.0
304.0	12.0
305.0	11.0
306.0	13.0
307.0	18.0
308.0	9.0
309.0	13.0
310.0	11.0
311.0	16.0
312.0	21.0
313.0	17.0
314.0	17.0
315.0	10.0
316.0	12.0
317.0	16.0
318.0	13.0
319.0	13.0
320.0	12.0
321.0	12.0
322.0	13.0
323.0	13.0
324.0	9.0
325.0	20.0
326.0	14.0
327.0	14.0
328.0	18.0
329.0	10.0
330.0	11.0
331.0	13.0
332.0	12.0
333.0	17.0
334.0	11.0
335.0	15.0
336.0	15.0
337.0	8.0
338.0	10.0
339.0	13.0
340.0	16.0
341.0	15.0
342.0	19.0
343.0	10.0
344.0	17.0
345.0	15.0
346.0	16.0
347.0	8.0
348.0	20.0
349.0	8.0
350.0	23.0
351.0	14.0
352.0	23.0
353.0	11.0
354.0	6.0
355.0	7.0
356.0	17.0
357.0	14.0
358.0	13.0
359.0	17.0
360.0	9.0
361.0	14.0
362.0	12.0
363.0	14.0
364.0	19.0
365.0	10.0
366.0	3.0
367.0	10.0
368.0	11.0
369.0	16.0
370.0	14.0
371.0	14.0
372.0	10.0
373.0	13.0
374.0	8.0
375.0	13.0
376.0	15.0
377.0	11.0
378.0	20.0
379.0	13.0
380.0	10.0
381.0	9.0
382.0	10.0
383.0	12.0
384.0	21.0
385.0	13.0
386.0	15.0
387.0	12.0
388.0	10.0
389.0	7.0
390.0	18.0
391.0	18.0
392.0	7.0
393.0	15.0
394.0	15.0
395.0	8.0
396.0	14.0
397.0	11.0
398.0	11.0
399.0	12.0
400.0	21.0
401.0	15.0
402.0	16.0
403.0	13.0
404.0	12.0
405.0	22.0
406.0	9.0
407.0	15.0
408.0	12.0
409.0	16.0
410.0	14.0
411.0	9.0
412.0	9.0
413.0	17.0
414.0	14.0
415.0	4.0
416.0	9.0
417.0	9.0
418.0	10.0
419.0	8.0
420.0	12.0
421.0	15.0
422.0	6.0
423.0	8.0
424.0	16.0
425.0	10.0
426.0	16.0
427.0	19.0
428.0	9.0
429.0	10.0
430.0	11.0
431.0	8.0
432.0	10.0
433.0	15.0
434.0	17.0
435.0	8.0
436.0	15.0
437.0	12.0
438.0	16.0
439.0	16.0
440.0	14.0
441.0	12.0
442.0	13.0
443.0	12.0
444.0	15.0
445.0	10.0
446.0	11.0
447.0	10.0
448.0	7.0
449.0	10.0
450.0	12.0
451.0	7.0
452.0	8.0
453.0	10.0
454.0	15.0
455.0	17.0
456.0	8.0
457.0	10.0
458.0	12.0
459.0	6.0
460.0	13.0
461.0	9.0
462.0	11.0
463.0	7.0
464.0	10.0
465.0	8.0
466.0	9.0
467.0	6.0
468.0	15.0
469.0	6.0
470.0	11.0
471.0	8.0
472.0	11.0
473.0	9.0
474.0	5.0
475.0	10.0
476.0	8.0
477.0	13.0
478.0	13.0
479.0	12.0
480.0	5.0
481.0	3.0
482.0	11.0
483.0	13.0
484.0	8.0
485.0	9.0
486.0	12.0
487.0	5.0
488.0	8.0
489.0	9.0
490.0	4.0
491.0	15.0
492.0	4.0
493.0	7.0
494.0	6.0
495.0	4.0
496.0	10.0
497.0	9.0
498.0	7.0
499.0	7.0
500.0	10.0
501.0	4.0
502.0	11.0
503.0	10.0
504.0	5.0
505.0	6.0
506.0	5.0
507.0	3.0
508.0	6.0
509.0	9.0
510.0	12.0
511.0	10.0
512.0	9.0
513.0	8.0
514.0	4.0
515.0	8.0
516.0	6.0
517.0	11.0
518.0	6.0
519.0	13.0
520.0	10.0
521.0	7.0
522.0	7.0
523.0	11.0
524.0	10.0
525.0	8.0
526.0	5.0
527.0	4.0
528.0	8.0
529.0	4.0
530.0	4.0
531.0	10.0
532.0	11.0
533.0	11.0
534.0	14.0
535.0	14.0
536.0	10.0
537.0	11.0
538.0	8.0
539.0	12.0
540.0	5.0
541.0	6.0
542.0	10.0
543.0	10.0
544.0	8.0
545.0	6.0
546.0	7.0
547.0	11.0
548.0	6.0
549.0	10.0
550.0	7.0
551.0	10.0
552.0	4.0
553.0	8.0
554.0	7.0
555.0	8.0
556.0	9.0
557.0	5.0
558.0	2.0
559.0	6.0
560.0	4.0
561.0	5.0
562.0	1.0
563.0	4.0
564.0	10.0
565.0	10.0
566.0	5.0
567.0	12.0
568.0	14.0
569.0	5.0
570.0	5.0
571.0	7.0
572.0	11.0
573.0	8.0
574.0	10.0
575.0	7.0
576.0	5.0
577.0	7.0
578.0	5.0
579.0	5.0
580.0	11.0
581.0	5.0
582.0	10.0
583.0	12.0
584.0	9.0
585.0	5.0
586.0	9.0
587.0	13.0
588.0	14.0
589.0	12.0
590.0	7.0
591.0	11.0
592.0	4.0
593.0	6.0
594.0	8.0
595.0	7.0
596.0	8.0
597.0	7.0
598.0	9.0
599.0	5.0
600.0	6.0
601.0	5.0
602.0	5.0
603.0	5.0
604.0	3.0
605.0	2.0
606.0	9.0
607.0	8.0
608.0	5.0
609.0	5.0
610.0	3.0
611.0	7.0
612.0	8.0
613.0	5.0
614.0	3.0
615.0	7.0
616.0	12.0
617.0	6.0
618.0	6.0
619.0	6.0
620.0	12.0
621.0	10.0
622.0	4.0
623.0	11.0
624.0	4.0
625.0	6.0
626.0	6.0
627.0	9.0
628.0	3.0
629.0	7.0
630.0	8.0
631.0	13.0
632.0	6.0
633.0	7.0
634.0	7.0
635.0	7.0
636.0	11.0
637.0	8.0
638.0	7.0
639.0	6.0
640.0	22.0
641.0	11.0
642.0	6.0
643.0	3.0
644.0	9.0
645.0	5.0
646.0	11.0
647.0	8.0
648.0	12.0
649.0	10.0
650.0	6.0
651.0	6.0
652.0	13.0
653.0	4.0
654.0	7.0
655.0	10.0
656.0	6.0
657.0	3.0
658.0	3.0
659.0	2.0
660.0	2.0
661.0	3.0
662.0	4.0
663.0	3.0
664.0	5.0
665.0	8.0
666.0	4.0
667.0	2.0
668.0	4.0
669.0	5.0
670.0	4.0
671.0	4.0
672.0	1.0
673.0	5.0
675.0	5.0
676.0	6.0
677.0	3.0
678.0	5.0
679.0	6.0
680.0	3.0
681.0	4.0
682.0	4.0
683.0	3.0
684.0	3.0
685.0	7.0
686.0	2.0
687.0	8.0
688.0	4.0
689.0	12.0
690.0	8.0
691.0	8.0
692.0	7.0
693.0	5.0
694.0	7.0
695.0	3.0
696.0	2.0
697.0	9.0
698.0	4.0
699.0	2.0
700.0	6.0
701.0	8.0
702.0	7.0
703.0	2.0
704.0	2.0
705.0	6.0
706.0	2.0
707.0	7.0
708.0	6.0
709.0	2.0
710.0	6.0
711.0	3.0
712.0	6.0
713.0	5.0
714.0	4.0
715.0	9.0
716.0	8.0
717.0	11.0
718.0	5.0
719.0	8.0
720.0	8.0
721.0	4.0
722.0	3.0
723.0	4.0
724.0	9.0
725.0	7.0
726.0	9.0
727.0	6.0
728.0	9.0
729.0	5.0
730.0	9.0
731.0	4.0
732.0	5.0
733.0	5.0
734.0	7.0
735.0	5.0
736.0	6.0
737.0	8.0
738.0	5.0
739.0	5.0
740.0	3.0
741.0	3.0
742.0	5.0
743.0	3.0
744.0	6.0
745.0	4.0
746.0	8.0
747.0	5.0
748.0	2.0
749.0	6.0
750.0	4.0
751.0	3.0
752.0	9.0
753.0	4.0
754.0	2.0
756.0	6.0
757.0	3.0
759.0	5.0
760.0	4.0
761.0	6.0
762.0	1.0
763.0	4.0
764.0	2.0
765.0	1.0
766.0	3.0
767.0	3.0
768.0	5.0
769.0	6.0
770.0	4.0
772.0	3.0
773.0	6.0
774.0	1.0
775.0	9.0
776.0	4.0
777.0	3.0
778.0	5.0
779.0	2.0
780.0	1.0
781.0	4.0
782.0	2.0
783.0	3.0
784.0	3.0
785.0	8.0
786.0	5.0
787.0	2.0
788.0	10.0
789.0	4.0
790.0	7.0
791.0	9.0
792.0	9.0
793.0	4.0
794.0	9.0
795.0	5.0
796.0	5.0
797.0	5.0
798.0	10.0
799.0	7.0
801.0	2.0
802.0	11.0
803.0	9.0
804.0	5.0
805.0	6.0
806.0	2.0
807.0	2.0
808.0	3.0
809.0	4.0
810.0	10.0
811.0	3.0
813.0	1.0
814.0	2.0
815.0	1.0
816.0	2.0
817.0	2.0
818.0	1.0
819.0	4.0
820.0	2.0
821.0	3.0
822.0	6.0
824.0	1.0
825.0	2.0
826.0	3.0
827.0	1.0
828.0	2.0
829.0	2.0
830.0	2.0
832.0	1.0
833.0	4.0
834.0	4.0
835.0	2.0
837.0	2.0
838.0	1.0
839.0	1.0
840.0	2.0
841.0	4.0
842.0	2.0
843.0	2.0
844.0	1.0
845.0	2.0
846.0	1.0
847.0	2.0
848.0	3.0
849.0	3.0
850.0	4.0
851.0	7.0
852.0	6.0
853.0	5.0
854.0	1.0
855.0	3.0
856.0	3.0
857.0	3.0
858.0	6.0
859.0	4.0
860.0	2.0
861.0	2.0
862.0	2.0
863.0	3.0
864.0	4.0
866.0	1.0
867.0	6.0
868.0	3.0
869.0	1.0
870.0	5.0
871.0	1.0
872.0	4.0
873.0	2.0
874.0	4.0
875.0	5.0
876.0	3.0
877.0	10.0
878.0	4.0
879.0	2.0
880.0	2.0
881.0	3.0
882.0	1.0
883.0	6.0
884.0	1.0
885.0	4.0
886.0	1.0
887.0	3.0
888.0	1.0
889.0	4.0
890.0	3.0
892.0	1.0
893.0	2.0
894.0	2.0
895.0	2.0
896.0	1.0
897.0	4.0
898.0	3.0
899.0	1.0
900.0	2.0
901.0	2.0
902.0	6.0
903.0	1.0
904.0	3.0
905.0	1.0
906.0	1.0
907.0	1.0
908.0	2.0
909.0	6.0
910.0	1.0
911.0	2.0
912.0	3.0
913.0	3.0
914.0	2.0
915.0	3.0
916.0	5.0
917.0	3.0
918.0	2.0
919.0	3.0
921.0	3.0
922.0	3.0
923.0	1.0
924.0	4.0
925.0	3.0
926.0	4.0
927.0	1.0
928.0	2.0
929.0	3.0
930.0	1.0
931.0	4.0
933.0	1.0
934.0	1.0
935.0	2.0
936.0	3.0
938.0	2.0
939.0	3.0
940.0	3.0
941.0	3.0
942.0	3.0
943.0	5.0
945.0	2.0
946.0	5.0
947.0	4.0
948.0	1.0
949.0	1.0
950.0	1.0
951.0	3.0
952.0	2.0
953.0	1.0
954.0	2.0
955.0	2.0
956.0	3.0
957.0	4.0
958.0	4.0
961.0	3.0
962.0	1.0
963.0	4.0
964.0	4.0
965.0	4.0
966.0	2.0
967.0	8.0
968.0	3.0
969.0	2.0
970.0	3.0
972.0	2.0
973.0	6.0
974.0	2.0
975.0	2.0
976.0	3.0
977.0	2.0
978.0	2.0
979.0	4.0
981.0	4.0
982.0	4.0
983.0	4.0
984.0	1.0
985.0	6.0
986.0	1.0
987.0	1.0
989.0	3.0
991.0	2.0
992.0	1.0
993.0	2.0
994.0	3.0
995.0	4.0
996.0	1.0
997.0	1.0
999.0	5.0
1000.0	4.0
1001.0	4.0
1002.0	2.0
1004.0	2.0
1005.0	2.0
1006.0	2.0
1007.0	3.0
1008.0	3.0
1009.0	4.0
1010.0	2.0
1011.0	1.0
1012.0	1.0
1013.0	1.0
1014.0	3.0
1015.0	2.0
1016.0	1.0
1017.0	2.0
1019.0	2.0
1020.0	1.0
1021.0	2.0
1022.0	1.0
1024.0	3.0
1025.0	3.0
1026.0	6.0
1027.0	1.0
1028.0	3.0
1029.0	5.0
1030.0	8.0
1031.0	4.0
1032.0	4.0
1034.0	4.0
1035.0	1.0
1036.0	4.0
1037.0	3.0
1038.0	2.0
1039.0	2.0
1040.0	1.0
1041.0	3.0
1042.0	2.0
1043.0	3.0
1044.0	5.0
1045.0	5.0
1046.0	2.0
1047.0	1.0
1048.0	4.0
1049.0	5.0
1050.0	2.0
1051.0	3.0
1052.0	4.0
1053.0	5.0
1054.0	2.0
1055.0	2.0
1056.0	2.0
1057.0	1.0
1058.0	2.0
1059.0	5.0
1060.0	2.0
1061.0	1.0
1062.0	1.0
1063.0	4.0
1065.0	4.0
1066.0	2.0
1067.0	1.0
1068.0	1.0
1069.0	3.0
1070.0	2.0
1071.0	4.0
1072.0	6.0
1073.0	3.0
1074.0	3.0
1075.0	4.0
1076.0	2.0
1077.0	1.0
1078.0	3.0
1079.0	6.0
1080.0	1.0
1081.0	2.0
1082.0	3.0
1083.0	4.0
1084.0	3.0
1085.0	4.0
1086.0	2.0
1087.0	5.0
1088.0	2.0
1089.0	3.0
1090.0	3.0
1091.0	6.0
1092.0	2.0
1093.0	4.0
1094.0	5.0
1095.0	1.0
1096.0	1.0
1098.0	3.0
1099.0	1.0
1101.0	4.0
1102.0	2.0
1103.0	3.0
1104.0	5.0
1105.0	1.0
1106.0	3.0
1107.0	2.0
1108.0	4.0
1109.0	6.0
1110.0	1.0
1111.0	2.0
1112.0	3.0
1113.0	3.0
1114.0	2.0
1115.0	3.0
1116.0	5.0
1117.0	2.0
1118.0	3.0
1119.0	4.0
1120.0	2.0
1121.0	3.0
1122.0	2.0
1123.0	3.0
1124.0	2.0
1125.0	3.0
1127.0	1.0
1128.0	2.0
1129.0	3.0
1130.0	5.0
1131.0	3.0
1132.0	5.0
1133.0	3.0
1134.0	2.0
1135.0	7.0
1136.0	4.0
1137.0	2.0
1138.0	5.0
1139.0	3.0
1140.0	5.0
1141.0	5.0
1142.0	3.0
1143.0	2.0
1144.0	4.0
1145.0	2.0
1146.0	4.0
1147.0	1.0
1148.0	1.0
1150.0	6.0
1151.0	6.0
1152.0	6.0
1153.0	4.0
1154.0	3.0
1155.0	5.0
1156.0	2.0
1157.0	3.0
1158.0	4.0
1159.0	4.0
1160.0	3.0
1161.0	1.0
1162.0	4.0
1163.0	4.0
1164.0	2.0
1165.0	2.0
1166.0	1.0
1167.0	3.0
1168.0	1.0
1169.0	5.0
1170.0	3.0
1171.0	3.0
1172.0	3.0
1173.0	2.0
1174.0	1.0
1175.0	1.0
1176.0	2.0
1177.0	3.0
1178.0	3.0
1180.0	3.0
1181.0	5.0
1182.0	3.0
1183.0	2.0
1185.0	1.0
1186.0	3.0
1187.0	1.0
1188.0	3.0
1189.0	2.0
1190.0	4.0
1191.0	1.0
1193.0	4.0
1194.0	3.0
1195.0	3.0
1196.0	1.0
1197.0	1.0
1198.0	2.0
1200.0	1.0
1201.0	2.0
1203.0	1.0
1204.0	1.0
1205.0	4.0
1206.0	4.0
1207.0	6.0
1208.0	4.0
1209.0	2.0
1211.0	3.0
1212.0	2.0
1213.0	2.0
1214.0	2.0
1216.0	4.0
1217.0	5.0
1218.0	4.0
1220.0	4.0
1221.0	3.0
1222.0	1.0
1223.0	4.0
1224.0	2.0
1225.0	1.0
1226.0	1.0
1227.0	4.0
1228.0	4.0
1229.0	2.0
1230.0	6.0
1231.0	2.0
1232.0	5.0
1233.0	1.0
1234.0	3.0
1235.0	4.0
1236.0	6.0
1237.0	3.0
1238.0	2.0
1239.0	2.0
1241.0	2.0
1242.0	2.0
1243.0	2.0
1244.0	4.0
1245.0	4.0
1246.0	3.0
1247.0	1.0
1249.0	2.0
1250.0	4.0
1252.0	2.0
1253.0	2.0
1254.0	3.0
1255.0	2.0
1256.0	4.0
1257.0	1.0
1258.0	1.0
1259.0	3.0
1260.0	2.0
1261.0	1.0
1262.0	2.0
1263.0	2.0
1264.0	3.0
1265.0	4.0
1266.0	2.0
1267.0	1.0
1268.0	2.0
1269.0	3.0
1270.0	2.0
1271.0	4.0
1272.0	3.0
1273.0	3.0
1274.0	3.0
1275.0	1.0
1277.0	1.0
1278.0	1.0
1279.0	3.0
1281.0	1.0
1282.0	4.0
1283.0	3.0
1285.0	4.0
1286.0	3.0
1287.0	5.0
1288.0	2.0
1289.0	4.0
1290.0	5.0
1291.0	5.0
1292.0	1.0
1294.0	2.0
1295.0	2.0
1296.0	5.0
1297.0	2.0
1298.0	2.0
1299.0	6.0
1300.0	2.0
1301.0	1.0
1302.0	2.0
1303.0	1.0
1304.0	2.0
1305.0	2.0
1306.0	2.0
1307.0	5.0
1308.0	3.0
1309.0	3.0
1310.0	4.0
1311.0	2.0
1312.0	3.0
1313.0	1.0
1314.0	3.0
1315.0	1.0
1316.0	1.0
1317.0	2.0
1318.0	2.0
1319.0	1.0
1320.0	3.0
1321.0	2.0
1322.0	1.0
1323.0	1.0
1326.0	4.0
1328.0	1.0
1329.0	1.0
1330.0	2.0
1331.0	2.0
1332.0	2.0
1333.0	2.0
1334.0	1.0
1335.0	3.0
1336.0	4.0
1337.0	1.0
1338.0	3.0
1339.0	3.0
1340.0	2.0
1341.0	2.0
1342.0	2.0
1343.0	2.0
1344.0	1.0
1346.0	4.0
1347.0	4.0
1348.0	1.0
1349.0	4.0
1350.0	3.0
1351.0	2.0
1352.0	1.0
1353.0	5.0
1354.0	2.0
1355.0	1.0
1356.0	1.0
1357.0	3.0
1358.0	1.0
1359.0	1.0
1360.0	3.0
1361.0	1.0
1362.0	2.0
1363.0	2.0
1364.0	1.0
1366.0	2.0
1367.0	2.0
1368.0	1.0
1369.0	4.0
1370.0	4.0
1371.0	1.0
1373.0	4.0
1374.0	1.0
1375.0	2.0
1376.0	3.0
1377.0	1.0
1378.0	3.0
1379.0	5.0
1380.0	2.0
1381.0	2.0
1382.0	2.0
1383.0	2.0
1384.0	2.0
1385.0	2.0
1386.0	5.0
1387.0	1.0
1388.0	1.0
1389.0	4.0
1391.0	2.0
1392.0	1.0
1393.0	1.0
1394.0	3.0
1395.0	2.0
1396.0	4.0
1397.0	4.0
1400.0	1.0
1401.0	1.0
1402.0	1.0
1403.0	2.0
1404.0	2.0
1405.0	2.0
1406.0	3.0
1407.0	3.0
1408.0	3.0
1409.0	2.0
1410.0	1.0
1411.0	1.0
1412.0	2.0
1417.0	4.0
1418.0	1.0
1419.0	2.0
1420.0	2.0
1421.0	3.0
1422.0	1.0
1424.0	3.0
1425.0	2.0
1426.0	1.0
1427.0	1.0
1428.0	1.0
1429.0	1.0
1430.0	2.0
1431.0	1.0
1433.0	3.0
1434.0	2.0
1435.0	2.0
1436.0	2.0
1438.0	3.0
1439.0	1.0
1440.0	2.0
1441.0	2.0
1442.0	3.0
1443.0	2.0
1444.0	2.0
1445.0	1.0
1446.0	3.0
1447.0	2.0
1448.0	2.0
1449.0	2.0
1450.0	1.0
1451.0	2.0
1453.0	4.0
1454.0	4.0
1455.0	3.0
1456.0	1.0
1458.0	1.0
1460.0	2.0
1461.0	1.0
1462.0	2.0
1463.0	3.0
1464.0	1.0
1465.0	4.0
1466.0	2.0
1467.0	1.0
1468.0	2.0
1469.0	5.0
1470.0	2.0
1471.0	1.0
1472.0	2.0
1473.0	3.0
1475.0	1.0
1476.0	3.0
1477.0	1.0
1478.0	2.0
1479.0	3.0
1480.0	4.0
1481.0	1.0
1482.0	2.0
1483.0	1.0
1484.0	3.0
1485.0	2.0
1486.0	1.0
1487.0	5.0
1488.0	1.0
1489.0	3.0
1492.0	4.0
1493.0	1.0
1494.0	4.0
1496.0	1.0
1497.0	1.0
1498.0	2.0
1499.0	3.0
1500.0	3.0
1501.0	3.0
1502.0	2.0
1503.0	1.0
1505.0	6.0
1506.0	3.0
1507.0	1.0
1508.0	2.0
1509.0	2.0
1512.0	1.0
1516.0	1.0
1517.0	2.0
1518.0	2.0
1519.0	1.0
1520.0	1.0
1521.0	6.0
1522.0	3.0
1523.0	2.0
1524.0	2.0
1525.0	1.0
1526.0	1.0
1527.0	1.0
1528.0	3.0
1529.0	2.0
1530.0	3.0
1531.0	1.0
1532.0	3.0
1533.0	2.0
1534.0	5.0
1536.0	1.0
1537.0	2.0
1538.0	3.0
1539.0	4.0
1540.0	7.0
1541.0	2.0
1542.0	2.0
1543.0	1.0
1544.0	1.0
1545.0	1.0
1546.0	1.0
1547.0	2.0
1549.0	1.0
1550.0	2.0
1551.0	3.0
1552.0	1.0
1553.0	2.0
1554.0	2.0
1555.0	2.0
1556.0	2.0
1558.0	1.0
1559.0	1.0
1561.0	3.0
1562.0	2.0
1565.0	3.0
1566.0	3.0
1567.0	2.0
1569.0	2.0
1570.0	1.0
1571.0	1.0
1572.0	1.0
1573.0	1.0
1574.0	3.0
1575.0	2.0
1576.0	2.0
1577.0	3.0
1579.0	3.0
1580.0	4.0
1581.0	2.0
1582.0	2.0
1583.0	2.0
1584.0	2.0
1585.0	3.0
1587.0	3.0
1588.0	5.0
1589.0	1.0
1590.0	2.0
1591.0	2.0
1592.0	3.0
1593.0	3.0
1594.0	3.0
1595.0	4.0
1596.0	3.0
1597.0	5.0
1598.0	6.0
1599.0	3.0
1600.0	3.0
1601.0	3.0
1603.0	1.0
1604.0	2.0
1605.0	6.0
1607.0	3.0
1608.0	2.0
1609.0	4.0
1610.0	2.0
1611.0	2.0
1612.0	4.0
1613.0	1.0
1615.0	5.0
1616.0	3.0
1618.0	1.0
1619.0	1.0
1622.0	3.0
1623.0	1.0
1624.0	1.0
1625.0	2.0
1626.0	3.0
1627.0	1.0
1628.0	1.0
1629.0	1.0
1630.0	1.0
1631.0	1.0
1632.0	1.0
1633.0	1.0
1635.0	1.0
1637.0	3.0
1638.0	2.0
1639.0	1.0
1640.0	2.0
1642.0	1.0
1643.0	2.0
1645.0	2.0
1648.0	2.0
1649.0	2.0
1650.0	1.0
1651.0	1.0
1652.0	1.0
1653.0	1.0
1654.0	1.0
1655.0	2.0
1657.0	1.0
1658.0	2.0
1660.0	2.0
1661.0	2.0
1662.0	1.0
1663.0	1.0
1664.0	1.0
1665.0	3.0
1666.0	1.0
1667.0	1.0
1668.0	1.0
1669.0	2.0
1671.0	1.0
1672.0	1.0
1673.0	1.0
1674.0	2.0
1677.0	3.0
1678.0	1.0
1680.0	2.0
1683.0	2.0
1684.0	2.0
1685.0	1.0
1687.0	3.0
1689.0	2.0
1693.0	1.0
1696.0	1.0
1698.0	1.0
1699.0	2.0
1700.0	2.0
1701.0	1.0
1703.0	1.0
1704.0	1.0
1707.0	2.0
1709.0	1.0
1710.0	2.0
1711.0	2.0
1712.0	1.0
1713.0	2.0
1715.0	1.0
1716.0	2.0
1718.0	2.0
1719.0	1.0
1720.0	1.0
1721.0	2.0
1722.0	2.0
1723.0	3.0
1725.0	1.0
1726.0	1.0
1727.0	4.0
1728.0	1.0
1729.0	1.0
1730.0	3.0
1732.0	3.0
1733.0	3.0
1734.0	1.0
1735.0	2.0
1737.0	2.0
1738.0	1.0
1739.0	1.0
1740.0	1.0
1742.0	4.0
1743.0	2.0
1745.0	5.0
1746.0	3.0
1747.0	2.0
1748.0	1.0
1749.0	1.0
1750.0	2.0
1751.0	1.0
1752.0	2.0
1753.0	1.0
1754.0	2.0
1755.0	2.0
1756.0	3.0
1757.0	3.0
1759.0	2.0
1760.0	1.0
1761.0	1.0
1762.0	1.0
1763.0	1.0
1764.0	1.0
1765.0	1.0
1767.0	3.0
1768.0	1.0
1769.0	1.0
1770.0	2.0
1771.0	3.0
1772.0	1.0
1773.0	3.0
1776.0	1.0
1778.0	1.0
1779.0	4.0
1780.0	1.0
1784.0	4.0
1786.0	1.0
1789.0	1.0
1790.0	1.0
1791.0	1.0
1792.0	2.0
1793.0	1.0
1794.0	3.0
1797.0	2.0
1800.0	1.0
1802.0	2.0
1803.0	1.0
1804.0	1.0
1806.0	2.0
1808.0	1.0
1810.0	1.0
1811.0	1.0
1814.0	1.0
1815.0	2.0
1816.0	2.0
1818.0	3.0
1819.0	2.0
1820.0	1.0
1823.0	1.0
1825.0	1.0
1826.0	1.0
1827.0	1.0
1828.0	1.0
1829.0	1.0
1830.0	1.0
1834.0	1.0
1836.0	2.0
1837.0	2.0
1838.0	1.0
1839.0	1.0
1840.0	1.0
1841.0	2.0
1843.0	1.0
1844.0	2.0
1845.0	2.0
1846.0	3.0
1847.0	1.0
1849.0	3.0
1853.0	2.0
1854.0	2.0
1855.0	2.0
1857.0	1.0
1859.0	1.0
1862.0	2.0
1865.0	2.0
1866.0	2.0
1869.0	1.0
1871.0	2.0
1873.0	1.0
1874.0	1.0
1876.0	1.0
1878.0	2.0
1880.0	1.0
1881.0	2.0
1883.0	2.0
1884.0	5.0
1886.0	2.0
1887.0	2.0
1888.0	1.0
1889.0	2.0
1890.0	1.0
1891.0	3.0
1892.0	2.0
1894.0	1.0
1897.0	2.0
1898.0	1.0
1900.0	5.0
1901.0	1.0
1902.0	2.0
1903.0	3.0
1904.0	1.0
1908.0	1.0
1909.0	2.0
1911.0	1.0
1913.0	2.0
1916.0	1.0
1917.0	2.0
1918.0	1.0
1919.0	1.0
1920.0	3.0
1921.0	2.0
1922.0	1.0
1924.0	3.0
1925.0	2.0
1927.0	2.0
1929.0	1.0
1930.0	2.0
1931.0	1.0
1933.0	2.0
1936.0	1.0
1937.0	3.0
1940.0	1.0
1941.0	3.0
1942.0	3.0
1944.0	1.0
1946.0	2.0
1949.0	3.0
1950.0	2.0
1952.0	2.0
1953.0	3.0
1955.0	1.0
1957.0	1.0
1958.0	1.0
1959.0	1.0
1961.0	2.0
1962.0	1.0
1963.0	2.0
1965.0	1.0
1968.0	1.0
1969.0	1.0
1970.0	1.0
1971.0	3.0
1974.0	3.0
1975.0	1.0
1976.0	2.0
1978.0	2.0
1979.0	3.0
1980.0	1.0
1981.0	2.0
1983.0	2.0
1984.0	2.0
1985.0	2.0
1986.0	2.0
1987.0	5.0
1988.0	2.0
1991.0	2.0
1992.0	1.0
1993.0	1.0
1995.0	1.0
1996.0	1.0
1998.0	2.0
1999.0	1.0
2000.0	2.0
2001.0	1.0
2003.0	1.0
2004.0	3.0
2007.0	1.0
2008.0	2.0
2010.0	2.0
2012.0	1.0
2013.0	1.0
2015.0	1.0
2016.0	1.0
2018.0	1.0
2019.0	1.0
2021.0	1.0
2023.0	1.0
2024.0	1.0
2025.0	1.0
2026.0	1.0
2027.0	2.0
2029.0	1.0
2030.0	1.0
2031.0	3.0
2032.0	2.0
2033.0	3.0
2034.0	1.0
2035.0	3.0
2037.0	2.0
2038.0	1.0
2041.0	2.0
2042.0	2.0
2043.0	1.0
2044.0	2.0
2047.0	1.0
2048.0	1.0
2049.0	1.0
2050.0	2.0
2051.0	2.0
2054.0	1.0
2055.0	1.0
2056.0	1.0
2057.0	5.0
2058.0	1.0
2059.0	2.0
2060.0	1.0
2061.0	3.0
2062.0	3.0
2063.0	1.0
2064.0	1.0
2065.0	2.0
2066.0	1.0
2067.0	1.0
2069.0	1.0
2070.0	5.0
2071.0	1.0
2072.0	2.0
2073.0	3.0
2074.0	1.0
2076.0	4.0
2079.0	2.0
2080.0	3.0
2081.0	3.0
2082.0	4.0
2083.0	1.0
2084.0	2.0
2085.0	3.0
2086.0	2.0
2089.0	3.0
2093.0	1.0
2094.0	1.0
2097.0	1.0
2099.0	1.0
2100.0	4.0
2103.0	2.0
2104.0	1.0
2105.0	2.0
2108.0	1.0
2109.0	3.0
2110.0	2.0
2111.0	1.0
2112.0	1.0
2115.0	1.0
2116.0	1.0
2119.0	1.0
2121.0	4.0
2122.0	2.0
2123.0	2.0
2124.0	2.0
2125.0	1.0
2126.0	1.0
2128.0	1.0
2131.0	3.0
2132.0	2.0
2134.0	1.0
2135.0	2.0
2136.0	2.0
2137.0	1.0
2141.0	1.0
2143.0	1.0
2144.0	3.0
2147.0	2.0
2149.0	2.0
2152.0	1.0
2157.0	2.0
2159.0	2.0
2160.0	2.0
2162.0	1.0
2163.0	2.0
2166.0	2.0
2167.0	1.0
2170.0	2.0
2171.0	3.0
2174.0	1.0
2175.0	1.0
2177.0	1.0
2178.0	2.0
2183.0	1.0
2184.0	2.0
2185.0	2.0
2186.0	1.0
2191.0	1.0
2192.0	1.0
2193.0	2.0
2194.0	1.0
2197.0	2.0
2198.0	2.0
2199.0	4.0
2201.0	2.0
2203.0	2.0
2205.0	2.0
2207.0	3.0
2209.0	1.0
2210.0	1.0
2213.0	2.0
2214.0	1.0
2215.0	1.0
2217.0	1.0
2220.0	1.0
2222.0	2.0
2223.0	1.0
2224.0	1.0
2228.0	1.0
2230.0	2.0
2231.0	2.0
2232.0	1.0
2234.0	1.0
2235.0	1.0
2238.0	1.0
2240.0	1.0
2241.0	1.0
2242.0	1.0
2243.0	1.0
2244.0	1.0
2246.0	1.0
2247.0	3.0
2248.0	1.0
2249.0	1.0
2250.0	2.0
2255.0	1.0
2256.0	2.0
2257.0	1.0
2258.0	1.0
2259.0	1.0
2260.0	1.0
2261.0	1.0
2263.0	2.0
2264.0	1.0
2265.0	1.0
2266.0	2.0
2267.0	1.0
2268.0	2.0
2272.0	3.0
2274.0	4.0
2275.0	2.0
2277.0	1.0
2278.0	1.0
2279.0	2.0
2280.0	1.0
2281.0	1.0
2282.0	2.0
2283.0	2.0
2284.0	3.0
2285.0	1.0
2286.0	2.0
2288.0	1.0
2289.0	1.0
2292.0	1.0
2293.0	2.0
2296.0	2.0
2297.0	2.0
2298.0	2.0
2300.0	3.0
2301.0	1.0
2303.0	1.0
2305.0	2.0
2307.0	1.0
2310.0	1.0
2311.0	1.0
2313.0	6.0
2314.0	1.0
2315.0	1.0
2317.0	2.0
2321.0	1.0
2322.0	1.0
2325.0	2.0
2326.0	1.0
2328.0	2.0
2329.0	1.0
2330.0	3.0
2332.0	1.0
2333.0	1.0
2335.0	3.0
2339.0	2.0
2343.0	2.0
2345.0	3.0
2347.0	3.0
2348.0	2.0
2349.0	2.0
2350.0	2.0
2351.0	2.0
2353.0	1.0
2354.0	1.0
2355.0	2.0
2356.0	1.0
2357.0	1.0
2358.0	2.0
2359.0	2.0
2360.0	2.0
2363.0	3.0
2364.0	2.0
2365.0	1.0
2367.0	2.0
2369.0	1.0
2370.0	3.0
2371.0	1.0
2372.0	6.0
2373.0	2.0
2375.0	2.0
2376.0	1.0
2378.0	2.0
2379.0	3.0
2380.0	1.0
2381.0	2.0
2382.0	2.0
2383.0	4.0
2385.0	2.0
2387.0	2.0
2388.0	2.0
2391.0	2.0
2393.0	1.0
2394.0	1.0
2395.0	2.0
2397.0	1.0
2398.0	2.0
2400.0	2.0
2401.0	2.0
2404.0	1.0
2406.0	1.0
2407.0	1.0
2410.0	1.0
2411.0	4.0
2412.0	1.0
2413.0	2.0
2414.0	1.0
2415.0	2.0
2418.0	1.0
2420.0	3.0
2421.0	1.0
2422.0	1.0
2423.0	3.0
2424.0	1.0
2425.0	2.0
2427.0	3.0
2429.0	1.0
2430.0	2.0
2431.0	1.0
2433.0	2.0
2434.0	1.0
2435.0	2.0
2437.0	3.0
2438.0	3.0
2439.0	3.0
2440.0	1.0
2441.0	4.0
2442.0	2.0
2443.0	3.0
2444.0	5.0
2445.0	3.0
2447.0	3.0
2448.0	1.0
2451.0	1.0
2453.0	2.0
2454.0	1.0
2455.0	3.0
2456.0	3.0
2457.0	2.0
2458.0	1.0
2463.0	1.0
2465.0	2.0
2466.0	2.0
2467.0	4.0
2468.0	1.0
2469.0	1.0
2470.0	1.0
2471.0	2.0
2472.0	3.0
2475.0	1.0
2477.0	3.0
2480.0	4.0
2481.0	1.0
2485.0	1.0
2487.0	1.0
2489.0	1.0
2491.0	1.0
2492.0	2.0
2494.0	5.0
2496.0	3.0
2498.0	3.0
2500.0	1.0
2501.0	2.0
2502.0	3.0
2503.0	2.0
2504.0	3.0
2505.0	3.0
2506.0	2.0
2507.0	3.0
2508.0	2.0
2509.0	1.0
2510.0	1.0
2511.0	2.0
2512.0	2.0
2515.0	1.0
2516.0	1.0
2517.0	2.0
2518.0	5.0
2519.0	3.0
2520.0	2.0
2521.0	1.0
2523.0	1.0
2524.0	1.0
2527.0	1.0
2528.0	1.0
2531.0	2.0
2532.0	1.0
2535.0	1.0
2536.0	2.0
2537.0	3.0
2540.0	1.0
2542.0	5.0
2543.0	1.0
2544.0	1.0
2545.0	1.0
2546.0	1.0
2547.0	1.0
2549.0	1.0
2550.0	1.0
2551.0	3.0
2554.0	1.0
2557.0	2.0
2558.0	1.0
2559.0	3.0
2560.0	1.0
2561.0	2.0
2564.0	1.0
2566.0	1.0
2568.0	2.0
2569.0	2.0
2570.0	2.0
2574.0	1.0
2575.0	1.0
2576.0	1.0
2578.0	3.0
2579.0	3.0
2582.0	1.0
2584.0	2.0
2586.0	1.0
2587.0	1.0
2588.0	1.0
2589.0	1.0
2590.0	1.0
2592.0	3.0
2593.0	1.0
2594.0	1.0
2595.0	1.0
2597.0	1.0
2599.0	2.0
2601.0	1.0
2602.0	3.0
2603.0	1.0
2604.0	1.0
2605.0	2.0
2606.0	1.0
2607.0	1.0
2609.0	2.0
2610.0	1.0
2613.0	1.0
2614.0	1.0
2615.0	1.0
2616.0	2.0
2618.0	1.0
2619.0	2.0
2622.0	1.0
2623.0	1.0
2624.0	1.0
2627.0	2.0
2629.0	1.0
2630.0	1.0
2631.0	2.0
2632.0	1.0
2633.0	1.0
2634.0	2.0
2635.0	1.0
2638.0	2.0
2639.0	3.0
2640.0	2.0
2642.0	1.0
2644.0	2.0
2645.0	1.0
2646.0	1.0
2648.0	1.0
2650.0	1.0
2651.0	2.0
2652.0	1.0
2653.0	3.0
2654.0	1.0
2656.0	1.0
2657.0	1.0
2660.0	2.0
2663.0	1.0
2665.0	1.0
2666.0	3.0
2667.0	2.0
2668.0	2.0
2669.0	2.0
2671.0	1.0
2673.0	1.0
2674.0	2.0
2675.0	1.0
2676.0	2.0
2677.0	3.0
2678.0	1.0
2679.0	4.0
2680.0	2.0
2682.0	1.0
2683.0	1.0
2684.0	2.0
2685.0	1.0
2688.0	1.0
2691.0	2.0
2692.0	2.0
2694.0	2.0
2695.0	2.0
2696.0	2.0
2697.0	1.0
2698.0	2.0
2699.0	1.0
2700.0	1.0
2701.0	1.0
2702.0	1.0
2703.0	1.0
2704.0	1.0
2705.0	1.0
2706.0	5.0
2707.0	2.0
2708.0	2.0
2709.0	1.0
2710.0	4.0
2711.0	1.0
2712.0	1.0
2713.0	1.0
2716.0	1.0
2720.0	1.0
2721.0	1.0
2724.0	1.0
2725.0	2.0
2727.0	1.0
2728.0	1.0
2732.0	1.0
2733.0	2.0
2734.0	1.0
2735.0	1.0
2738.0	1.0
2739.0	1.0
2740.0	2.0
2741.0	1.0
2743.0	1.0
2745.0	1.0
2746.0	1.0
2747.0	2.0
2748.0	1.0
2752.0	2.0
2753.0	1.0
2755.0	1.0
2757.0	1.0
2760.0	2.0
2763.0	2.0
2764.0	1.0
2767.0	1.0
2768.0	2.0
2769.0	1.0
2770.0	1.0
2777.0	1.0
2779.0	1.0
2780.0	2.0
2781.0	2.0
2783.0	2.0
2790.0	1.0
2791.0	1.0
2796.0	1.0
2798.0	1.0
2800.0	3.0
2801.0	1.0
2802.0	1.0
2803.0	2.0
2805.0	1.0
2807.0	1.0
2809.0	1.0
2810.0	1.0
2812.0	1.0
2814.0	1.0
2816.0	1.0
2818.0	2.0
2820.0	1.0
2821.0	1.0
2822.0	1.0
2823.0	2.0
2825.0	1.0
2826.0	1.0
2827.0	1.0
2829.0	1.0
2830.0	1.0
2831.0	1.0
2832.0	1.0
2836.0	2.0
2839.0	1.0
2843.0	3.0
2847.0	3.0
2848.0	1.0
2849.0	2.0
2850.0	1.0
2851.0	1.0
2852.0	2.0
2853.0	2.0
2858.0	1.0
2862.0	1.0
2864.0	1.0
2865.0	2.0
2866.0	1.0
2868.0	2.0
2871.0	1.0
2875.0	2.0
2877.0	1.0
2879.0	5.0
2882.0	1.0
2886.0	2.0
2887.0	1.0
2890.0	1.0
2892.0	2.0
2893.0	1.0
2894.0	4.0
2895.0	1.0
2899.0	1.0
2902.0	1.0
2903.0	1.0
2909.0	3.0
2910.0	2.0
2911.0	1.0
2912.0	1.0
2913.0	1.0
2915.0	1.0
2916.0	1.0
2920.0	2.0
2921.0	1.0
2926.0	1.0
2929.0	1.0
2936.0	1.0
2937.0	1.0
2938.0	1.0
2940.0	2.0
2941.0	1.0
2942.0	1.0
2944.0	2.0
2945.0	1.0
2947.0	1.0
2948.0	1.0
2952.0	1.0
2953.0	1.0
2955.0	1.0
2956.0	1.0
2959.0	2.0
2962.0	1.0
2963.0	1.0
2967.0	1.0
2968.0	3.0
2969.0	1.0
2970.0	1.0
2971.0	2.0
2972.0	2.0
2973.0	3.0
2975.0	2.0
2980.0	1.0
2981.0	2.0
2982.0	1.0
2985.0	1.0
2986.0	1.0
2990.0	1.0
2993.0	1.0
2995.0	1.0
2996.0	1.0
2997.0	1.0
2998.0	1.0
3000.0	1.0
3002.0	2.0
3003.0	1.0
3005.0	1.0
3006.0	1.0
3007.0	1.0
3010.0	2.0
3011.0	2.0
3015.0	2.0
3016.0	2.0
3018.0	1.0
3019.0	1.0
3021.0	2.0
3027.0	2.0
3028.0	1.0
3029.0	1.0
3030.0	1.0
3031.0	1.0
3035.0	1.0
3036.0	1.0
3037.0	2.0
3043.0	1.0
3044.0	1.0
3045.0	1.0
3046.0	1.0
3047.0	3.0
3049.0	1.0
3050.0	1.0
3051.0	1.0
3052.0	1.0
3054.0	2.0
3055.0	2.0
3056.0	1.0
3057.0	2.0
3059.0	1.0
3060.0	2.0
3061.0	1.0
3062.0	1.0
3066.0	1.0
3069.0	2.0
3070.0	3.0
3071.0	2.0
3072.0	2.0
3073.0	1.0
3075.0	1.0
3076.0	1.0
3078.0	2.0
3082.0	1.0
3083.0	1.0
3084.0	1.0
3085.0	1.0
3086.0	1.0
3087.0	1.0
3088.0	2.0
3091.0	1.0
3092.0	1.0
3093.0	2.0
3094.0	1.0
3095.0	1.0
3096.0	2.0
3098.0	3.0
3099.0	1.0
3100.0	1.0
3101.0	2.0
3103.0	2.0
3105.0	1.0
3106.0	2.0
3107.0	1.0
3108.0	1.0
3109.0	3.0
3110.0	1.0
3111.0	2.0
3112.0	1.0
3113.0	1.0
3114.0	2.0
3115.0	2.0
3116.0	1.0
3117.0	1.0
3118.0	1.0
3119.0	2.0
3120.0	1.0
3121.0	1.0
3122.0	3.0
3123.0	4.0
3127.0	2.0
3131.0	1.0
3132.0	1.0
3134.0	2.0
3135.0	2.0
3136.0	1.0
3138.0	1.0
3140.0	1.0
3141.0	2.0
3142.0	1.0
3144.0	1.0
3146.0	2.0
3147.0	1.0
3149.0	1.0
3150.0	1.0
3151.0	1.0
3152.0	1.0
3156.0	3.0
3157.0	2.0
3163.0	1.0
3167.0	2.0
3169.0	1.0
3170.0	2.0
3171.0	2.0
3172.0	1.0
3173.0	1.0
3178.0	2.0
3179.0	1.0
3180.0	2.0
3184.0	1.0
3185.0	1.0
3187.0	1.0
3190.0	1.0
3193.0	1.0
3194.0	2.0
3195.0	1.0
3198.0	1.0
3202.0	2.0
3203.0	1.0
3204.0	1.0
3209.0	1.0
3210.0	1.0
3214.0	1.0
3217.0	1.0
3218.0	1.0
3220.0	1.0
3221.0	1.0
3222.0	1.0
3224.0	1.0
3225.0	1.0
3226.0	1.0
3231.0	1.0
3234.0	2.0
3235.0	1.0
3240.0	1.0
3244.0	1.0
3245.0	1.0
3248.0	1.0
3250.0	1.0
3252.0	1.0
3254.0	2.0
3257.0	1.0
3259.0	2.0
3264.0	1.0
3265.0	1.0
3267.0	2.0
3268.0	1.0
3269.0	1.0
3270.0	1.0
3271.0	2.0
3273.0	2.0
3275.0	1.0
3278.0	1.0
3279.0	1.0
3280.0	1.0
3282.0	1.0
3283.0	1.0
3285.0	1.0
3286.0	1.0
3288.0	2.0
3289.0	1.0
3292.0	1.0
3293.0	1.0
3300.0	2.0
3301.0	2.0
3303.0	2.0
3309.0	1.0
3312.0	1.0
3315.0	1.0
3316.0	1.0
3320.0	1.0
3321.0	1.0
3322.0	2.0
3323.0	1.0
3324.0	1.0
3325.0	1.0
3326.0	1.0
3331.0	1.0
3332.0	1.0
3336.0	1.0
3337.0	1.0
3338.0	1.0
3342.0	2.0
3344.0	2.0
3345.0	1.0
3346.0	1.0
3347.0	1.0
3349.0	1.0
3352.0	1.0
3354.0	1.0
3359.0	2.0
3362.0	1.0
3366.0	1.0
3367.0	1.0
3369.0	1.0
3372.0	1.0
3375.0	1.0
3376.0	1.0
3377.0	1.0
3378.0	1.0
3382.0	1.0
3389.0	1.0
3390.0	1.0
3391.0	1.0
3392.0	1.0
3394.0	2.0
3395.0	2.0
3396.0	1.0
3398.0	1.0
3401.0	2.0
3402.0	2.0
3403.0	2.0
3404.0	1.0
3406.0	1.0
3408.0	1.0
3412.0	2.0
3421.0	1.0
3422.0	1.0
3423.0	2.0
3427.0	2.0
3434.0	2.0
3437.0	1.0
3438.0	2.0
3440.0	1.0
3443.0	1.0
3448.0	1.0
3449.0	1.0
3450.0	1.0
3451.0	1.0
3452.0	1.0
3453.0	1.0
3454.0	1.0
3456.0	1.0
3457.0	1.0
3459.0	1.0
3464.0	1.0
3468.0	1.0
3469.0	1.0
3471.0	1.0
3472.0	1.0
3478.0	2.0
3481.0	3.0
3484.0	1.0
3487.0	1.0
3488.0	1.0
3493.0	2.0
3494.0	1.0
3495.0	2.0
3497.0	1.0
3499.0	1.0
3500.0	1.0
3501.0	2.0
3502.0	1.0
3508.0	1.0
3511.0	1.0
3512.0	1.0
3513.0	1.0
3514.0	1.0
3515.0	1.0
3520.0	2.0
3521.0	2.0
3522.0	2.0
3525.0	1.0
3526.0	1.0
3527.0	3.0
3535.0	1.0
3538.0	1.0
3541.0	3.0
3545.0	3.0
3549.0	1.0
3550.0	1.0
3551.0	1.0
3552.0	2.0
3556.0	2.0
3560.0	1.0
3561.0	2.0
3564.0	1.0
3565.0	1.0
3568.0	1.0
3569.0	1.0
3570.0	2.0
3576.0	1.0
3578.0	1.0
3579.0	1.0
3587.0	1.0
3590.0	1.0
3592.0	1.0
3594.0	1.0
3595.0	1.0
3597.0	1.0
3598.0	1.0
3604.0	1.0
3605.0	1.0
3606.0	1.0
3609.0	1.0
3612.0	1.0
3613.0	1.0
3616.0	1.0
3617.0	1.0
3618.0	1.0
3620.0	1.0
3624.0	1.0
3630.0	1.0
3634.0	2.0
3635.0	1.0
3637.0	1.0
3641.0	1.0
3643.0	1.0
3647.0	1.0
3648.0	2.0
3649.0	1.0
3650.0	1.0
3654.0	1.0
3655.0	1.0
3657.0	1.0
3659.0	1.0
3660.0	2.0
3662.0	1.0
3664.0	1.0
3665.0	1.0
3666.0	1.0
3668.0	1.0
3674.0	1.0
3677.0	2.0
3679.0	2.0
3680.0	1.0
3687.0	1.0
3689.0	1.0
3693.0	1.0
3695.0	1.0
3696.0	1.0
3697.0	1.0
3698.0	1.0
3699.0	1.0
3701.0	2.0
3704.0	2.0
3706.0	1.0
3709.0	1.0
3711.0	1.0
3712.0	1.0
3719.0	1.0
3720.0	1.0
3726.0	1.0
3727.0	3.0
3729.0	1.0
3732.0	1.0
3733.0	2.0
3737.0	1.0
3738.0	2.0
3739.0	1.0
3744.0	1.0
3746.0	1.0
3748.0	1.0
3753.0	1.0
3754.0	1.0
3755.0	1.0
3765.0	1.0
3766.0	1.0
3768.0	2.0
3769.0	2.0
3770.0	1.0
3771.0	2.0
3777.0	1.0
3778.0	1.0
3779.0	2.0
3780.0	1.0
3783.0	1.0
3787.0	1.0
3788.0	1.0
3789.0	1.0
3790.0	1.0
3792.0	1.0
3793.0	1.0
3794.0	1.0
3795.0	1.0
3802.0	2.0
3803.0	1.0
3805.0	2.0
3806.0	1.0
3807.0	1.0
3808.0	1.0
3810.0	2.0
3814.0	1.0
3818.0	1.0
3822.0	1.0
3824.0	1.0
3827.0	1.0
3828.0	1.0
3829.0	2.0
3830.0	3.0
3837.0	1.0
3844.0	1.0
3846.0	1.0
3848.0	3.0
3849.0	2.0
3852.0	2.0
3854.0	1.0
3855.0	1.0
3861.0	1.0
3863.0	2.0
3864.0	1.0
3865.0	1.0
3868.0	1.0
3869.0	1.0
3870.0	1.0
3873.0	2.0
3874.0	1.0
3875.0	1.0
3880.0	1.0
3883.0	1.0
3884.0	1.0
3885.0	1.0
3890.0	2.0
3891.0	1.0
3893.0	1.0
3897.0	2.0
3899.0	3.0
3900.0	4.0
3903.0	1.0
3905.0	1.0
3906.0	5.0
3907.0	2.0
3908.0	1.0
3909.0	1.0
3911.0	1.0
3913.0	1.0
3919.0	1.0
3921.0	4.0
3924.0	1.0
3927.0	1.0
3930.0	1.0
3932.0	1.0
3933.0	1.0
3936.0	1.0
3940.0	2.0
3941.0	1.0
3942.0	1.0
3943.0	3.0
3944.0	1.0
3945.0	1.0
3946.0	1.0
3947.0	4.0
3949.0	1.0
3951.0	2.0
3960.0	1.0
3962.0	1.0
3964.0	1.0
3966.0	1.0
3967.0	1.0
3970.0	1.0
3971.0	2.0
3972.0	1.0
3973.0	1.0
3974.0	2.0
3975.0	1.0
3980.0	1.0
3982.0	1.0
3985.0	3.0
3995.0	1.0
4001.0	1.0
4003.0	1.0
4004.0	1.0
4006.0	3.0
4009.0	1.0
4010.0	1.0
4011.0	1.0
4014.0	1.0
4015.0	1.0
4025.0	1.0
4026.0	1.0
4029.0	1.0
4032.0	1.0
4033.0	1.0
4035.0	1.0
4042.0	1.0
4045.0	2.0
4047.0	1.0
4048.0	1.0
4049.0	1.0
4050.0	1.0
4051.0	1.0
4054.0	1.0
4061.0	1.0
4066.0	2.0
4068.0	1.0
4072.0	1.0
4074.0	1.0
4079.0	1.0
4080.0	1.0
4081.0	1.0
4090.0	1.0
4094.0	1.0
4095.0	1.0
4099.0	1.0
4103.0	1.0
4105.0	1.0
4107.0	1.0
4108.0	1.0
4110.0	1.0
4111.0	1.0
4115.0	1.0
4117.0	1.0
4119.0	1.0
4131.0	2.0
4132.0	1.0
4134.0	1.0
4141.0	1.0
4147.0	1.0
4150.0	1.0
4152.0	1.0
4153.0	1.0
4154.0	1.0
4156.0	1.0
4157.0	1.0
4161.0	1.0
4165.0	1.0
4166.0	1.0
4178.0	1.0
4182.0	1.0
4187.0	1.0
4190.0	1.0
4192.0	2.0
4193.0	1.0
4194.0	1.0
4199.0	1.0
4206.0	1.0
4209.0	2.0
4212.0	1.0
4217.0	2.0
4218.0	1.0
4220.0	1.0
4221.0	1.0
4223.0	2.0
4224.0	2.0
4225.0	1.0
4228.0	1.0
4232.0	1.0
4233.0	2.0
4236.0	1.0
4242.0	1.0
4246.0	2.0
4249.0	1.0
4252.0	1.0
4253.0	1.0
4254.0	1.0
4257.0	2.0
4260.0	1.0
4266.0	1.0
4267.0	1.0
4269.0	2.0
4270.0	1.0
4272.0	1.0
4275.0	1.0
4277.0	1.0
4283.0	1.0
4285.0	2.0
4286.0	2.0
4288.0	1.0
4289.0	1.0
4293.0	1.0
4294.0	1.0
4297.0	1.0
4298.0	1.0
4309.0	1.0
4315.0	1.0
4319.0	1.0
4323.0	1.0
4328.0	1.0
4330.0	1.0
4331.0	1.0
4335.0	1.0
4340.0	1.0
4345.0	2.0
4346.0	1.0
4348.0	1.0
4349.0	1.0
4358.0	1.0
4364.0	1.0
4368.0	1.0
4369.0	1.0
4372.0	1.0
4380.0	2.0
4387.0	1.0
4388.0	1.0
4400.0	1.0
4408.0	2.0
4410.0	1.0
4411.0	2.0
4416.0	1.0
4420.0	1.0
4421.0	1.0
4424.0	1.0
4429.0	1.0
4434.0	1.0
4439.0	1.0
4441.0	2.0
4446.0	2.0
4449.0	1.0
4450.0	1.0
4458.0	1.0
4462.0	1.0
4465.0	1.0
4475.0	2.0
4476.0	1.0
4478.0	1.0
4487.0	1.0
4488.0	1.0
4490.0	1.0
4491.0	1.0
4492.0	1.0
4493.0	1.0
4497.0	1.0
4501.0	1.0
4505.0	1.0
4508.0	1.0
4515.0	1.0
4524.0	1.0
4528.0	1.0
4532.0	1.0
4533.0	2.0
4552.0	1.0
4554.0	1.0
4555.0	1.0
4560.0	1.0
4562.0	1.0
4563.0	1.0
4564.0	1.0
4569.0	1.0
4578.0	1.0
4581.0	1.0
4589.0	2.0
4590.0	2.0
4593.0	1.0
4594.0	1.0
4597.0	1.0
4598.0	1.0
4600.0	1.0
4602.0	2.0
4604.0	2.0
4606.0	1.0
4608.0	1.0
4612.0	2.0
4614.0	2.0
4617.0	1.0
4628.0	1.0
4630.0	1.0
4638.0	1.0
4639.0	2.0
4640.0	1.0
4643.0	1.0
4644.0	1.0
4648.0	1.0
4649.0	1.0
4650.0	2.0
4652.0	1.0
4655.0	2.0
4665.0	1.0
4667.0	1.0
4668.0	1.0
4669.0	1.0
4671.0	1.0
4672.0	2.0
4673.0	1.0
4676.0	1.0
4678.0	1.0
4679.0	1.0
4681.0	1.0
4683.0	1.0
4685.0	1.0
4686.0	1.0
4688.0	1.0
4692.0	1.0
4699.0	2.0
4703.0	1.0
4706.0	1.0
4709.0	1.0
4710.0	1.0
4712.0	1.0
4717.0	3.0
4720.0	1.0
4729.0	1.0
4730.0	1.0
4733.0	1.0
4738.0	2.0
4741.0	1.0
4744.0	1.0
4745.0	1.0
4746.0	2.0
4749.0	1.0
4750.0	2.0
4753.0	1.0
4760.0	1.0
4761.0	2.0
4762.0	1.0
4768.0	1.0
4769.0	1.0
4771.0	1.0
4775.0	1.0
4777.0	2.0
4779.0	1.0
4780.0	2.0
4790.0	1.0
4792.0	1.0
4795.0	1.0
4799.0	1.0
4800.0	1.0
4801.0	1.0
4803.0	1.0
4806.0	1.0
4807.0	1.0
4809.0	1.0
4812.0	1.0
4813.0	1.0
4814.0	1.0
4820.0	1.0
4821.0	2.0
4823.0	1.0
4826.0	1.0
4830.0	1.0
4831.0	1.0
4832.0	1.0
4842.0	2.0
4843.0	2.0
4850.0	2.0
4852.0	1.0
4861.0	1.0
4865.0	2.0
4866.0	2.0
4870.0	1.0
4872.0	1.0
4883.0	1.0
4886.0	1.0
4887.0	1.0
4890.0	1.0
4897.0	1.0
4903.0	2.0
4912.0	1.0
4914.0	1.0
4915.0	3.0
4918.0	2.0
4920.0	1.0
4923.0	1.0
4930.0	2.0
4935.0	1.0
4937.0	1.0
4938.0	1.0
4944.0	1.0
4948.0	1.0
4949.0	2.0
4955.0	1.0
4961.0	1.0
4964.0	1.0
4965.0	1.0
4966.0	1.0
4968.0	1.0
4971.0	1.0
4974.0	2.0
4976.0	1.0
4982.0	1.0
4984.0	1.0
4985.0	1.0
4995.0	1.0
4996.0	1.0
4998.0	1.0
5000.0	2.0
5003.0	1.0
5004.0	1.0
5010.0	1.0
5013.0	1.0
5016.0	1.0
5017.0	2.0
5019.0	2.0
5022.0	1.0
5025.0	2.0
5030.0	1.0
5035.0	1.0
5037.0	1.0
5040.0	1.0
5041.0	1.0
5042.0	1.0
5046.0	1.0
5048.0	1.0
5049.0	1.0
5053.0	1.0
5054.0	1.0
5061.0	1.0
5064.0	2.0
5065.0	2.0
5066.0	1.0
5067.0	2.0
5069.0	1.0
5072.0	1.0
5074.0	1.0
5080.0	2.0
5081.0	2.0
5091.0	1.0
5092.0	2.0
5093.0	1.0
5094.0	2.0
5098.0	1.0
5105.0	1.0
5106.0	1.0
5108.0	1.0
5109.0	1.0
5110.0	2.0
5114.0	1.0
5119.0	2.0
5120.0	1.0
5121.0	1.0
5123.0	1.0
5126.0	1.0
5128.0	1.0
5132.0	2.0
5135.0	2.0
5139.0	2.0
5140.0	1.0
5142.0	1.0
5144.0	1.0
5145.0	2.0
5146.0	1.0
5147.0	1.0
5148.0	2.0
5149.0	1.0
5157.0	1.0
5163.0	1.0
5168.0	1.0
5173.0	2.0
5177.0	1.0
5184.0	1.0
5185.0	1.0
5188.0	1.0
5189.0	1.0
5190.0	1.0
5193.0	1.0
5194.0	1.0
5195.0	1.0
5199.0	3.0
5210.0	1.0
5211.0	1.0
5213.0	1.0
5216.0	1.0
5219.0	1.0
5223.0	1.0
5242.0	1.0
5245.0	1.0
5256.0	1.0
5261.0	1.0
5265.0	1.0
5269.0	1.0
5271.0	1.0
5275.0	1.0
5276.0	1.0
5284.0	1.0
5286.0	1.0
5288.0	2.0
5290.0	1.0
5291.0	1.0
5294.0	1.0
5303.0	3.0
5305.0	1.0
5310.0	2.0
5313.0	1.0
5319.0	1.0
5326.0	1.0
5327.0	1.0
5330.0	2.0
5334.0	1.0
5335.0	1.0
5338.0	1.0
5339.0	1.0
5342.0	1.0
5343.0	1.0
5346.0	1.0
5355.0	1.0
5358.0	2.0
5359.0	2.0
5364.0	1.0
5366.0	1.0
5367.0	1.0
5370.0	1.0
5371.0	1.0
5375.0	1.0
5376.0	1.0
5377.0	1.0
5378.0	1.0
5383.0	1.0
5391.0	1.0
5394.0	1.0
5395.0	1.0
5396.0	1.0
5401.0	1.0
5408.0	1.0
5409.0	1.0
5413.0	1.0
5414.0	1.0
5415.0	1.0
5416.0	1.0
5418.0	1.0
5419.0	1.0
5430.0	1.0
5431.0	1.0
5433.0	2.0
5434.0	2.0
5436.0	1.0
5440.0	1.0
5448.0	1.0
5449.0	2.0
5450.0	1.0
5451.0	1.0
5453.0	2.0
5454.0	1.0
5458.0	1.0
5464.0	2.0
5465.0	1.0
5468.0	2.0
5472.0	1.0
5478.0	1.0
5481.0	1.0
5484.0	1.0
5487.0	2.0
5488.0	1.0
5489.0	2.0
5491.0	1.0
5493.0	1.0
5495.0	1.0
5497.0	1.0
5501.0	1.0
5503.0	1.0
5504.0	1.0
5509.0	2.0
5510.0	1.0
5515.0	2.0
5521.0	1.0
5527.0	1.0
5533.0	1.0
5534.0	1.0
5536.0	3.0
5538.0	1.0
5546.0	1.0
5549.0	1.0
5551.0	1.0
5555.0	1.0
5559.0	1.0
5566.0	1.0
5585.0	1.0
5589.0	1.0
5594.0	1.0
5597.0	1.0
5601.0	1.0
5602.0	1.0
5603.0	1.0
5607.0	1.0
5612.0	2.0
5615.0	1.0
5619.0	1.0
5620.0	1.0
5623.0	1.0
5624.0	1.0
5629.0	1.0
5632.0	1.0
5634.0	1.0
5643.0	1.0
5645.0	1.0
5650.0	1.0
5653.0	1.0
5661.0	1.0
5662.0	1.0
5663.0	1.0
5665.0	1.0
5667.0	1.0
5672.0	1.0
5673.0	2.0
5674.0	1.0
5677.0	2.0
5678.0	1.0
5680.0	1.0
5687.0	1.0
5689.0	1.0
5691.0	2.0
5694.0	1.0
5695.0	2.0
5696.0	1.0
5702.0	1.0
5704.0	1.0
5705.0	3.0
5708.0	1.0
5709.0	1.0
5711.0	1.0
5715.0	2.0
5719.0	1.0
5720.0	1.0
5722.0	1.0
5730.0	1.0
5732.0	1.0
5735.0	1.0
5739.0	1.0
5742.0	1.0
5743.0	1.0
5749.0	1.0
5750.0	1.0
5751.0	1.0
5752.0	3.0
5754.0	1.0
5761.0	1.0
5764.0	1.0
5765.0	1.0
5766.0	1.0
5768.0	1.0
5772.0	2.0
5774.0	1.0
5776.0	1.0
5778.0	1.0
5786.0	1.0
5791.0	2.0
5792.0	1.0
5796.0	1.0
5798.0	1.0
5802.0	1.0
5809.0	1.0
5815.0	1.0
5826.0	1.0
5827.0	1.0
5835.0	1.0
5844.0	1.0
5847.0	1.0
5854.0	1.0
5857.0	1.0
5858.0	1.0
5864.0	1.0
5871.0	1.0
5872.0	3.0
5877.0	1.0
5878.0	1.0
5884.0	1.0
5886.0	1.0
5889.0	1.0
5894.0	1.0
5908.0	1.0
5910.0	1.0
5911.0	2.0
5919.0	1.0
5923.0	1.0
5925.0	1.0
5934.0	1.0
5935.0	1.0
5937.0	1.0
5939.0	1.0
5940.0	1.0
5944.0	1.0
5949.0	1.0
5951.0	3.0
5955.0	1.0
5961.0	1.0
5973.0	1.0
5976.0	1.0
5979.0	2.0
5986.0	1.0
5988.0	1.0
6003.0	1.0
6004.0	1.0
6006.0	1.0
6012.0	1.0
6013.0	1.0
6015.0	1.0
6016.0	1.0
6024.0	1.0
6033.0	1.0
6036.0	1.0
6041.0	2.0
6046.0	1.0
6049.0	1.0
6051.0	1.0
6055.0	1.0
6057.0	2.0
6059.0	1.0
6062.0	2.0
6063.0	1.0
6066.0	1.0
6070.0	1.0
6074.0	1.0
6077.0	1.0
6080.0	1.0
6086.0	1.0
6091.0	1.0
6098.0	1.0
6102.0	2.0
6103.0	1.0
6107.0	1.0
6110.0	1.0
6112.0	2.0
6113.0	1.0
6114.0	1.0
6120.0	1.0
6121.0	1.0
6123.0	2.0
6130.0	1.0
6135.0	1.0
6136.0	1.0
6140.0	1.0
6144.0	1.0
6147.0	1.0
6153.0	1.0
6156.0	1.0
6157.0	1.0
6159.0	1.0
6160.0	1.0
6161.0	1.0
6162.0	1.0
6163.0	1.0
6165.0	1.0
6166.0	1.0
6167.0	1.0
6171.0	2.0
6172.0	2.0
6180.0	2.0
6183.0	1.0
6187.0	1.0
6192.0	3.0
6197.0	1.0
6198.0	2.0
6199.0	1.0
6200.0	1.0
6201.0	1.0
6202.0	1.0
6203.0	1.0
6204.0	1.0
6207.0	1.0
6211.0	1.0
6212.0	1.0
6213.0	1.0
6217.0	1.0
6218.0	1.0
6219.0	1.0
6221.0	2.0
6224.0	1.0
6225.0	1.0
6226.0	1.0
6230.0	1.0
6231.0	1.0
6237.0	1.0
6240.0	1.0
6246.0	1.0
6249.0	1.0
6251.0	1.0
6253.0	2.0
6261.0	1.0
6267.0	1.0
6270.0	1.0
6271.0	1.0
6273.0	1.0
6274.0	1.0
6275.0	1.0
6281.0	1.0
6284.0	1.0
6286.0	1.0
6288.0	2.0
6289.0	1.0
6295.0	1.0
6297.0	1.0
6300.0	1.0
6304.0	1.0
6305.0	1.0
6308.0	1.0
6309.0	1.0
6314.0	1.0
6316.0	1.0
6318.0	3.0
6321.0	1.0
6330.0	1.0
6332.0	1.0
6335.0	1.0
6337.0	1.0
6340.0	2.0
6346.0	1.0
6347.0	2.0
6352.0	1.0
6357.0	1.0
6358.0	1.0
6362.0	2.0
6364.0	1.0
6366.0	1.0
6369.0	1.0
6371.0	1.0
6380.0	1.0
6381.0	1.0
6382.0	3.0
6384.0	1.0
6385.0	1.0
6390.0	1.0
6392.0	2.0
6398.0	1.0
6405.0	1.0
6408.0	2.0
6410.0	2.0
6414.0	1.0
6425.0	1.0
6426.0	1.0
6428.0	1.0
6431.0	1.0
6434.0	1.0
6437.0	1.0
6438.0	2.0
6450.0	1.0
6451.0	1.0
6453.0	1.0
6454.0	2.0
6455.0	1.0
6457.0	1.0
6461.0	1.0
6468.0	1.0
6470.0	1.0
6472.0	1.0
6473.0	2.0
6474.0	1.0
6477.0	1.0
6480.0	1.0
6481.0	1.0
6482.0	1.0
6484.0	1.0
6485.0	1.0
6486.0	1.0
6487.0	1.0
6499.0	1.0
6500.0	1.0
6504.0	1.0
6505.0	1.0
6508.0	1.0
6517.0	1.0
6523.0	1.0
6530.0	1.0
6532.0	1.0
6534.0	1.0
6537.0	1.0
6538.0	1.0
6539.0	1.0
6541.0	1.0
6543.0	1.0
6544.0	1.0
6546.0	2.0
6549.0	2.0
6567.0	2.0
6572.0	1.0
6578.0	1.0
6581.0	1.0
6582.0	1.0
6588.0	1.0
6594.0	1.0
6596.0	1.0
6600.0	1.0
6602.0	1.0
6605.0	1.0
6608.0	1.0
6611.0	1.0
6619.0	1.0
6623.0	1.0
6638.0	1.0
6643.0	1.0
6644.0	1.0
6646.0	1.0
6650.0	1.0
6659.0	1.0
6661.0	1.0
6664.0	1.0
6669.0	1.0
6672.0	2.0
6676.0	1.0
6683.0	1.0
6686.0	1.0
6689.0	1.0
6696.0	1.0
6698.0	1.0
6703.0	1.0
6707.0	1.0
6719.0	1.0
6722.0	1.0
6724.0	1.0
6739.0	1.0
6741.0	1.0
6743.0	1.0
6746.0	1.0
6747.0	1.0
6762.0	2.0
6768.0	1.0
6770.0	1.0
6772.0	1.0
6779.0	1.0
6780.0	1.0
6788.0	3.0
6806.0	1.0
6808.0	1.0
6809.0	1.0
6810.0	1.0
6811.0	2.0
6812.0	1.0
6813.0	1.0
6814.0	1.0
6820.0	1.0
6821.0	1.0
6831.0	1.0
6832.0	2.0
6836.0	1.0
6837.0	2.0
6838.0	1.0
6840.0	1.0
6842.0	1.0
6848.0	1.0
6855.0	2.0
6858.0	1.0
6862.0	1.0
6867.0	1.0
6870.0	1.0
6872.0	1.0
6873.0	1.0
6874.0	1.0
6878.0	1.0
6881.0	1.0
6882.0	1.0
6883.0	1.0
6884.0	1.0
6885.0	1.0
6887.0	1.0
6888.0	1.0
6889.0	1.0
6891.0	1.0
6896.0	1.0
6898.0	1.0
6899.0	1.0
6902.0	1.0
6904.0	2.0
6907.0	1.0
6908.0	2.0
6922.0	3.0
6923.0	1.0
6924.0	1.0
6927.0	1.0
6931.0	1.0
6934.0	1.0
6935.0	2.0
6937.0	1.0
6939.0	1.0
6943.0	1.0
6945.0	1.0
6946.0	1.0
6952.0	1.0
6954.0	1.0
6965.0	1.0
6967.0	1.0
6969.0	1.0
6980.0	2.0
6982.0	1.0
6984.0	1.0
6987.0	1.0
6990.0	1.0
6992.0	3.0
7000.0	1.0
7005.0	1.0
7020.0	1.0
7026.0	1.0
7036.0	1.0
7045.0	1.0
7047.0	1.0
7062.0	1.0
7064.0	1.0
7074.0	1.0
7075.0	1.0
7078.0	1.0
7079.0	1.0
7082.0	1.0
7088.0	1.0
7090.0	1.0
7091.0	1.0
7098.0	1.0
7104.0	1.0
7108.0	1.0
7109.0	1.0
7111.0	1.0
7119.0	1.0
7120.0	1.0
7121.0	1.0
7122.0	2.0
7123.0	1.0
7124.0	1.0
7127.0	1.0
7129.0	1.0
7134.0	1.0
7141.0	1.0
7143.0	1.0
7150.0	1.0
7151.0	1.0
7170.0	1.0
7179.0	1.0
7181.0	1.0
7188.0	1.0
7192.0	1.0
7220.0	1.0
7222.0	1.0
7233.0	1.0
7235.0	1.0
7236.0	1.0
7239.0	1.0
7246.0	1.0
7254.0	1.0
7267.0	1.0
7278.0	1.0
7287.0	2.0
7290.0	1.0
7306.0	1.0
7312.0	1.0
7320.0	1.0
7333.0	1.0
7336.0	1.0
7342.0	1.0
7350.0	1.0
7351.0	1.0
7372.0	1.0
7374.0	1.0
7377.0	1.0
7409.0	1.0
7421.0	1.0
7424.0	1.0
7426.0	1.0
7427.0	1.0
7428.0	1.0
7430.0	1.0
7431.0	1.0
7435.0	1.0
7443.0	1.0
7449.0	1.0
7451.0	1.0
7454.0	1.0
7457.0	1.0
7462.0	1.0
7464.0	1.0
7467.0	1.0
7468.0	1.0
7470.0	1.0
7481.0	1.0
7488.0	1.0
7489.0	1.0
7493.0	2.0
7512.0	1.0
7522.0	1.0
7525.0	1.0
7526.0	1.0
7527.0	1.0
7541.0	1.0
7548.0	1.0
7561.0	1.0
7568.0	1.0
7594.0	1.0
7600.0	1.0
7624.0	1.0
7627.0	1.0
7628.0	1.0
7631.0	1.0
7639.0	1.0
7665.0	1.0
7666.0	1.0
7673.0	1.0
7708.0	1.0
7715.0	1.0
7731.0	1.0
7742.0	2.0
7752.0	1.0
7778.0	1.0
7786.0	1.0
7805.0	1.0
7811.0	1.0
7817.0	1.0
7830.0	1.0
7836.0	1.0
7845.0	1.0
7854.0	1.0
7883.0	1.0
7913.0	1.0
7922.0	1.0
7930.0	1.0
7949.0	1.0
7952.0	1.0
7972.0	1.0
7975.0	1.0
7981.0	1.0
8003.0	1.0
8015.0	1.0
8025.0	1.0
8041.0	1.0
8056.0	1.0
8093.0	1.0
8118.0	1.0
8140.0	1.0
8157.0	1.0
8164.0	1.0
8178.0	1.0
8184.0	1.0
8191.0	1.0
8219.0	1.0
8240.0	1.0
8242.0	1.0
8273.0	1.0
8292.0	1.0
8298.0	1.0
8318.0	1.0
8338.0	1.0
8339.0	1.0
8347.0	1.0
8360.0	1.0
8362.0	1.0
8374.0	1.0
8377.0	1.0
8400.0	1.0
8407.0	2.0
8413.0	1.0
8417.0	1.0
8448.0	1.0
8465.0	1.0
8467.0	1.0
8520.0	1.0
8531.0	1.0
8534.0	1.0
8548.0	1.0
8582.0	1.0
8585.0	1.0
8587.0	1.0
8592.0	1.0
8600.0	1.0
8611.0	1.0
8650.0	1.0
8652.0	1.0
8657.0	1.0
8671.0	1.0
8682.0	1.0
8703.0	1.0
8705.0	1.0
8761.0	1.0
8762.0	1.0
8765.0	1.0
8767.0	1.0
8774.0	1.0
8778.0	1.0
8779.0	1.0
8786.0	1.0
8794.0	1.0
8796.0	1.0
8810.0	2.0
8822.0	1.0
8831.0	1.0
8841.0	1.0
8850.0	1.0
8863.0	1.0
8864.0	2.0
8884.0	1.0
8928.0	1.0
8949.0	1.0
8956.0	1.0
8958.0	1.0
8968.0	1.0
8974.0	1.0
8993.0	1.0
9003.0	1.0
9005.0	1.0
9020.0	1.0
9022.0	1.0
9024.0	1.0
9030.0	1.0
9036.0	1.0
9049.0	1.0
9051.0	1.0
9056.0	1.0
9058.0	2.0
9066.0	1.0
9068.0	2.0
9076.0	1.0
9083.0	1.0
9084.0	1.0
9086.0	1.0
9091.0	1.0
9101.0	1.0
9102.0	1.0
9107.0	1.0
9108.0	1.0
9113.0	1.0
9115.0	1.0
9118.0	2.0
9152.0	1.0
9153.0	1.0
9157.0	1.0
9159.0	1.0
9166.0	1.0
9174.0	1.0
9179.0	1.0
9180.0	1.0
9181.0	1.0
9199.0	1.0
9205.0	1.0
9227.0	1.0
9233.0	1.0
9236.0	1.0
9288.0	1.0
9311.0	1.0
9314.0	1.0
9323.0	1.0
9333.0	1.0
9360.0	1.0
9375.0	1.0
9392.0	1.0
9411.0	1.0
9463.0	1.0
9464.0	2.0
9471.0	1.0
9505.0	1.0
9507.0	1.0
9514.0	1.0
9524.0	1.0
9540.0	1.0
9583.0	1.0
9608.0	1.0
9622.0	1.0
9631.0	1.0
9647.0	1.0
9669.0	1.0
9679.0	1.0
9689.0	1.0
9694.0	1.0
9703.0	1.0
9726.0	1.0
9728.0	1.0
9741.0	1.0
9756.0	1.0
9762.0	1.0
9780.0	1.0
9820.0	1.0
9825.0	1.0
9853.0	1.0
9898.0	1.0
9900.0	1.0
9904.0	1.0
9911.0	1.0
9936.0	1.0
9948.0	1.0
9960.0	1.0
9967.0	1.0
9984.0	1.0
9992.0	1.0
10001.0	1.0
10029.0	1.0
10031.0	1.0
10081.0	1.0
10085.0	1.0
10087.0	1.0
10093.0	1.0
10110.0	1.0
10136.0	1.0
10142.0	1.0
10144.0	1.0
10217.0	1.0
10221.0	2.0
10231.0	1.0
10255.0	1.0
10275.0	1.0
10284.0	1.0
10294.0	1.0
10303.0	1.0
10318.0	1.0
10321.0	1.0
10327.0	1.0
10392.0	1.0
10393.0	1.0
10406.0	1.0
10424.0	1.0
10425.0	1.0
10427.0	1.0
10430.0	1.0
10432.0	1.0
10467.0	1.0
10473.0	1.0
10477.0	1.0
10518.0	1.0
10523.0	1.0
10534.0	1.0
10542.0	2.0
10543.0	1.0
10558.0	1.0
10577.0	1.0
10592.0	1.0
10597.0	1.0
10614.0	1.0
10627.0	1.0
10633.0	1.0
10640.0	1.0
10642.0	1.0
10645.0	1.0
10651.0	1.0
10658.0	1.0
10673.0	1.0
10681.0	1.0
10710.0	1.0
10758.0	1.0
10794.0	1.0
10811.0	1.0
10812.0	1.0
10822.0	1.0
10823.0	1.0
10832.0	1.0
10855.0	1.0
10877.0	1.0
10886.0	1.0
10887.0	1.0
10933.0	1.0
10945.0	1.0
10958.0	1.0
10961.0	1.0
10973.0	1.0
11012.0	1.0
11018.0	1.0
11046.0	1.0
11060.0	1.0
11064.0	1.0
11071.0	1.0
11101.0	1.0
11109.0	1.0
11123.0	1.0
11145.0	1.0
11195.0	1.0
11218.0	1.0
11240.0	1.0
11255.0	1.0
11260.0	1.0
11261.0	1.0
11267.0	1.0
11280.0	1.0
11294.0	1.0
11332.0	1.0
11342.0	1.0
11343.0	1.0
11355.0	1.0
11371.0	1.0
11374.0	1.0
11377.0	1.0
11381.0	1.0
11396.0	1.0
11424.0	1.0
11425.0	1.0
11433.0	1.0
11451.0	1.0
11470.0	1.0
11550.0	1.0
11552.0	1.0
11579.0	1.0
11608.0	1.0
11612.0	1.0
11662.0	1.0
11722.0	1.0
11729.0	1.0
11743.0	1.0
11756.0	1.0
11792.0	1.0
11793.0	1.0
11801.0	1.0
11808.0	1.0
11855.0	1.0
11864.0	1.0
11911.0	1.0
11913.0	1.0
11941.0	1.0
11984.0	1.0
12014.0	1.0
12068.0	1.0
12083.0	1.0
12113.0	1.0
12128.0	1.0
12214.0	1.0
12260.0	1.0
12263.0	1.0
12271.0	1.0
12285.0	1.0
12303.0	1.0
12327.0	1.0
12389.0	1.0
12417.0	1.0
12427.0	1.0
12449.0	1.0
12458.0	1.0
12474.0	1.0
12514.0	1.0
12535.0	1.0
12537.0	1.0
12651.0	1.0
12657.0	1.0
12675.0	1.0
12712.0	1.0
12714.0	1.0
12740.0	1.0
12750.0	1.0
12797.0	1.0
12802.0	1.0
12829.0	1.0
12843.0	1.0
12845.0	1.0
12867.0	1.0
12875.0	1.0
12879.0	1.0
12891.0	1.0
12972.0	1.0
12975.0	1.0
12991.0	1.0
12997.0	1.0
13004.0	1.0
13009.0	1.0
13027.0	1.0
13046.0	1.0
13068.0	1.0
13083.0	1.0
13101.0	1.0
13108.0	1.0
13135.0	1.0
13142.0	1.0
13145.0	1.0
13180.0	1.0
13200.0	1.0
13232.0	1.0
13239.0	1.0
13267.0	1.0
13285.0	1.0
13289.0	1.0
13299.0	1.0
13353.0	1.0
13365.0	1.0
13373.0	1.0
13376.0	1.0
13387.0	1.0
13392.0	1.0
13405.0	1.0
13427.0	1.0
13480.0	1.0
13543.0	1.0
13574.0	1.0
13576.0	1.0
13611.0	1.0
13625.0	1.0
13659.0	1.0
13672.0	1.0
13674.0	1.0
13686.0	1.0
13702.0	1.0
13711.0	1.0
13725.0	1.0
13756.0	1.0
13820.0	1.0
13837.0	1.0
13846.0	1.0
13865.0	1.0
13884.0	1.0
13902.0	1.0
13903.0	1.0
13904.0	1.0
13910.0	1.0
13930.0	1.0
13934.0	1.0
13963.0	1.0
13971.0	1.0
13990.0	1.0
14008.0	1.0
14015.0	1.0
14026.0	1.0
14033.0	1.0
14041.0	1.0
14057.0	1.0
14062.0	1.0
14064.0	1.0
14080.0	1.0
14094.0	1.0
14112.0	1.0
14118.0	1.0
14134.0	1.0
14158.0	2.0
14161.0	1.0
14164.0	1.0
14175.0	1.0
14179.0	1.0
14180.0	1.0
14181.0	1.0
14185.0	1.0
14199.0	1.0
14208.0	1.0
14219.0	1.0
14272.0	1.0
14277.0	1.0
14280.0	1.0
14311.0	1.0
14317.0	1.0
14342.0	1.0
14343.0	1.0
14371.0	1.0
14379.0	1.0
14419.0	1.0
14420.0	1.0
14425.0	1.0
14439.0	1.0
14446.0	1.0
14469.0	1.0
14493.0	1.0
14538.0	1.0
14549.0	1.0
14567.0	1.0
14571.0	1.0
14575.0	1.0
14587.0	1.0
14602.0	1.0
14651.0	1.0
14658.0	1.0
14665.0	1.0
14706.0	1.0
14761.0	1.0
14783.0	1.0
14785.0	1.0
14818.0	1.0
14840.0	1.0
14846.0	1.0
14851.0	1.0
14853.0	1.0
14854.0	1.0
14860.0	1.0
14901.0	1.0
14934.0	1.0
14958.0	1.0
14960.0	1.0
14998.0	1.0
15001.0	1.0
15010.0	1.0
15014.0	1.0
15016.0	2.0
15021.0	1.0
15027.0	1.0
15062.0	1.0
15071.0	1.0
15075.0	1.0
15077.0	1.0
15098.0	1.0
15127.0	1.0
15151.0	1.0
15159.0	1.0
15163.0	1.0
15164.0	1.0
15167.0	1.0
15169.0	1.0
15179.0	1.0
15196.0	1.0
15211.0	1.0
15221.0	1.0
15230.0	1.0
15238.0	1.0
15244.0	1.0
15245.0	1.0
15248.0	1.0
15256.0	1.0
15271.0	1.0
15298.0	1.0
15308.0	1.0
15312.0	1.0
15314.0	1.0
15316.0	1.0
15318.0	1.0
15331.0	1.0
15351.0	1.0
15366.0	1.0
15377.0	1.0
15383.0	1.0
15392.0	1.0
15405.0	2.0
15417.0	1.0
15431.0	1.0
15435.0	1.0
15440.0	1.0
15465.0	1.0
15468.0	2.0
15476.0	1.0
15486.0	1.0
15492.0	1.0
15502.0	1.0
15505.0	1.0
15518.0	1.0
15522.0	1.0
15535.0	1.0
15550.0	1.0
15559.0	1.0
15560.0	1.0
15567.0	1.0
15573.0	1.0
15576.0	1.0
15587.0	1.0
15617.0	1.0
15618.0	1.0
15633.0	1.0
15640.0	1.0
15660.0	1.0
15662.0	1.0
15675.0	1.0
15683.0	1.0
15695.0	1.0
15697.0	1.0
15706.0	2.0
15739.0	1.0
15744.0	1.0
15774.0	1.0
15800.0	1.0
15810.0	1.0
15813.0	1.0
15820.0	1.0
15825.0	1.0
15830.0	1.0
15832.0	1.0
15867.0	1.0
15874.0	1.0
15885.0	1.0
15890.0	1.0
15900.0	1.0
15914.0	1.0
15949.0	1.0
15995.0	1.0
16062.0	1.0
16067.0	2.0
16083.0	1.0
16089.0	1.0
16092.0	1.0
16094.0	1.0
16108.0	1.0
16118.0	1.0
16175.0	1.0
16206.0	1.0
16216.0	1.0
16228.0	1.0
16231.0	1.0
16242.0	1.0
16249.0	1.0
16277.0	1.0
16289.0	1.0
16290.0	1.0
16302.0	1.0
16313.0	1.0
16357.0	1.0
16375.0	1.0
16424.0	1.0
16457.0	1.0
16478.0	1.0
16489.0	1.0
16493.0	1.0
16497.0	1.0
16503.0	1.0
16505.0	1.0
16506.0	1.0
16509.0	1.0
16566.0	1.0
16571.0	1.0
16600.0	1.0
16643.0	1.0
16650.0	1.0
16651.0	1.0
16660.0	1.0
16670.0	1.0
16688.0	1.0
16701.0	1.0
16704.0	1.0
16718.0	1.0
16728.0	1.0
16735.0	1.0
16737.0	1.0
16752.0	1.0
16759.0	1.0
16777.0	1.0
16806.0	1.0
16807.0	2.0
16826.0	1.0
16833.0	1.0
16865.0	1.0
16888.0	1.0
16894.0	1.0
16900.0	1.0
16902.0	2.0
16904.0	2.0
16919.0	1.0
16925.0	1.0
16942.0	1.0
16943.0	1.0
16947.0	1.0
16956.0	1.0
16968.0	1.0
16969.0	1.0
16980.0	1.0
16987.0	1.0
16994.0	1.0
17026.0	1.0
17027.0	1.0
17044.0	1.0
17107.0	1.0
17115.0	1.0
17122.0	1.0
17128.0	1.0
17130.0	1.0
17131.0	1.0
17142.0	1.0
17153.0	1.0
17176.0	1.0
17177.0	1.0
17189.0	1.0
17205.0	2.0
17218.0	1.0
17243.0	1.0
17260.0	1.0
17286.0	1.0
17298.0	1.0
17299.0	1.0
17314.0	1.0
17356.0	2.0
17357.0	1.0
17360.0	1.0
17399.0	1.0
17426.0	1.0
17452.0	2.0
17454.0	1.0
17483.0	2.0
17490.0	1.0
17493.0	1.0
17497.0	1.0
17501.0	1.0
17534.0	1.0
17538.0	1.0
17560.0	1.0
17562.0	1.0
17564.0	1.0
17577.0	1.0
17578.0	1.0
17601.0	1.0
17613.0	1.0
17626.0	1.0
17628.0	2.0
17673.0	1.0
17713.0	1.0
17729.0	1.0
17742.0	1.0
17745.0	1.0
17771.0	1.0
17775.0	1.0
17794.0	1.0
17797.0	1.0
17807.0	1.0
17814.0	1.0
17872.0	1.0
17899.0	1.0
17904.0	1.0
17908.0	1.0
17922.0	1.0
17937.0	1.0
17994.0	1.0
18039.0	1.0
18068.0	1.0
18073.0	1.0
18093.0	1.0
18094.0	1.0
18098.0	1.0
18143.0	1.0
18164.0	1.0
18171.0	1.0
18175.0	1.0
18197.0	1.0
18206.0	1.0
18209.0	1.0
18229.0	1.0
18262.0	1.0
18277.0	1.0
18297.0	1.0
18304.0	1.0
18314.0	1.0
18330.0	1.0
18344.0	1.0
18345.0	1.0
18346.0	1.0
18411.0	1.0
18423.0	1.0
18441.0	1.0
18459.0	1.0
18484.0	1.0
18489.0	1.0
18513.0	1.0
18514.0	2.0
18518.0	1.0
18526.0	1.0
18530.0	1.0
18540.0	1.0
18543.0	1.0
18566.0	1.0
18569.0	1.0
18574.0	1.0
18578.0	1.0
18642.0	1.0
18653.0	1.0
18658.0	1.0
18666.0	1.0
18669.0	1.0
18678.0	1.0
18679.0	1.0
18704.0	1.0
18715.0	1.0
18737.0	1.0
18771.0	1.0
18772.0	1.0
18800.0	1.0
18826.0	1.0
18873.0	1.0
18976.0	1.0
18978.0	1.0
18994.0	1.0
19013.0	1.0
19068.0	1.0
19075.0	1.0
19099.0	1.0
19100.0	1.0
19103.0	1.0
19107.0	1.0
19116.0	2.0
19140.0	1.0
19141.0	1.0
19157.0	1.0
19164.0	1.0
19171.0	1.0
19172.0	1.0
19194.0	1.0
19208.0	1.0
19229.0	1.0
19233.0	1.0
19234.0	1.0
19241.0	1.0
19266.0	1.0
19278.0	2.0
19279.0	1.0
19283.0	1.0
19292.0	1.0
19338.0	1.0
19345.0	1.0
19349.0	1.0
19355.0	1.0
19357.0	1.0
19375.0	1.0
19381.0	1.0
19393.0	1.0
19403.0	1.0
19413.0	1.0
19456.0	1.0
19474.0	1.0
19483.0	1.0
19502.0	1.0
19515.0	1.0
19526.0	1.0
19537.0	1.0
19572.0	1.0
19591.0	1.0
19602.0	1.0
19605.0	1.0
19607.0	1.0
19614.0	1.0
19622.0	1.0
19656.0	1.0
19686.0	1.0
19706.0	1.0
19707.0	1.0
19729.0	1.0
19732.0	1.0
19750.0	1.0
19755.0	1.0
19759.0	1.0
19777.0	1.0
19790.0	2.0
19811.0	1.0
19821.0	1.0
19833.0	1.0
19842.0	1.0
19851.0	1.0
19860.0	1.0
19864.0	1.0
19926.0	1.0
19947.0	1.0
19948.0	1.0
19955.0	1.0
19960.0	1.0
19963.0	1.0
20000.0	1.0
20016.0	1.0
20033.0	1.0
20035.0	1.0
20037.0	1.0
20075.0	1.0
20087.0	1.0
20102.0	1.0
20126.0	1.0
20145.0	1.0
20165.0	1.0
20167.0	1.0
20190.0	1.0
20195.0	1.0
20208.0	1.0
20229.0	1.0
20232.0	2.0
20250.0	1.0
20252.0	1.0
20275.0	1.0
20312.0	1.0
20339.0	1.0
20356.0	1.0
20359.0	1.0
20361.0	1.0
20419.0	1.0
20459.0	1.0
20465.0	1.0
20513.0	1.0
20575.0	1.0
20590.0	1.0
20598.0	1.0
20603.0	1.0
20610.0	1.0
20628.0	1.0
20653.0	1.0
20668.0	1.0
20715.0	1.0
20738.0	1.0
20743.0	1.0
20773.0	1.0
20820.0	1.0
20844.0	1.0
20873.0	1.0
20905.0	1.0
20914.0	1.0
20933.0	1.0
20947.0	1.0
20965.0	1.0
21040.0	1.0
21043.0	1.0
21049.0	1.0
21113.0	1.0
21137.0	1.0
21166.0	1.0
21218.0	1.0
21260.0	1.0
21268.0	1.0
21272.0	1.0
21339.0	1.0
21382.0	1.0
21402.0	1.0
21422.0	1.0
21437.0	1.0
21463.0	1.0
21468.0	1.0
21504.0	1.0
21524.0	1.0
21526.0	1.0
21528.0	1.0
21537.0	1.0
21557.0	1.0
21590.0	1.0
21611.0	1.0
21624.0	1.0
21640.0	1.0
21693.0	1.0
21796.0	1.0
21807.0	1.0
21828.0	1.0
21900.0	1.0
21902.0	1.0
21930.0	1.0
21936.0	1.0
21950.0	1.0
21959.0	1.0
22017.0	1.0
22029.0	1.0
22058.0	1.0
22089.0	1.0
22110.0	1.0
22208.0	1.0
22245.0	1.0
22267.0	1.0
22279.0	1.0
22315.0	1.0
22321.0	1.0
22322.0	1.0
22343.0	1.0
22350.0	1.0
22365.0	1.0
22423.0	1.0
22436.0	1.0
22476.0	1.0
22531.0	1.0
22538.0	1.0
22542.0	1.0
22600.0	1.0
22627.0	1.0
22642.0	1.0
22647.0	1.0
22740.0	1.0
22753.0	1.0
22755.0	1.0
22818.0	1.0
22821.0	1.0
22871.0	1.0
22872.0	1.0
22889.0	1.0
22891.0	1.0
22899.0	1.0
22919.0	1.0
22933.0	1.0
22953.0	1.0
22965.0	1.0
22966.0	1.0
22985.0	1.0
22989.0	1.0
23002.0	1.0
23027.0	1.0
23045.0	1.0
23063.0	1.0
23086.0	1.0
23097.0	1.0
23124.0	1.0
23144.0	1.0
23160.0	1.0
23204.0	1.0
23206.0	1.0
23224.0	1.0
23237.0	1.0
23240.0	1.0
23277.0	1.0
23287.0	1.0
23365.0	1.0
23370.0	1.0
23379.0	1.0
23419.0	1.0
23421.0	1.0
23430.0	1.0
23485.0	1.0
23496.0	1.0
23533.0	1.0
23536.0	1.0
23562.0	1.0
23570.0	1.0
23592.0	1.0
23672.0	1.0
23691.0	1.0
23795.0	1.0
23819.0	1.0
23896.0	1.0
23908.0	1.0
23914.0	1.0
23928.0	1.0
23936.0	1.0
23947.0	1.0
23950.0	1.0
23979.0	1.0
23981.0	1.0
23992.0	1.0
23995.0	1.0
24002.0	1.0
24005.0	1.0
24012.0	1.0
24023.0	1.0
24030.0	1.0
24035.0	1.0
24047.0	1.0
24075.0	1.0
24085.0	1.0
24118.0	1.0
24120.0	1.0
24134.0	1.0
24135.0	1.0
24210.0	1.0
24268.0	1.0
24319.0	1.0
24386.0	1.0
24507.0	1.0
24515.0	1.0
24540.0	2.0
24543.0	1.0
24554.0	1.0
24603.0	1.0
24640.0	1.0
24646.0	1.0
24656.0	1.0
24765.0	1.0
24772.0	1.0
24866.0	1.0
24872.0	1.0
24948.0	1.0
24963.0	1.0
24973.0	1.0
25011.0	1.0
25032.0	1.0
25045.0	1.0
25052.0	1.0
25057.0	1.0
25075.0	1.0
25084.0	1.0
25094.0	1.0
25130.0	1.0
25185.0	1.0
25275.0	1.0
25357.0	1.0
25482.0	1.0
25507.0	1.0
25535.0	1.0
25728.0	1.0
25736.0	1.0
25825.0	1.0
25937.0	1.0
25952.0	1.0
26032.0	1.0
26303.0	1.0
26420.0	1.0
26442.0	1.0
26447.0	1.0
26630.0	1.0
26641.0	1.0
26677.0	1.0
26932.0	1.0
26936.0	1.0
26950.0	1.0
27079.0	1.0
27111.0	1.0
27212.0	1.0
27282.0	1.0
27321.0	1.0
27352.0	1.0
27381.0	1.0
27460.0	1.0
27573.0	1.0
27582.0	1.0
27681.0	1.0
27711.0	1.0
27812.0	1.0
27845.0	1.0
27869.0	1.0
27884.0	1.0
27921.0	1.0
27926.0	1.0
27931.0	1.0
27947.0	1.0
27988.0	1.0
27999.0	1.0
28115.0	1.0
28128.0	1.0
28141.0	1.0
28228.0	1.0
28261.0	1.0
28326.0	1.0
28333.0	1.0
28361.0	1.0
28374.0	1.0
28536.0	1.0
28542.0	1.0
28606.0	1.0
28675.0	1.0
28717.0	1.0
28727.0	1.0
28767.0	1.0
28784.0	1.0
28819.0	1.0
28821.0	1.0
28832.0	1.0
28862.0	1.0
28943.0	1.0
28962.0	1.0
28984.0	1.0
29029.0	1.0
29123.0	1.0
29227.0	1.0
29351.0	1.0
29380.0	1.0
29427.0	1.0
29511.0	1.0
29537.0	1.0
29551.0	1.0
29559.0	1.0
29585.0	1.0
29722.0	1.0
29781.0	1.0
29783.0	1.0
29796.0	1.0
29899.0	1.0
29994.0	1.0
30065.0	1.0
30130.0	1.0
30175.0	1.0
30185.0	1.0
30227.0	1.0
30280.0	1.0
30293.0	1.0
30300.0	1.0
30315.0	1.0
30346.0	1.0
30358.0	1.0
30377.0	1.0
30418.0	1.0
30431.0	1.0
30471.0	1.0
30501.0	1.0
30504.0	1.0
30531.0	1.0
30551.0	1.0
30582.0	1.0
30590.0	1.0
30614.0	1.0
30636.0	1.0
30664.0	1.0
30676.0	1.0
30739.0	1.0
30745.0	1.0
30755.0	1.0
30784.0	1.0
30860.0	1.0
30924.0	1.0
31000.0	1.0
31042.0	1.0
31174.0	1.0
31297.0	1.0
31307.0	1.0
31308.0	1.0
31325.0	1.0
31361.0	1.0
31466.0	1.0
31471.0	1.0
31550.0	1.0
31552.0	1.0
31890.0	1.0
32097.0	1.0
32270.0	1.0
32486.0	1.0
32617.0	1.0
32809.0	1.0
33105.0	1.0
33203.0	1.0
33270.0	1.0
33291.0	1.0
33790.0	1.0
33921.0	1.0
34025.0	1.0
34167.0	1.0
34300.0	1.0
34347.0	1.0
34524.0	1.0
34675.0	1.0
34826.0	1.0
34885.0	1.0
35254.0	1.0
35412.0	1.0
35523.0	1.0
35724.0	1.0
35913.0	1.0
35916.0	1.0
36017.0	1.0
36168.0	1.0
36291.0	1.0
36471.0	1.0
36651.0	1.0
36661.0	1.0
36935.0	1.0
37088.0	1.0
37117.0	1.0
37443.0	1.0
37542.0	1.0
37731.0	1.0
37888.0	1.0
38011.0	1.0
38099.0	1.0
38128.0	1.0
38547.0	1.0
38590.0	1.0
38600.0	1.0
38756.0	1.0
39039.0	1.0
39072.0	1.0
39372.0	1.0
39562.0	1.0
39650.0	1.0
39676.0	1.0
39757.0	1.0
39929.0	1.0
39937.0	1.0
40138.0	1.0
40290.0	1.0
40442.0	1.0
40476.0	1.0
40787.0	1.0
40801.0	1.0
41047.0	1.0
41148.0	1.0
41367.0	1.0
41430.0	1.0
41626.0	1.0
41665.0	1.0
41695.0	1.0
41715.0	1.0
42083.0	1.0
42193.0	1.0
42278.0	1.0
42431.0	1.0
42679.0	1.0
42776.0	1.0
42903.0	1.0
42961.0	1.0
43134.0	1.0
43273.0	1.0
43558.0	1.0
43818.0	1.0
43886.0	1.0
44075.0	1.0
44231.0	1.0
44370.0	1.0
44630.0	1.0
44869.0	1.0
45028.0	1.0
45112.0	1.0
45117.0	1.0
45428.0	1.0
45830.0	1.0
45929.0	1.0
46306.0	1.0
46309.0	1.0
46527.0	1.0
46569.0	1.0
46792.0	1.0
46974.0	1.0
47211.0	1.0
47533.0	1.0
47654.0	1.0
47934.0	1.0
47974.0	1.0
47994.0	1.0
48168.0	1.0
48382.0	1.0
48454.0	1.0
48596.0	1.0
48664.0	1.0
48783.0	1.0
48809.0	1.0
48976.0	1.0
49146.0	1.0
49194.0	1.0
49205.0	1.0
49233.0	1.0
49332.0	1.0
49500.0	1.0
49656.0	1.0
49762.0	1.0
49781.0	1.0
49985.0	1.0
50058.0	1.0
50125.0	1.0
50197.0	1.0
50217.0	1.0
50395.0	1.0
50421.0	1.0
50430.0	1.0
50483.0	1.0
50499.0	1.0
50518.0	1.0
50545.0	1.0
50563.0	1.0
50744.0	1.0
50872.0	1.0
50945.0	2.0
