# Position (bp)	A	C	G	T	N
0.0	35.66910643297075	10.438422021867094	19.26720841769576	34.61100826351815	0.014254863948246458
1.0	34.748696788782965	14.024849802610955	11.388527460417652	39.82005771895918	0.017868229229245462
2.0	32.51496953795153	12.700741749418249	19.32720683112499	35.45504074386558	0.0020411376396482933
3.0	33.228799503242264	12.07853128120665	18.85421455754811	35.83738995647743	0.0010647015255462718
4.0	33.417075142441064	13.080156137099575	17.616716939335074	35.88605178112429	0.0
5.0	32.25161313314297	12.576094438694321	16.46892456209047	38.70336786607224	0.0
6.0	35.827388382043154	11.473251222227702	14.693482360654016	38.00565737154652	2.2066352861062628E-4
7.0	38.05029208679623	10.84255072475281	12.13739879405175	38.96827994875752	0.0014784456416911962
8.0	38.19664165555901	10.84034960605492	12.093845330092227	38.865892071482186	0.003271336811652535
9.0	38.37364690503403	10.88030625449809	11.820029474027518	38.92575808679425	2.592796461174859E-4
10.0	38.433397071993575	10.90746441828184	11.88107052262943	38.778067987095156	0.0
11.0	38.45760937767037	10.950775152359892	11.67176013256582	38.91985533740392	0.0
12.0	38.40515214033141	10.88612073847698	11.951368406256561	38.757358714935044	0.0
13.0	38.47651472548409	10.919076836474975	11.49252618145184	39.1118822565891	0.0
14.0	38.38488419522852	10.952728024588096	11.661151733427866	38.99976863429025	0.0014674124652606648
15.0	38.357003358388575	10.922921898461015	11.524588592158965	39.18081202633884	0.01467412465260665
16.0	38.33514111929148	10.963959798194377	11.645909400189087	39.054818668090384	1.710142346732354E-4
17.0	38.30134649988476	11.013355329073866	11.423833624995353	39.26146454604603	0.0
18.0	38.28008005231491	10.999381811124598	11.675627260904722	39.044910875655766	0.0
19.0	38.284548488769275	11.02924310313383	11.458064054871075	39.14333232600433	0.08481202722149421
20.0	38.258082828563126	11.03033255389219	11.68534999132473	39.02623462621995	0.0
21.0	38.39806003616908	11.032418763297335	11.552896864276132	39.01662433625746	0.0
22.0	38.32625531348089	11.102351334270105	11.6449363750702	38.92645145940224	5.517776565583575E-6
23.0	38.45266992099485	11.10647379093695	11.533053902142134	38.90748783545015	3.1455047591487004E-4
24.0	38.40385168889449	11.116169085102467	11.68359061207403	38.79638861392901	0.0
25.0	38.45659599902054	11.15785328505527	11.463950094512281	38.914076953597906	0.007523667814003009
26.0	38.42317814508369	11.172102000356645	11.56908167327048	38.834887350544655	7.508307445314954E-4
27.0	38.45110574249273	11.111731388261987	11.54237858654556	38.87995837038431	0.014825912315413251
28.0	38.473038969192565	11.13047942570821	11.55910624754893	38.7507619335907	0.08661342395959373
29.0	38.46097247406611	11.177438440810231	11.545252963214239	38.81462923626645	0.0017068856429705644
30.0	38.43496457291595	11.19493977260339	11.721772363697324	38.63898532441891	0.009337966364424138
31.0	38.47803577553697	11.221260999190735	11.562543628939538	38.73800483968261	1.5475665014197263E-4
32.0	38.49375070664438	11.213819462278527	11.695545673207834	38.59688415786926	0.0
33.0	38.49317365597987	11.213437568718058	11.610686014722091	38.68257002549841	1.3273508157234437E-4
34.0	38.50974625985888	11.26389941794761	11.60200346148607	38.62354861743608	8.022432713643746E-4
35.0	38.48231847908937	11.28157311655843	11.555770484974385	38.68033791937782	0.0
36.0	38.518555475607656	11.241143050034603	11.675840864119582	38.56446061023816	0.0
37.0	38.53661044472888	11.271504270716253	11.476148297918359	38.7154766041335	2.603825030049249E-4
38.0	38.47443849721982	11.29587200776893	11.582085233739969	38.647205172413315	3.9908885796566116E-4
39.0	38.51406740381075	11.271226639943709	11.533681080059113	38.681008238117826	1.663806859975512E-5
40.0	38.5077259542441	11.265022796710587	11.562713803268004	38.66453744577731	0.0
41.0	38.534520805416236	11.312630645362269	11.487646287822603	38.665202261398896	0.0
42.0	38.47911878586892	11.327539108516966	11.599092691297216	38.59351592124507	7.334930718245307E-4
43.0	38.57323403995258	11.275411897977992	11.473124484468908	38.650680830526326	0.027548747074196828
44.0	38.551979371473756	11.290831187311221	11.54455266569784	38.60418291766399	0.008453857853194278
45.0	38.54001123716985	11.31817616956886	11.496448014943976	38.645353438067644	1.1140249671933573E-5
46.0	38.5051353646359	11.345486552961995	11.540511267930485	38.608866814471625	0.0
47.0	38.53945418709744	11.350992934741999	11.464784175277462	38.6447687028831	0.0
48.0	38.504385625090734	11.370750906359913	11.579051270021099	38.54578985409813	2.234443011731999E-5
49.0	38.56780890324933	11.369537524479293	11.46218137772991	38.59428736314802	0.006184831393443632
50.0	38.50224449471087	11.394984883215455	11.526007279457435	38.57676334261623	0.0
51.0	38.59023786722673	11.365018473083799	11.477513774803363	38.56536906877475	0.0018608161113494424
52.0	38.536681806751595	11.372858725145251	11.493546173330769	38.59002761175724	0.006885683015141264
53.0	38.5679511680086	11.404936805096275	11.41369693979669	38.61341508709844	0.0
54.0	38.53241971123124	11.415773096934617	11.490596017055214	38.55341829281419	0.007792881964733524
55.0	38.57931505145047	11.421220233641236	11.420132759718072	38.56953342072191	0.009798534468303009
56.0	38.53408842627202	11.403993456192241	11.506404092768948	38.52538727460519	0.030126750161608942
57.0	38.59110143030287	11.416092865530416	11.440331934524108	38.54944459244964	0.0030291771929632214
58.0	38.56203404812401	11.394335410859545	11.504815548321787	38.53071492728281	0.008100065411848986
59.0	38.558850399701946	11.453926704272044	11.428174050067536	38.558306089969754	7.427559887253043E-4
60.0	38.55404045088458	11.433949569216875	11.489168781595065	38.52283551848325	5.679820240505173E-6
61.0	38.55930911040887	11.455286234922127	11.408871329711639	38.57619191337068	3.4141158668986446E-4
62.0	38.54374998218475	11.459094757185246	11.48534161101182	38.506380710500736	0.00543293911744669
63.0	38.53522515952837	11.480034113600162	11.454536305160786	38.528165282460485	0.0020391392501919333
64.0	38.57696005490863	11.468764705727482	11.43185980441547	38.52040649878828	0.0020089361601297257
65.0	38.60559662290674	11.447857273050644	11.420183984639232	38.520443190151454	0.005918929251933373
66.0	38.622078725877536	11.429875856195878	11.42793883947293	38.51977320465564	3.3337379801502345E-4
67.0	38.66205762382708	11.448310314618041	11.339192433203173	38.55001910225398	4.205260977344128E-4
68.0	38.6559415462887	11.456792541276508	11.362496716938335	38.524769195496454	0.0
69.0	38.62534340691138	11.456040674563676	11.357399440919195	38.55077075001829	0.010445727587461701
70.0	38.58758915207247	11.503220572028168	11.381340394223495	38.5278034732312	4.640844466622524E-5
71.0	38.61669835677645	11.482291679085371	11.34649769281074	38.550749585712026	0.0037626856154040975
72.0	38.610742070541384	11.515783764918886	11.412337095399657	38.45925971877175	0.0018773503683250647
73.0	38.58300096619362	11.528006959820807	11.394228102246421	38.492455020907116	0.0023089508320318936
74.0	38.61423173558454	11.486443716578762	11.430042722448967	38.46247713306884	0.006804692318891444
75.0	38.6220966286736	11.492767635793127	11.401916437819674	38.48210268424475	0.0011166134688502455
76.0	38.62127086784665	11.501754175042683	11.394953704276675	38.48162639401371	3.9485882029150014E-4
77.0	38.630883318491605	11.498005365244495	11.363889028601616	38.50486408131994	0.00235820634234572
78.0	38.62630958373334	11.489791607046282	11.414832927381244	38.466742316883526	0.002323564955613982
79.0	38.64753803301013	11.489878820266698	11.350990567167857	38.50936913093538	0.00222344861993695
80.0	38.550111108103124	11.50875537577055	11.404295989172192	38.53667056366924	1.6696328489291154E-4
81.0	38.57877518001943	11.494200414190333	11.388230280828031	38.53626988719528	0.002524237766927676
82.0	38.6192120048569	11.513845009908923	11.350720409980013	38.508584172557576	0.007638402696590165
83.0	38.591255968992925	11.536233635814277	11.381394517588834	38.48441017540347	0.006705702200487614
84.0	38.62053272361648	11.518857212081715	11.392804480334283	38.466954080341964	8.5150362556354E-4
85.0	38.61980544416087	11.525369836162355	11.356771174772836	38.49805354490394	0.0
86.0	38.643271105478505	11.512887681963118	11.383363759428965	38.46020997987689	2.674732525227743E-4
87.0	38.578404040067625	11.54261292085029	11.394723295736002	38.48422924435142	3.0498994661638967E-5
88.0	38.621414875921765	11.52364119914491	11.403512476683208	38.45143144825011	0.0
89.0	38.58702812768251	11.54145596882107	11.37016226741338	38.50135363608304	0.0
90.0	38.638458442938	11.541205685930459	11.398436043638688	38.42161626084581	2.835666470389231E-4
91.0	38.560876168436074	11.596501260894117	11.38019507463371	38.462192387341325	2.351086947711888E-4
92.0	38.62492414790432	11.581550038040927	11.371033304876118	38.42249250917863	0.0
93.0	38.62222165433751	11.552713500326758	11.371829060745346	38.45323578459038	0.0
94.0	38.62143917019303	11.538946408362186	11.338279089738407	38.48896020056471	0.01237513114166716
95.0	38.58737617783135	11.53046505519419	11.322895655928221	38.55747935077658	0.001783760269654306
96.0	38.55959807371432	11.546829197599168	11.333974654972195	38.559238607344035	3.59466370281389E-4
97.0	38.28491810788428	11.614600944228794	11.365678544083028	38.7348024038039	0.0
98.0	37.7587386049817	11.802831117880647	11.092850307849913	39.34507346630898	5.065029787570054E-4
99.0	35.97946775788881	12.334489739585457	10.474487406407192	41.20844555859288	0.003109537525659664
100.0	0.0	20.019080016434383	12.712924027900167	67.26799595566546	0.0
