#Coverage	Number of genomic locations
0.0	1.702196495E9
1.0	6.30413078E8
2.0	2.76341857E8
3.0	8.3912677E7
4.0	2.4421425E7
5.0	6096317.0
6.0	1488007.0
7.0	357314.0
8.0	99292.0
9.0	36480.0
10.0	19009.0
11.0	13463.0
12.0	9544.0
13.0	7399.0
14.0	6692.0
15.0	5574.0
16.0	5093.0
17.0	5028.0
18.0	4377.0
19.0	4359.0
20.0	4476.0
21.0	4388.0
22.0	4330.0
23.0	4187.0
24.0	4169.0
25.0	3678.0
26.0	3665.0
27.0	3499.0
28.0	3174.0
29.0	2677.0
30.0	2670.0
31.0	2210.0
32.0	2223.0
33.0	1698.0
34.0	1675.0
35.0	1327.0
36.0	1177.0
37.0	1140.0
38.0	1092.0
39.0	947.0
40.0	873.0
41.0	763.0
42.0	720.0
43.0	652.0
44.0	701.0
45.0	661.0
46.0	646.0
47.0	729.0
48.0	730.0
49.0	723.0
50.0	723.0
51.0	799.0
52.0	660.0
53.0	689.0
54.0	599.0
55.0	621.0
56.0	661.0
57.0	634.0
58.0	612.0
59.0	601.0
60.0	541.0
61.0	567.0
62.0	561.0
63.0	441.0
64.0	523.0
65.0	480.0
66.0	476.0
67.0	450.0
68.0	445.0
69.0	449.0
70.0	422.0
71.0	405.0
72.0	456.0
73.0	439.0
74.0	331.0
75.0	329.0
76.0	350.0
77.0	319.0
78.0	352.0
79.0	277.0
80.0	238.0
81.0	215.0
82.0	212.0
83.0	238.0
84.0	235.0
85.0	201.0
86.0	170.0
87.0	154.0
88.0	144.0
89.0	113.0
90.0	121.0
91.0	123.0
92.0	100.0
93.0	63.0
94.0	77.0
95.0	65.0
96.0	86.0
97.0	66.0
98.0	69.0
99.0	74.0
100.0	71.0
101.0	70.0
102.0	65.0
103.0	91.0
104.0	68.0
105.0	108.0
106.0	85.0
107.0	79.0
108.0	50.0
109.0	73.0
110.0	46.0
111.0	55.0
112.0	54.0
113.0	52.0
114.0	68.0
115.0	44.0
116.0	59.0
117.0	36.0
118.0	79.0
119.0	76.0
120.0	61.0
121.0	69.0
122.0	68.0
123.0	52.0
124.0	76.0
125.0	67.0
126.0	64.0
127.0	61.0
128.0	64.0
129.0	31.0
130.0	34.0
131.0	37.0
132.0	39.0
133.0	43.0
134.0	35.0
135.0	34.0
136.0	32.0
137.0	37.0
138.0	40.0
139.0	38.0
140.0	31.0
141.0	31.0
142.0	30.0
143.0	31.0
144.0	34.0
145.0	22.0
146.0	27.0
147.0	34.0
148.0	49.0
149.0	39.0
150.0	33.0
151.0	29.0
152.0	26.0
153.0	33.0
154.0	38.0
155.0	30.0
156.0	36.0
157.0	33.0
158.0	41.0
159.0	45.0
160.0	35.0
161.0	48.0
162.0	23.0
163.0	36.0
164.0	24.0
165.0	24.0
166.0	28.0
167.0	36.0
168.0	25.0
169.0	25.0
170.0	32.0
171.0	16.0
172.0	21.0
173.0	33.0
174.0	30.0
175.0	21.0
176.0	25.0
177.0	22.0
178.0	26.0
179.0	23.0
180.0	14.0
181.0	22.0
182.0	23.0
183.0	20.0
184.0	16.0
185.0	25.0
186.0	22.0
187.0	17.0
188.0	24.0
189.0	16.0
190.0	40.0
191.0	29.0
192.0	33.0
193.0	31.0
194.0	25.0
195.0	22.0
196.0	31.0
197.0	26.0
198.0	38.0
199.0	25.0
200.0	23.0
201.0	25.0
202.0	20.0
203.0	14.0
204.0	19.0
205.0	15.0
206.0	20.0
207.0	25.0
208.0	27.0
209.0	33.0
210.0	22.0
211.0	28.0
212.0	33.0
213.0	28.0
214.0	25.0
215.0	25.0
216.0	27.0
217.0	21.0
218.0	17.0
219.0	19.0
220.0	26.0
221.0	15.0
222.0	18.0
223.0	19.0
224.0	29.0
225.0	21.0
226.0	32.0
227.0	12.0
228.0	22.0
229.0	14.0
230.0	31.0
231.0	20.0
232.0	17.0
233.0	18.0
234.0	19.0
235.0	15.0
236.0	19.0
237.0	28.0
238.0	21.0
239.0	18.0
240.0	29.0
241.0	21.0
242.0	19.0
243.0	27.0
244.0	25.0
245.0	25.0
246.0	32.0
247.0	24.0
248.0	25.0
249.0	35.0
250.0	23.0
251.0	28.0
252.0	17.0
253.0	23.0
254.0	23.0
255.0	14.0
256.0	24.0
257.0	18.0
258.0	20.0
259.0	15.0
260.0	18.0
261.0	17.0
262.0	18.0
263.0	20.0
264.0	16.0
265.0	13.0
266.0	16.0
267.0	19.0
268.0	15.0
269.0	17.0
270.0	21.0
271.0	24.0
272.0	19.0
273.0	17.0
274.0	19.0
275.0	24.0
276.0	18.0
277.0	25.0
278.0	19.0
279.0	17.0
280.0	14.0
281.0	17.0
282.0	14.0
283.0	17.0
284.0	16.0
285.0	18.0
286.0	15.0
287.0	14.0
288.0	16.0
289.0	15.0
290.0	22.0
291.0	14.0
292.0	17.0
293.0	16.0
294.0	15.0
295.0	13.0
296.0	14.0
297.0	20.0
298.0	18.0
299.0	12.0
300.0	22.0
301.0	16.0
302.0	21.0
303.0	15.0
304.0	24.0
305.0	17.0
306.0	10.0
307.0	15.0
308.0	12.0
309.0	15.0
310.0	13.0
311.0	9.0
312.0	11.0
313.0	10.0
314.0	6.0
315.0	26.0
316.0	21.0
317.0	24.0
318.0	13.0
319.0	12.0
320.0	17.0
321.0	12.0
322.0	16.0
323.0	23.0
324.0	16.0
325.0	15.0
326.0	18.0
327.0	21.0
328.0	29.0
329.0	18.0
330.0	17.0
331.0	17.0
332.0	17.0
333.0	13.0
334.0	9.0
335.0	8.0
336.0	21.0
337.0	17.0
338.0	9.0
339.0	6.0
340.0	11.0
341.0	16.0
342.0	11.0
343.0	12.0
344.0	16.0
345.0	11.0
346.0	19.0
347.0	13.0
348.0	13.0
349.0	3.0
350.0	18.0
351.0	8.0
352.0	17.0
353.0	8.0
354.0	12.0
355.0	17.0
356.0	5.0
357.0	16.0
358.0	13.0
359.0	5.0
360.0	16.0
361.0	14.0
362.0	9.0
363.0	9.0
364.0	9.0
365.0	12.0
366.0	11.0
367.0	13.0
368.0	13.0
369.0	10.0
370.0	10.0
371.0	10.0
372.0	14.0
373.0	8.0
374.0	10.0
375.0	16.0
376.0	9.0
377.0	10.0
378.0	10.0
379.0	10.0
380.0	11.0
381.0	15.0
382.0	15.0
383.0	10.0
384.0	13.0
385.0	13.0
386.0	17.0
387.0	15.0
388.0	14.0
389.0	17.0
390.0	17.0
391.0	9.0
392.0	13.0
393.0	9.0
394.0	11.0
395.0	13.0
396.0	15.0
397.0	6.0
398.0	17.0
399.0	8.0
400.0	10.0
401.0	13.0
402.0	9.0
403.0	6.0
404.0	5.0
405.0	7.0
406.0	7.0
407.0	9.0
408.0	15.0
409.0	14.0
410.0	7.0
411.0	5.0
412.0	5.0
413.0	8.0
414.0	9.0
415.0	4.0
416.0	9.0
417.0	3.0
418.0	4.0
419.0	3.0
420.0	8.0
421.0	9.0
422.0	7.0
423.0	7.0
424.0	6.0
425.0	5.0
426.0	9.0
427.0	8.0
428.0	13.0
429.0	20.0
430.0	8.0
431.0	10.0
432.0	15.0
433.0	8.0
434.0	5.0
435.0	4.0
436.0	6.0
437.0	8.0
438.0	7.0
439.0	2.0
440.0	1.0
441.0	4.0
442.0	4.0
443.0	7.0
444.0	2.0
445.0	6.0
446.0	11.0
447.0	2.0
448.0	7.0
449.0	6.0
450.0	5.0
451.0	4.0
452.0	5.0
453.0	9.0
454.0	1.0
455.0	8.0
456.0	11.0
457.0	4.0
458.0	7.0
459.0	6.0
460.0	4.0
461.0	3.0
462.0	4.0
463.0	1.0
464.0	7.0
465.0	6.0
466.0	5.0
467.0	1.0
468.0	3.0
469.0	5.0
470.0	5.0
471.0	5.0
472.0	5.0
473.0	5.0
474.0	7.0
475.0	4.0
476.0	5.0
477.0	8.0
478.0	3.0
479.0	3.0
480.0	7.0
481.0	5.0
482.0	8.0
483.0	6.0
484.0	5.0
485.0	2.0
486.0	6.0
487.0	3.0
488.0	7.0
489.0	5.0
490.0	2.0
491.0	4.0
492.0	6.0
493.0	6.0
494.0	7.0
495.0	4.0
496.0	11.0
497.0	3.0
498.0	4.0
499.0	6.0
500.0	6.0
501.0	3.0
502.0	7.0
503.0	8.0
504.0	3.0
505.0	3.0
506.0	11.0
507.0	7.0
508.0	8.0
509.0	5.0
510.0	10.0
511.0	7.0
512.0	5.0
513.0	3.0
514.0	9.0
515.0	7.0
516.0	5.0
517.0	8.0
518.0	2.0
519.0	7.0
520.0	3.0
521.0	3.0
522.0	5.0
523.0	4.0
524.0	4.0
525.0	4.0
526.0	4.0
527.0	4.0
528.0	2.0
529.0	5.0
530.0	3.0
531.0	4.0
532.0	3.0
534.0	9.0
535.0	5.0
536.0	2.0
537.0	7.0
538.0	7.0
539.0	6.0
540.0	7.0
541.0	5.0
542.0	7.0
543.0	3.0
544.0	5.0
545.0	2.0
546.0	4.0
547.0	4.0
548.0	6.0
549.0	9.0
550.0	12.0
551.0	6.0
552.0	6.0
553.0	4.0
554.0	8.0
555.0	4.0
556.0	4.0
557.0	6.0
558.0	3.0
559.0	4.0
560.0	4.0
561.0	4.0
562.0	3.0
563.0	2.0
564.0	5.0
565.0	4.0
566.0	5.0
567.0	4.0
568.0	9.0
569.0	5.0
570.0	4.0
571.0	5.0
572.0	11.0
573.0	9.0
574.0	4.0
575.0	6.0
576.0	5.0
577.0	4.0
578.0	10.0
579.0	5.0
580.0	4.0
581.0	7.0
582.0	7.0
583.0	3.0
584.0	4.0
585.0	4.0
586.0	5.0
587.0	5.0
588.0	2.0
589.0	1.0
590.0	4.0
591.0	4.0
592.0	4.0
593.0	5.0
594.0	5.0
595.0	5.0
596.0	4.0
597.0	4.0
598.0	3.0
599.0	3.0
600.0	3.0
601.0	3.0
602.0	3.0
603.0	4.0
604.0	2.0
605.0	2.0
606.0	3.0
607.0	5.0
608.0	5.0
609.0	2.0
610.0	6.0
612.0	4.0
613.0	4.0
614.0	2.0
615.0	7.0
616.0	4.0
617.0	3.0
618.0	2.0
619.0	5.0
620.0	2.0
621.0	4.0
622.0	6.0
623.0	6.0
624.0	5.0
625.0	3.0
626.0	4.0
627.0	2.0
628.0	1.0
629.0	4.0
630.0	4.0
631.0	2.0
632.0	4.0
633.0	2.0
634.0	8.0
635.0	3.0
636.0	6.0
637.0	8.0
638.0	5.0
639.0	2.0
640.0	3.0
641.0	4.0
642.0	3.0
643.0	1.0
644.0	1.0
645.0	9.0
646.0	3.0
647.0	7.0
648.0	4.0
649.0	3.0
650.0	6.0
651.0	7.0
652.0	6.0
653.0	2.0
654.0	3.0
655.0	3.0
656.0	1.0
657.0	7.0
658.0	6.0
659.0	4.0
660.0	4.0
661.0	8.0
662.0	7.0
663.0	4.0
664.0	5.0
665.0	4.0
666.0	5.0
667.0	7.0
668.0	6.0
669.0	2.0
670.0	3.0
671.0	2.0
672.0	3.0
673.0	6.0
674.0	8.0
675.0	5.0
676.0	4.0
677.0	7.0
678.0	5.0
679.0	8.0
680.0	10.0
681.0	5.0
682.0	5.0
683.0	5.0
684.0	3.0
685.0	6.0
686.0	8.0
687.0	3.0
688.0	7.0
689.0	5.0
690.0	4.0
691.0	5.0
692.0	12.0
693.0	3.0
694.0	5.0
695.0	3.0
696.0	5.0
697.0	7.0
698.0	4.0
699.0	4.0
700.0	4.0
701.0	5.0
702.0	3.0
703.0	8.0
704.0	4.0
705.0	8.0
706.0	6.0
707.0	2.0
708.0	7.0
709.0	8.0
710.0	3.0
711.0	7.0
712.0	2.0
713.0	3.0
714.0	2.0
715.0	3.0
716.0	7.0
717.0	5.0
718.0	6.0
719.0	4.0
720.0	4.0
721.0	8.0
722.0	5.0
723.0	4.0
724.0	5.0
725.0	9.0
726.0	10.0
727.0	9.0
728.0	4.0
729.0	6.0
730.0	6.0
731.0	2.0
732.0	1.0
733.0	1.0
734.0	3.0
735.0	9.0
736.0	2.0
737.0	5.0
738.0	5.0
739.0	8.0
740.0	6.0
741.0	2.0
742.0	3.0
743.0	6.0
744.0	2.0
745.0	2.0
746.0	3.0
747.0	6.0
748.0	8.0
749.0	5.0
750.0	8.0
751.0	7.0
752.0	3.0
753.0	4.0
754.0	3.0
755.0	7.0
756.0	2.0
757.0	11.0
758.0	4.0
759.0	4.0
760.0	7.0
761.0	5.0
762.0	6.0
763.0	6.0
764.0	5.0
765.0	5.0
766.0	7.0
767.0	8.0
768.0	1.0
769.0	5.0
770.0	5.0
771.0	8.0
772.0	3.0
773.0	3.0
774.0	7.0
775.0	3.0
776.0	3.0
777.0	6.0
778.0	3.0
779.0	9.0
780.0	10.0
781.0	6.0
782.0	7.0
783.0	4.0
784.0	8.0
785.0	5.0
786.0	12.0
787.0	4.0
788.0	11.0
789.0	6.0
790.0	13.0
791.0	13.0
792.0	9.0
793.0	7.0
794.0	9.0
795.0	4.0
796.0	4.0
797.0	5.0
798.0	8.0
799.0	1.0
800.0	1.0
801.0	6.0
803.0	1.0
804.0	2.0
805.0	3.0
806.0	3.0
807.0	9.0
808.0	5.0
809.0	3.0
810.0	5.0
811.0	2.0
812.0	2.0
813.0	6.0
814.0	2.0
815.0	2.0
816.0	2.0
817.0	3.0
818.0	2.0
819.0	5.0
820.0	2.0
821.0	2.0
822.0	3.0
823.0	1.0
824.0	1.0
825.0	5.0
827.0	5.0
828.0	3.0
829.0	2.0
830.0	1.0
831.0	1.0
832.0	7.0
833.0	6.0
834.0	5.0
835.0	5.0
836.0	4.0
837.0	2.0
838.0	8.0
839.0	1.0
840.0	3.0
841.0	3.0
842.0	3.0
843.0	2.0
844.0	2.0
845.0	2.0
846.0	1.0
847.0	3.0
848.0	3.0
849.0	2.0
850.0	2.0
851.0	3.0
852.0	1.0
853.0	1.0
854.0	1.0
855.0	3.0
856.0	1.0
858.0	3.0
860.0	2.0
861.0	3.0
862.0	3.0
863.0	5.0
864.0	3.0
865.0	3.0
866.0	3.0
867.0	2.0
868.0	3.0
869.0	8.0
870.0	1.0
872.0	3.0
873.0	2.0
874.0	3.0
875.0	3.0
876.0	3.0
877.0	1.0
878.0	2.0
879.0	3.0
880.0	5.0
881.0	4.0
882.0	4.0
883.0	2.0
884.0	2.0
885.0	5.0
886.0	3.0
887.0	2.0
888.0	3.0
889.0	2.0
890.0	3.0
891.0	5.0
893.0	3.0
894.0	5.0
895.0	4.0
896.0	2.0
897.0	1.0
898.0	3.0
899.0	2.0
900.0	2.0
901.0	3.0
902.0	2.0
903.0	1.0
904.0	4.0
905.0	3.0
906.0	5.0
907.0	4.0
908.0	4.0
909.0	1.0
910.0	3.0
911.0	4.0
912.0	2.0
913.0	2.0
914.0	3.0
915.0	3.0
916.0	6.0
917.0	2.0
918.0	2.0
919.0	2.0
920.0	3.0
921.0	1.0
922.0	5.0
923.0	4.0
924.0	2.0
925.0	1.0
926.0	2.0
927.0	3.0
928.0	1.0
929.0	1.0
930.0	4.0
931.0	2.0
932.0	1.0
933.0	5.0
934.0	5.0
935.0	3.0
936.0	2.0
938.0	6.0
939.0	2.0
940.0	4.0
941.0	2.0
942.0	2.0
944.0	2.0
945.0	4.0
946.0	2.0
947.0	2.0
948.0	4.0
949.0	1.0
950.0	6.0
951.0	3.0
952.0	1.0
953.0	3.0
954.0	2.0
957.0	1.0
959.0	1.0
960.0	2.0
961.0	2.0
962.0	4.0
963.0	1.0
964.0	4.0
966.0	3.0
967.0	1.0
968.0	5.0
970.0	1.0
971.0	2.0
973.0	2.0
974.0	4.0
976.0	4.0
977.0	3.0
978.0	1.0
979.0	3.0
980.0	2.0
981.0	4.0
982.0	1.0
983.0	5.0
984.0	2.0
985.0	4.0
986.0	1.0
987.0	1.0
989.0	1.0
990.0	2.0
993.0	4.0
994.0	2.0
995.0	3.0
996.0	5.0
997.0	1.0
998.0	6.0
999.0	4.0
1000.0	4.0
1001.0	1.0
1002.0	2.0
1003.0	2.0
1004.0	5.0
1005.0	4.0
1006.0	3.0
1007.0	4.0
1008.0	1.0
1009.0	5.0
1010.0	3.0
1011.0	3.0
1012.0	4.0
1013.0	2.0
1014.0	3.0
1015.0	5.0
1016.0	4.0
1017.0	4.0
1018.0	1.0
1020.0	2.0
1021.0	1.0
1022.0	3.0
1023.0	4.0
1024.0	4.0
1025.0	1.0
1026.0	2.0
1027.0	2.0
1028.0	3.0
1029.0	3.0
1030.0	2.0
1031.0	3.0
1032.0	2.0
1033.0	2.0
1034.0	2.0
1035.0	2.0
1036.0	3.0
1037.0	2.0
1038.0	2.0
1039.0	6.0
1040.0	3.0
1041.0	2.0
1042.0	1.0
1044.0	3.0
1045.0	1.0
1046.0	5.0
1047.0	2.0
1049.0	1.0
1050.0	1.0
1051.0	2.0
1055.0	2.0
1056.0	1.0
1057.0	4.0
1058.0	2.0
1059.0	1.0
1061.0	2.0
1062.0	3.0
1063.0	2.0
1065.0	2.0
1066.0	1.0
1067.0	3.0
1068.0	3.0
1069.0	2.0
1070.0	2.0
1071.0	2.0
1072.0	2.0
1074.0	1.0
1075.0	1.0
1077.0	3.0
1078.0	1.0
1081.0	2.0
1082.0	1.0
1083.0	3.0
1084.0	1.0
1085.0	2.0
1086.0	1.0
1087.0	1.0
1088.0	2.0
1090.0	2.0
1091.0	2.0
1092.0	3.0
1093.0	1.0
1094.0	1.0
1095.0	1.0
1096.0	1.0
1097.0	1.0
1098.0	3.0
1099.0	1.0
1103.0	1.0
1106.0	1.0
1108.0	2.0
1110.0	1.0
1111.0	1.0
1112.0	1.0
1113.0	4.0
1114.0	1.0
1115.0	2.0
1116.0	1.0
1119.0	2.0
1120.0	4.0
1121.0	2.0
1123.0	1.0
1124.0	2.0
1126.0	3.0
1127.0	2.0
1128.0	1.0
1129.0	3.0
1130.0	1.0
1132.0	1.0
1134.0	1.0
1136.0	2.0
1138.0	3.0
1139.0	1.0
1144.0	2.0
1146.0	1.0
1147.0	3.0
1148.0	2.0
1150.0	1.0
1151.0	1.0
1152.0	1.0
1153.0	2.0
1155.0	1.0
1156.0	1.0
1158.0	1.0
1159.0	2.0
1160.0	1.0
1161.0	2.0
1162.0	4.0
1163.0	2.0
1164.0	1.0
1165.0	3.0
1166.0	2.0
1167.0	1.0
1168.0	4.0
1169.0	1.0
1170.0	1.0
1171.0	1.0
1172.0	1.0
1173.0	2.0
1174.0	2.0
1175.0	1.0
1176.0	2.0
1177.0	1.0
1178.0	5.0
1180.0	2.0
1181.0	3.0
1182.0	1.0
1183.0	1.0
1184.0	5.0
1185.0	1.0
1187.0	2.0
1188.0	1.0
1190.0	2.0
1191.0	2.0
1192.0	4.0
1193.0	2.0
1194.0	1.0
1195.0	2.0
1196.0	2.0
1198.0	3.0
1199.0	2.0
1200.0	3.0
1201.0	4.0
1202.0	3.0
1203.0	2.0
1204.0	5.0
1205.0	8.0
1206.0	7.0
1207.0	3.0
1208.0	6.0
1209.0	1.0
1210.0	1.0
1211.0	5.0
1212.0	2.0
1213.0	1.0
1214.0	2.0
1215.0	1.0
1218.0	2.0
1219.0	5.0
1220.0	4.0
1221.0	3.0
1222.0	2.0
1223.0	1.0
1224.0	3.0
1225.0	1.0
1226.0	1.0
1227.0	1.0
1228.0	5.0
1229.0	1.0
1232.0	3.0
1233.0	2.0
1235.0	2.0
1236.0	1.0
1237.0	1.0
1238.0	1.0
1239.0	2.0
1241.0	2.0
1242.0	1.0
1243.0	1.0
1244.0	2.0
1245.0	5.0
1247.0	2.0
1248.0	3.0
1250.0	1.0
1252.0	2.0
1254.0	1.0
1256.0	4.0
1257.0	2.0
1258.0	3.0
1259.0	2.0
1260.0	1.0
1262.0	3.0
1264.0	1.0
1265.0	1.0
1266.0	3.0
1267.0	2.0
1268.0	2.0
1269.0	4.0
1270.0	1.0
1271.0	2.0
1272.0	2.0
1274.0	3.0
1277.0	2.0
1278.0	2.0
1279.0	1.0
1280.0	1.0
1282.0	2.0
1285.0	2.0
1286.0	2.0
1287.0	2.0
1288.0	1.0
1289.0	1.0
1290.0	1.0
1291.0	3.0
1292.0	3.0
1293.0	2.0
1295.0	2.0
1296.0	1.0
1298.0	1.0
1299.0	4.0
1300.0	1.0
1301.0	1.0
1302.0	1.0
1304.0	1.0
1305.0	1.0
1306.0	2.0
1307.0	2.0
1308.0	2.0
1309.0	1.0
1310.0	1.0
1311.0	2.0
1313.0	1.0
1314.0	2.0
1315.0	1.0
1316.0	3.0
1317.0	1.0
1318.0	2.0
1319.0	3.0
1323.0	2.0
1324.0	2.0
1325.0	4.0
1326.0	2.0
1328.0	2.0
1329.0	1.0
1330.0	2.0
1331.0	2.0
1332.0	2.0
1333.0	1.0
1334.0	1.0
1335.0	3.0
1337.0	4.0
1338.0	1.0
1339.0	2.0
1341.0	2.0
1342.0	2.0
1343.0	2.0
1345.0	1.0
1346.0	1.0
1348.0	3.0
1349.0	2.0
1350.0	2.0
1351.0	1.0
1352.0	2.0
1354.0	2.0
1355.0	1.0
1356.0	1.0
1358.0	1.0
1359.0	1.0
1360.0	2.0
1361.0	5.0
1362.0	1.0
1364.0	5.0
1365.0	1.0
1366.0	1.0
1367.0	1.0
1368.0	1.0
1370.0	1.0
1371.0	1.0
1372.0	1.0
1373.0	1.0
1374.0	2.0
1375.0	2.0
1376.0	1.0
1377.0	4.0
1378.0	2.0
1379.0	1.0
1380.0	2.0
1381.0	1.0
1382.0	2.0
1384.0	1.0
1385.0	1.0
1386.0	4.0
1387.0	1.0
1388.0	2.0
1390.0	3.0
1391.0	1.0
1392.0	4.0
1393.0	1.0
1394.0	2.0
1395.0	5.0
1396.0	2.0
1398.0	5.0
1399.0	4.0
1400.0	3.0
1401.0	4.0
1402.0	5.0
1403.0	3.0
1404.0	2.0
1405.0	1.0
1406.0	3.0
1407.0	4.0
1408.0	2.0
1409.0	2.0
1410.0	3.0
1411.0	1.0
1413.0	3.0
1414.0	3.0
1415.0	2.0
1416.0	2.0
1417.0	1.0
1418.0	1.0
1419.0	4.0
1421.0	1.0
1423.0	1.0
1424.0	1.0
1425.0	1.0
1426.0	1.0
1427.0	3.0
1428.0	1.0
1429.0	3.0
1430.0	2.0
1431.0	1.0
1432.0	2.0
1433.0	1.0
1434.0	4.0
1435.0	2.0
1436.0	2.0
1437.0	1.0
1439.0	1.0
1440.0	1.0
1442.0	3.0
1443.0	1.0
1444.0	3.0
1445.0	1.0
1446.0	1.0
1447.0	3.0
1449.0	2.0
1450.0	2.0
1451.0	2.0
1452.0	2.0
1453.0	2.0
1454.0	2.0
1455.0	2.0
1456.0	1.0
1457.0	3.0
1458.0	1.0
1459.0	1.0
1460.0	2.0
1461.0	1.0
1463.0	1.0
1464.0	1.0
1467.0	2.0
1469.0	1.0
1470.0	1.0
1472.0	4.0
1474.0	4.0
1475.0	1.0
1476.0	1.0
1477.0	1.0
1478.0	2.0
1480.0	2.0
1481.0	2.0
1483.0	2.0
1486.0	2.0
1487.0	1.0
1488.0	1.0
1489.0	1.0
1490.0	2.0
1491.0	1.0
1492.0	2.0
1493.0	1.0
1494.0	2.0
1495.0	1.0
1497.0	2.0
1498.0	2.0
1499.0	3.0
1502.0	2.0
1503.0	1.0
1504.0	1.0
1506.0	3.0
1507.0	1.0
1508.0	1.0
1510.0	1.0
1512.0	1.0
1513.0	1.0
1514.0	2.0
1515.0	5.0
1516.0	2.0
1517.0	1.0
1519.0	4.0
1521.0	1.0
1522.0	2.0
1523.0	1.0
1524.0	1.0
1525.0	1.0
1526.0	1.0
1529.0	3.0
1530.0	2.0
1531.0	1.0
1532.0	3.0
1533.0	1.0
1534.0	1.0
1535.0	3.0
1536.0	2.0
1537.0	1.0
1539.0	4.0
1540.0	1.0
1541.0	1.0
1542.0	2.0
1544.0	3.0
1545.0	1.0
1546.0	1.0
1547.0	3.0
1548.0	1.0
1550.0	2.0
1551.0	1.0
1552.0	2.0
1555.0	1.0
1557.0	1.0
1558.0	1.0
1559.0	1.0
1560.0	4.0
1561.0	1.0
1562.0	3.0
1563.0	1.0
1564.0	1.0
1566.0	2.0
1567.0	2.0
1569.0	1.0
1570.0	2.0
1571.0	2.0
1572.0	2.0
1573.0	1.0
1575.0	3.0
1576.0	2.0
1577.0	1.0
1578.0	2.0
1579.0	1.0
1580.0	2.0
1581.0	2.0
1582.0	1.0
1584.0	1.0
1586.0	2.0
1587.0	1.0
1588.0	1.0
1589.0	1.0
1590.0	1.0
1591.0	3.0
1592.0	1.0
1594.0	2.0
1595.0	2.0
1596.0	5.0
1597.0	2.0
1598.0	8.0
1599.0	3.0
1600.0	2.0
1601.0	2.0
1602.0	3.0
1603.0	2.0
1604.0	1.0
1605.0	2.0
1606.0	1.0
1608.0	2.0
1609.0	2.0
1610.0	2.0
1611.0	3.0
1613.0	1.0
1614.0	1.0
1616.0	2.0
1617.0	1.0
1619.0	1.0
1620.0	3.0
1622.0	2.0
1623.0	3.0
1624.0	1.0
1625.0	2.0
1626.0	2.0
1629.0	1.0
1630.0	1.0
1631.0	1.0
1634.0	2.0
1635.0	2.0
1636.0	1.0
1637.0	1.0
1638.0	1.0
1639.0	3.0
1640.0	2.0
1641.0	2.0
1642.0	2.0
1643.0	2.0
1644.0	2.0
1646.0	2.0
1648.0	2.0
1650.0	2.0
1651.0	1.0
1652.0	1.0
1653.0	1.0
1654.0	2.0
1656.0	2.0
1657.0	3.0
1658.0	1.0
1660.0	1.0
1662.0	1.0
1663.0	3.0
1665.0	1.0
1667.0	1.0
1669.0	1.0
1670.0	1.0
1671.0	2.0
1672.0	1.0
1673.0	3.0
1675.0	1.0
1676.0	2.0
1677.0	1.0
1678.0	2.0
1680.0	1.0
1681.0	3.0
1682.0	1.0
1683.0	2.0
1684.0	2.0
1685.0	1.0
1687.0	2.0
1691.0	2.0
1692.0	3.0
1693.0	3.0
1695.0	1.0
1696.0	3.0
1697.0	2.0
1698.0	3.0
1699.0	1.0
1700.0	3.0
1701.0	3.0
1702.0	1.0
1703.0	3.0
1704.0	2.0
1706.0	2.0
1707.0	1.0
1709.0	1.0
1711.0	1.0
1712.0	1.0
1713.0	2.0
1714.0	1.0
1715.0	2.0
1716.0	4.0
1717.0	2.0
1718.0	1.0
1719.0	2.0
1720.0	3.0
1722.0	5.0
1723.0	3.0
1724.0	2.0
1725.0	2.0
1729.0	1.0
1730.0	2.0
1731.0	1.0
1733.0	1.0
1734.0	3.0
1736.0	1.0
1738.0	1.0
1740.0	2.0
1741.0	4.0
1742.0	1.0
1744.0	3.0
1745.0	2.0
1746.0	4.0
1747.0	2.0
1749.0	2.0
1751.0	1.0
1752.0	2.0
1753.0	2.0
1754.0	1.0
1755.0	3.0
1756.0	1.0
1757.0	1.0
1760.0	3.0
1761.0	2.0
1762.0	1.0
1763.0	3.0
1765.0	2.0
1766.0	4.0
1767.0	1.0
1768.0	1.0
1769.0	2.0
1770.0	2.0
1771.0	1.0
1772.0	1.0
1773.0	3.0
1774.0	4.0
1775.0	2.0
1776.0	2.0
1777.0	2.0
1778.0	1.0
1780.0	2.0
1781.0	1.0
1783.0	1.0
1784.0	3.0
1785.0	3.0
1786.0	2.0
1789.0	1.0
1790.0	3.0
1791.0	1.0
1792.0	1.0
1793.0	1.0
1794.0	1.0
1795.0	1.0
1796.0	4.0
1797.0	2.0
1799.0	2.0
1800.0	1.0
1802.0	2.0
1803.0	3.0
1804.0	2.0
1805.0	1.0
1806.0	3.0
1807.0	1.0
1808.0	1.0
1809.0	1.0
1810.0	1.0
1811.0	2.0
1813.0	2.0
1815.0	3.0
1816.0	5.0
1817.0	2.0
1819.0	1.0
1820.0	1.0
1821.0	2.0
1822.0	1.0
1824.0	2.0
1826.0	2.0
1829.0	2.0
1830.0	2.0
1831.0	3.0
1833.0	2.0
1834.0	2.0
1835.0	1.0
1836.0	1.0
1837.0	1.0
1838.0	1.0
1839.0	1.0
1840.0	2.0
1842.0	2.0
1844.0	1.0
1845.0	4.0
1846.0	2.0
1848.0	1.0
1849.0	2.0
1850.0	3.0
1851.0	1.0
1852.0	1.0
1856.0	3.0
1857.0	2.0
1858.0	1.0
1859.0	2.0
1860.0	2.0
1861.0	2.0
1862.0	3.0
1865.0	1.0
1866.0	3.0
1867.0	3.0
1869.0	2.0
1871.0	2.0
1872.0	1.0
1873.0	3.0
1874.0	1.0
1875.0	1.0
1876.0	2.0
1877.0	1.0
1878.0	2.0
1879.0	2.0
1880.0	1.0
1881.0	1.0
1883.0	5.0
1884.0	1.0
1885.0	1.0
1886.0	2.0
1887.0	1.0
1888.0	2.0
1890.0	1.0
1891.0	2.0
1892.0	1.0
1893.0	1.0
1894.0	2.0
1895.0	1.0
1898.0	2.0
1900.0	1.0
1901.0	2.0
1902.0	2.0
1903.0	1.0
1904.0	1.0
1905.0	1.0
1906.0	2.0
1907.0	1.0
1908.0	1.0
1909.0	3.0
1910.0	5.0
1911.0	1.0
1912.0	2.0
1913.0	4.0
1914.0	2.0
1915.0	4.0
1917.0	1.0
1919.0	3.0
1921.0	1.0
1923.0	1.0
1924.0	2.0
1925.0	1.0
1926.0	1.0
1929.0	1.0
1930.0	1.0
1931.0	3.0
1932.0	1.0
1933.0	1.0
1934.0	2.0
1936.0	2.0
1937.0	2.0
1938.0	1.0
1939.0	4.0
1940.0	1.0
1941.0	1.0
1942.0	1.0
1945.0	2.0
1946.0	1.0
1947.0	2.0
1948.0	1.0
1949.0	2.0
1950.0	6.0
1952.0	2.0
1953.0	4.0
1954.0	1.0
1956.0	3.0
1957.0	3.0
1958.0	3.0
1959.0	3.0
1960.0	1.0
1961.0	1.0
1962.0	1.0
1963.0	3.0
1964.0	3.0
1965.0	1.0
1966.0	1.0
1967.0	5.0
1968.0	1.0
1969.0	2.0
1972.0	1.0
1973.0	2.0
1974.0	2.0
1975.0	2.0
1976.0	3.0
1978.0	2.0
1979.0	3.0
1980.0	1.0
1981.0	1.0
1982.0	1.0
1983.0	1.0
1984.0	2.0
1986.0	1.0
1988.0	1.0
1989.0	1.0
1990.0	2.0
1991.0	3.0
1992.0	2.0
1993.0	1.0
1994.0	1.0
1997.0	2.0
1998.0	3.0
1999.0	3.0
2004.0	1.0
2005.0	3.0
2006.0	2.0
2007.0	1.0
2010.0	1.0
2011.0	2.0
2013.0	2.0
2015.0	1.0
2019.0	1.0
2020.0	2.0
2023.0	3.0
2024.0	2.0
2026.0	2.0
2029.0	1.0
2031.0	1.0
2032.0	2.0
2035.0	3.0
2037.0	3.0
2038.0	1.0
2039.0	1.0
2042.0	1.0
2043.0	1.0
2044.0	1.0
2045.0	1.0
2046.0	1.0
2049.0	1.0
2050.0	1.0
2054.0	1.0
2057.0	1.0
2060.0	2.0
2061.0	1.0
2062.0	3.0
2064.0	4.0
2066.0	2.0
2067.0	1.0
2068.0	2.0
2070.0	1.0
2072.0	1.0
2076.0	1.0
2077.0	2.0
2081.0	3.0
2082.0	3.0
2083.0	1.0
2084.0	2.0
2086.0	2.0
2090.0	1.0
2091.0	1.0
2093.0	1.0
2094.0	1.0
2096.0	1.0
2097.0	1.0
2098.0	1.0
2099.0	1.0
2101.0	2.0
2102.0	1.0
2103.0	1.0
2104.0	1.0
2108.0	1.0
2110.0	2.0
2113.0	1.0
2116.0	1.0
2120.0	4.0
2124.0	1.0
2126.0	3.0
2127.0	1.0
2128.0	2.0
2129.0	3.0
2130.0	1.0
2131.0	1.0
2133.0	1.0
2134.0	1.0
2135.0	2.0
2136.0	1.0
2137.0	1.0
2138.0	1.0
2143.0	3.0
2147.0	1.0
2148.0	1.0
2149.0	1.0
2150.0	1.0
2151.0	1.0
2152.0	3.0
2154.0	1.0
2155.0	1.0
2157.0	1.0
2158.0	2.0
2160.0	1.0
2165.0	3.0
2166.0	2.0
2168.0	3.0
2169.0	2.0
2170.0	3.0
2171.0	1.0
2172.0	1.0
2174.0	1.0
2177.0	1.0
2178.0	1.0
2180.0	1.0
2181.0	1.0
2182.0	3.0
2184.0	1.0
2188.0	2.0
2189.0	5.0
2193.0	4.0
2198.0	1.0
2203.0	1.0
2205.0	1.0
2206.0	2.0
2207.0	2.0
2208.0	2.0
2209.0	1.0
2211.0	1.0
2213.0	3.0
2214.0	2.0
2216.0	1.0
2217.0	1.0
2218.0	3.0
2219.0	1.0
2220.0	2.0
2221.0	1.0
2223.0	1.0
2224.0	2.0
2226.0	2.0
2227.0	1.0
2228.0	2.0
2229.0	1.0
2232.0	2.0
2233.0	3.0
2234.0	1.0
2235.0	1.0
2240.0	1.0
2243.0	2.0
2244.0	1.0
2245.0	2.0
2247.0	1.0
2248.0	1.0
2250.0	1.0
2251.0	1.0
2253.0	1.0
2255.0	1.0
2256.0	1.0
2257.0	1.0
2259.0	1.0
2262.0	1.0
2265.0	2.0
2267.0	1.0
2268.0	2.0
2269.0	2.0
2270.0	1.0
2272.0	3.0
2274.0	1.0
2278.0	1.0
2282.0	1.0
2284.0	1.0
2285.0	1.0
2287.0	1.0
2288.0	2.0
2292.0	2.0
2293.0	1.0
2301.0	2.0
2303.0	1.0
2304.0	1.0
2306.0	2.0
2307.0	2.0
2310.0	2.0
2312.0	2.0
2314.0	2.0
2317.0	1.0
2318.0	1.0
2319.0	1.0
2321.0	2.0
2323.0	2.0
2327.0	2.0
2332.0	2.0
2334.0	3.0
2336.0	1.0
2337.0	1.0
2339.0	2.0
2342.0	3.0
2345.0	1.0
2346.0	1.0
2348.0	1.0
2350.0	1.0
2353.0	1.0
2356.0	2.0
2360.0	2.0
2362.0	1.0
2364.0	1.0
2365.0	1.0
2366.0	1.0
2370.0	3.0
2374.0	1.0
2375.0	2.0
2376.0	5.0
2379.0	2.0
2380.0	2.0
2381.0	2.0
2384.0	2.0
2386.0	1.0
2388.0	1.0
2397.0	1.0
2398.0	2.0
2400.0	1.0
2401.0	2.0
2403.0	1.0
2404.0	1.0
2407.0	1.0
2408.0	1.0
2410.0	1.0
2415.0	2.0
2417.0	2.0
2419.0	2.0
2420.0	1.0
2421.0	3.0
2423.0	1.0
2424.0	1.0
2428.0	1.0
2429.0	1.0
2430.0	2.0
2431.0	1.0
2433.0	2.0
2434.0	2.0
2435.0	1.0
2436.0	1.0
2438.0	1.0
2439.0	3.0
2440.0	1.0
2441.0	1.0
2442.0	4.0
2443.0	3.0
2445.0	2.0
2446.0	2.0
2448.0	1.0
2450.0	1.0
2452.0	2.0
2453.0	1.0
2455.0	2.0
2457.0	3.0
2458.0	1.0
2459.0	1.0
2461.0	1.0
2462.0	2.0
2463.0	1.0
2464.0	2.0
2465.0	1.0
2466.0	1.0
2467.0	2.0
2468.0	2.0
2470.0	1.0
2472.0	5.0
2473.0	2.0
2474.0	2.0
2476.0	1.0
2478.0	3.0
2484.0	2.0
2490.0	1.0
2491.0	2.0
2496.0	1.0
2497.0	1.0
2502.0	1.0
2507.0	1.0
2508.0	1.0
2512.0	2.0
2513.0	1.0
2517.0	1.0
2519.0	1.0
2521.0	1.0
2523.0	3.0
2524.0	1.0
2525.0	1.0
2528.0	1.0
2529.0	2.0
2537.0	2.0
2538.0	2.0
2539.0	1.0
2542.0	1.0
2544.0	1.0
2553.0	1.0
2554.0	1.0
2555.0	1.0
2556.0	1.0
2557.0	1.0
2558.0	1.0
2560.0	1.0
2561.0	2.0
2563.0	1.0
2571.0	1.0
2573.0	2.0
2578.0	1.0
2579.0	2.0
2581.0	1.0
2586.0	1.0
2592.0	1.0
2593.0	1.0
2596.0	1.0
2598.0	1.0
2600.0	2.0
2601.0	2.0
2602.0	2.0
2603.0	1.0
2606.0	1.0
2609.0	1.0
2611.0	1.0
2619.0	1.0
2620.0	1.0
2622.0	1.0
2624.0	1.0
2625.0	1.0
2627.0	2.0
2629.0	1.0
2631.0	2.0
2633.0	1.0
2634.0	1.0
2636.0	1.0
2642.0	1.0
2643.0	1.0
2647.0	1.0
2650.0	1.0
2651.0	1.0
2652.0	1.0
2654.0	1.0
2655.0	2.0
2657.0	1.0
2660.0	2.0
2662.0	1.0
2663.0	1.0
2664.0	1.0
2665.0	1.0
2666.0	1.0
2667.0	2.0
2670.0	1.0
2673.0	2.0
2675.0	1.0
2679.0	1.0
2680.0	1.0
2686.0	1.0
2687.0	4.0
2689.0	2.0
2694.0	1.0
2695.0	1.0
2696.0	1.0
2697.0	1.0
2700.0	1.0
2701.0	1.0
2702.0	1.0
2705.0	3.0
2707.0	1.0
2708.0	2.0
2709.0	2.0
2710.0	3.0
2711.0	1.0
2714.0	1.0
2715.0	1.0
2717.0	1.0
2722.0	1.0
2723.0	1.0
2725.0	1.0
2727.0	1.0
2729.0	1.0
2733.0	1.0
2735.0	1.0
2740.0	1.0
2741.0	1.0
2742.0	1.0
2744.0	1.0
2749.0	1.0
2750.0	2.0
2754.0	1.0
2755.0	1.0
2756.0	1.0
2758.0	2.0
2759.0	1.0
2760.0	1.0
2763.0	1.0
2764.0	1.0
2768.0	2.0
2769.0	1.0
2771.0	1.0
2773.0	1.0
2775.0	3.0
2776.0	2.0
2777.0	2.0
2778.0	1.0
2781.0	1.0
2783.0	1.0
2784.0	2.0
2785.0	1.0
2786.0	1.0
2787.0	1.0
2789.0	1.0
2791.0	2.0
2792.0	1.0
2794.0	1.0
2797.0	2.0
2798.0	2.0
2800.0	1.0
2801.0	2.0
2802.0	1.0
2803.0	2.0
2805.0	1.0
2806.0	1.0
2812.0	2.0
2814.0	2.0
2816.0	1.0
2819.0	2.0
2820.0	2.0
2823.0	1.0
2824.0	1.0
2825.0	3.0
2826.0	1.0
2827.0	1.0
2829.0	2.0
2830.0	2.0
2831.0	1.0
2835.0	1.0
2836.0	2.0
2837.0	1.0
2839.0	1.0
2840.0	2.0
2842.0	1.0
2843.0	2.0
2844.0	1.0
2845.0	3.0
2846.0	1.0
2847.0	1.0
2848.0	1.0
2849.0	1.0
2851.0	1.0
2852.0	1.0
2853.0	2.0
2855.0	1.0
2859.0	1.0
2860.0	1.0
2861.0	2.0
2862.0	1.0
2865.0	1.0
2866.0	2.0
2871.0	2.0
2873.0	2.0
2874.0	1.0
2876.0	1.0
2877.0	3.0
2878.0	3.0
2879.0	3.0
2882.0	1.0
2884.0	2.0
2885.0	3.0
2886.0	1.0
2887.0	2.0
2888.0	1.0
2889.0	1.0
2890.0	1.0
2893.0	1.0
2894.0	2.0
2898.0	1.0
2900.0	1.0
2902.0	3.0
2904.0	2.0
2905.0	1.0
2908.0	1.0
2913.0	1.0
2914.0	1.0
2915.0	2.0
2917.0	2.0
2918.0	1.0
2922.0	1.0
2923.0	2.0
2925.0	1.0
2927.0	1.0
2938.0	2.0
2941.0	1.0
2945.0	2.0
2955.0	1.0
2956.0	2.0
2962.0	2.0
2964.0	2.0
2969.0	1.0
2970.0	2.0
2972.0	2.0
2974.0	1.0
2976.0	1.0
2977.0	1.0
2978.0	1.0
2986.0	2.0
2989.0	2.0
2992.0	2.0
2993.0	2.0
2995.0	1.0
3001.0	2.0
3002.0	1.0
3003.0	1.0
3005.0	1.0
3007.0	1.0
3008.0	1.0
3011.0	2.0
3012.0	2.0
3013.0	2.0
3014.0	1.0
3015.0	1.0
3019.0	1.0
3020.0	1.0
3021.0	2.0
3022.0	1.0
3025.0	3.0
3026.0	1.0
3027.0	1.0
3030.0	1.0
3031.0	3.0
3032.0	1.0
3033.0	1.0
3034.0	1.0
3035.0	1.0
3036.0	3.0
3038.0	1.0
3039.0	1.0
3040.0	1.0
3042.0	1.0
3043.0	2.0
3047.0	1.0
3048.0	2.0
3050.0	1.0
3057.0	2.0
3058.0	2.0
3060.0	1.0
3061.0	1.0
3063.0	3.0
3068.0	2.0
3071.0	1.0
3072.0	1.0
3075.0	2.0
3077.0	1.0
3080.0	3.0
3083.0	1.0
3086.0	1.0
3090.0	1.0
3092.0	1.0
3093.0	1.0
3095.0	1.0
3096.0	2.0
3098.0	1.0
3099.0	2.0
3102.0	1.0
3103.0	1.0
3104.0	2.0
3106.0	1.0
3108.0	1.0
3109.0	1.0
3114.0	1.0
3118.0	1.0
3119.0	1.0
3121.0	1.0
3127.0	1.0
3128.0	2.0
3131.0	1.0
3135.0	1.0
3136.0	1.0
3139.0	2.0
3140.0	1.0
3146.0	2.0
3151.0	1.0
3154.0	1.0
3155.0	1.0
3160.0	1.0
3162.0	1.0
3165.0	1.0
3167.0	1.0
3169.0	2.0
3172.0	2.0
3173.0	1.0
3174.0	1.0
3177.0	1.0
3180.0	1.0
3185.0	2.0
3188.0	2.0
3189.0	1.0
3190.0	1.0
3191.0	1.0
3194.0	1.0
3197.0	1.0
3200.0	1.0
3205.0	1.0
3208.0	1.0
3219.0	1.0
3220.0	1.0
3221.0	1.0
3226.0	1.0
3229.0	2.0
3231.0	1.0
3240.0	2.0
3241.0	1.0
3243.0	1.0
3247.0	2.0
3251.0	1.0
3258.0	1.0
3259.0	1.0
3260.0	1.0
3262.0	1.0
3269.0	2.0
3272.0	1.0
3279.0	1.0
3282.0	1.0
3285.0	1.0
3293.0	1.0
3297.0	1.0
3298.0	1.0
3300.0	1.0
3302.0	1.0
3309.0	1.0
3311.0	1.0
3318.0	1.0
3324.0	2.0
3326.0	1.0
3327.0	2.0
3328.0	1.0
3329.0	1.0
3331.0	1.0
3333.0	2.0
3336.0	1.0
3341.0	1.0
3344.0	1.0
3346.0	1.0
3347.0	1.0
3350.0	2.0
3351.0	1.0
3360.0	1.0
3362.0	1.0
3367.0	1.0
3369.0	1.0
3374.0	3.0
3379.0	1.0
3391.0	1.0
3401.0	1.0
3405.0	1.0
3406.0	3.0
3410.0	1.0
3413.0	1.0
3419.0	1.0
3422.0	1.0
3423.0	1.0
3426.0	1.0
3430.0	1.0
3435.0	1.0
3437.0	1.0
3440.0	1.0
3442.0	1.0
3445.0	1.0
3452.0	1.0
3457.0	2.0
3458.0	1.0
3459.0	1.0
3460.0	3.0
3464.0	2.0
3466.0	2.0
3467.0	1.0
3468.0	2.0
3470.0	1.0
3471.0	1.0
3479.0	2.0
3485.0	1.0
3487.0	1.0
3492.0	1.0
3505.0	1.0
3508.0	1.0
3510.0	1.0
3515.0	2.0
3516.0	2.0
3521.0	1.0
3523.0	1.0
3525.0	1.0
3528.0	1.0
3541.0	1.0
3542.0	1.0
3543.0	1.0
3544.0	1.0
3547.0	1.0
3548.0	1.0
3556.0	2.0
3557.0	1.0
3558.0	2.0
3560.0	1.0
3563.0	1.0
3566.0	1.0
3568.0	1.0
3571.0	1.0
3573.0	1.0
3574.0	1.0
3579.0	1.0
3581.0	1.0
3583.0	1.0
3585.0	1.0
3590.0	1.0
3593.0	1.0
3596.0	1.0
3597.0	1.0
3603.0	2.0
3607.0	1.0
3609.0	2.0
3610.0	1.0
3613.0	1.0
3615.0	2.0
3616.0	1.0
3617.0	1.0
3619.0	1.0
3626.0	1.0
3628.0	1.0
3630.0	2.0
3631.0	2.0
3632.0	1.0
3635.0	1.0
3638.0	3.0
3639.0	1.0
3641.0	1.0
3648.0	1.0
3652.0	1.0
3654.0	1.0
3659.0	1.0
3662.0	3.0
3666.0	1.0
3673.0	1.0
3674.0	1.0
3676.0	2.0
3680.0	1.0
3681.0	2.0
3683.0	1.0
3684.0	1.0
3685.0	1.0
3686.0	2.0
3687.0	2.0
3690.0	1.0
3695.0	1.0
3698.0	1.0
3703.0	1.0
3705.0	1.0
3706.0	1.0
3708.0	1.0
3715.0	1.0
3716.0	1.0
3718.0	1.0
3723.0	1.0
3726.0	1.0
3727.0	1.0
3730.0	1.0
3733.0	1.0
3734.0	2.0
3736.0	2.0
3738.0	1.0
3740.0	1.0
3747.0	2.0
3749.0	1.0
3754.0	1.0
3755.0	1.0
3757.0	1.0
3758.0	2.0
3759.0	2.0
3763.0	1.0
3765.0	1.0
3766.0	1.0
3767.0	1.0
3769.0	1.0
3771.0	1.0
3772.0	1.0
3773.0	1.0
3776.0	1.0
3777.0	1.0
3778.0	2.0
3780.0	1.0
3781.0	1.0
3782.0	1.0
3785.0	1.0
3787.0	1.0
3791.0	2.0
3792.0	1.0
3796.0	2.0
3797.0	1.0
3798.0	1.0
3799.0	1.0
3805.0	1.0
3806.0	1.0
3808.0	2.0
3809.0	3.0
3810.0	1.0
3812.0	2.0
3813.0	2.0
3814.0	1.0
3815.0	3.0
3817.0	1.0
3819.0	1.0
3823.0	2.0
3824.0	5.0
3825.0	1.0
3827.0	2.0
3829.0	1.0
3831.0	1.0
3835.0	2.0
3838.0	1.0
3840.0	1.0
3842.0	1.0
3849.0	1.0
3852.0	2.0
3853.0	1.0
3854.0	1.0
3858.0	2.0
3863.0	1.0
3864.0	1.0
3865.0	1.0
3867.0	1.0
3871.0	1.0
3872.0	2.0
3874.0	1.0
3877.0	1.0
3878.0	1.0
3879.0	1.0
3882.0	1.0
3884.0	2.0
3885.0	1.0
3888.0	1.0
3889.0	1.0
3890.0	1.0
3891.0	2.0
3892.0	1.0
3895.0	2.0
3899.0	3.0
3900.0	1.0
3904.0	1.0
3910.0	1.0
3921.0	1.0
3924.0	1.0
3928.0	2.0
3929.0	1.0
3931.0	1.0
3932.0	1.0
3933.0	1.0
3934.0	1.0
3935.0	1.0
3937.0	1.0
3941.0	1.0
3952.0	1.0
3955.0	1.0
3956.0	1.0
3957.0	1.0
3961.0	1.0
3964.0	1.0
3966.0	1.0
3967.0	1.0
3969.0	1.0
3970.0	1.0
3972.0	2.0
3974.0	1.0
3977.0	1.0
3979.0	2.0
3981.0	1.0
3983.0	1.0
3986.0	2.0
3991.0	2.0
3993.0	2.0
4000.0	1.0
4001.0	1.0
4002.0	1.0
4003.0	1.0
4006.0	1.0
4007.0	1.0
4010.0	1.0
4012.0	2.0
4016.0	2.0
4019.0	1.0
4022.0	1.0
4023.0	1.0
4024.0	1.0
4027.0	1.0
4028.0	3.0
4029.0	2.0
4032.0	2.0
4033.0	1.0
4035.0	1.0
4039.0	2.0
4044.0	1.0
4046.0	1.0
4048.0	1.0
4053.0	1.0
4056.0	1.0
4063.0	2.0
4068.0	1.0
4074.0	1.0
4077.0	1.0
4078.0	1.0
4079.0	1.0
4084.0	1.0
4085.0	1.0
4098.0	1.0
4099.0	1.0
4104.0	1.0
4105.0	1.0
4112.0	1.0
4113.0	1.0
4115.0	1.0
4120.0	1.0
4124.0	1.0
4126.0	1.0
4132.0	1.0
4134.0	1.0
4135.0	1.0
4138.0	1.0
4140.0	1.0
4146.0	1.0
4148.0	2.0
4150.0	2.0
4155.0	2.0
4165.0	1.0
4166.0	1.0
4167.0	1.0
4172.0	1.0
4173.0	1.0
4175.0	1.0
4177.0	1.0
4179.0	1.0
4182.0	1.0
4183.0	1.0
4185.0	2.0
4187.0	1.0
4189.0	1.0
4194.0	2.0
4197.0	1.0
4200.0	1.0
4204.0	1.0
4211.0	1.0
4213.0	1.0
4215.0	2.0
4219.0	1.0
4221.0	1.0
4223.0	1.0
4231.0	1.0
4233.0	2.0
4237.0	1.0
4240.0	1.0
4243.0	2.0
4244.0	1.0
4246.0	1.0
4247.0	1.0
4251.0	2.0
4266.0	1.0
4271.0	1.0
4274.0	1.0
4275.0	1.0
4283.0	1.0
4287.0	1.0
4288.0	1.0
4292.0	1.0
4294.0	1.0
4299.0	2.0
4300.0	2.0
4306.0	1.0
4307.0	1.0
4308.0	1.0
4324.0	1.0
4330.0	1.0
4335.0	1.0
4342.0	1.0
4344.0	1.0
4351.0	1.0
4352.0	1.0
4360.0	1.0
4365.0	1.0
4366.0	1.0
4370.0	1.0
4375.0	2.0
4388.0	1.0
4389.0	1.0
4404.0	1.0
4405.0	1.0
4406.0	1.0
4407.0	1.0
4408.0	1.0
4409.0	2.0
4410.0	1.0
4413.0	1.0
4416.0	1.0
4418.0	1.0
4424.0	1.0
4426.0	1.0
4432.0	1.0
4433.0	1.0
4439.0	1.0
4443.0	1.0
4444.0	1.0
4445.0	2.0
4448.0	1.0
4449.0	2.0
4450.0	1.0
4451.0	1.0
4455.0	1.0
4456.0	1.0
4457.0	1.0
4460.0	1.0
4462.0	1.0
4463.0	1.0
4465.0	2.0
4466.0	1.0
4473.0	1.0
4474.0	1.0
4479.0	2.0
4481.0	1.0
4484.0	2.0
4486.0	1.0
4492.0	1.0
4503.0	1.0
4509.0	1.0
4511.0	1.0
4514.0	1.0
4515.0	1.0
4520.0	1.0
4522.0	1.0
4533.0	2.0
4536.0	1.0
4538.0	1.0
4539.0	1.0
4544.0	3.0
4553.0	1.0
4554.0	1.0
4556.0	2.0
4560.0	1.0
4563.0	2.0
4566.0	1.0
4571.0	1.0
4572.0	2.0
4578.0	1.0
4580.0	1.0
4584.0	1.0
4588.0	1.0
4595.0	2.0
4598.0	1.0
4600.0	2.0
4601.0	1.0
4603.0	1.0
4610.0	2.0
4612.0	1.0
4613.0	1.0
4614.0	1.0
4617.0	2.0
4618.0	1.0
4619.0	1.0
4624.0	2.0
4627.0	1.0
4629.0	2.0
4630.0	2.0
4631.0	1.0
4632.0	1.0
4634.0	1.0
4637.0	1.0
4639.0	1.0
4642.0	2.0
4643.0	1.0
4646.0	1.0
4647.0	1.0
4650.0	2.0
4651.0	1.0
4653.0	1.0
4658.0	2.0
4660.0	1.0
4662.0	1.0
4664.0	1.0
4666.0	1.0
4667.0	2.0
4668.0	2.0
4669.0	1.0
4675.0	1.0
4676.0	2.0
4679.0	1.0
4682.0	1.0
4683.0	1.0
4685.0	1.0
4686.0	2.0
4687.0	1.0
4690.0	2.0
4694.0	1.0
4696.0	2.0
4700.0	1.0
4701.0	2.0
4706.0	1.0
4707.0	1.0
4708.0	1.0
4709.0	1.0
4711.0	1.0
4715.0	2.0
4719.0	2.0
4725.0	1.0
4731.0	1.0
4732.0	1.0
4737.0	1.0
4741.0	1.0
4744.0	1.0
4748.0	1.0
4750.0	1.0
4754.0	1.0
4756.0	1.0
4757.0	1.0
4758.0	1.0
4759.0	1.0
4766.0	1.0
4769.0	1.0
4779.0	1.0
4781.0	1.0
4788.0	1.0
4790.0	1.0
4791.0	1.0
4792.0	1.0
4812.0	1.0
4817.0	1.0
4822.0	1.0
4826.0	1.0
4836.0	1.0
4839.0	1.0
4841.0	2.0
4843.0	1.0
4846.0	1.0
4847.0	1.0
4848.0	1.0
4857.0	1.0
4859.0	1.0
4870.0	1.0
4871.0	1.0
4879.0	1.0
4883.0	1.0
4888.0	1.0
4892.0	1.0
4893.0	3.0
4894.0	1.0
4895.0	1.0
4899.0	3.0
4907.0	1.0
4912.0	1.0
4930.0	2.0
4932.0	1.0
4936.0	2.0
4940.0	1.0
4949.0	1.0
4951.0	1.0
4954.0	1.0
4958.0	1.0
4963.0	1.0
4965.0	1.0
4966.0	2.0
4970.0	1.0
4971.0	2.0
4972.0	1.0
4973.0	1.0
4976.0	1.0
4980.0	1.0
4997.0	1.0
5000.0	1.0
5004.0	1.0
5006.0	1.0
5007.0	1.0
5018.0	1.0
5027.0	1.0
5032.0	1.0
5046.0	1.0
5048.0	1.0
5062.0	1.0
5078.0	1.0
5082.0	1.0
5088.0	1.0
5097.0	1.0
5098.0	1.0
5100.0	1.0
5103.0	1.0
5109.0	1.0
5123.0	1.0
5128.0	1.0
5130.0	1.0
5132.0	1.0
5133.0	1.0
5146.0	1.0
5152.0	1.0
5155.0	1.0
5162.0	1.0
5165.0	1.0
5182.0	1.0
5187.0	1.0
5191.0	1.0
5192.0	1.0
5196.0	2.0
5206.0	1.0
5222.0	1.0
5226.0	1.0
5232.0	1.0
5238.0	1.0
5239.0	1.0
5241.0	1.0
5244.0	1.0
5249.0	1.0
5250.0	1.0
5258.0	1.0
5262.0	1.0
5271.0	1.0
5273.0	1.0
5292.0	1.0
5297.0	1.0
5298.0	1.0
5338.0	1.0
5341.0	1.0
5343.0	1.0
5350.0	1.0
5356.0	1.0
5376.0	1.0
5380.0	1.0
5383.0	1.0
5387.0	1.0
5399.0	1.0
5401.0	1.0
5418.0	1.0
5421.0	1.0
5430.0	1.0
5436.0	1.0
5451.0	1.0
5472.0	1.0
5477.0	1.0
5479.0	1.0
5481.0	1.0
5489.0	1.0
5494.0	1.0
5506.0	1.0
5515.0	1.0
5530.0	1.0
5533.0	1.0
5539.0	1.0
5540.0	1.0
5547.0	1.0
5550.0	1.0
5551.0	1.0
5554.0	1.0
5556.0	1.0
5563.0	1.0
5569.0	1.0
5574.0	1.0
5580.0	1.0
5583.0	1.0
5599.0	1.0
5605.0	1.0
5652.0	1.0
5653.0	1.0
5654.0	2.0
5664.0	1.0
5681.0	1.0
5684.0	1.0
5686.0	1.0
5718.0	1.0
5724.0	1.0
5733.0	1.0
5753.0	1.0
5767.0	1.0
5782.0	1.0
5784.0	1.0
5810.0	1.0
5821.0	1.0
5822.0	1.0
5823.0	1.0
5826.0	1.0
5836.0	1.0
5858.0	1.0
5867.0	1.0
5872.0	1.0
5880.0	1.0
5883.0	1.0
5916.0	1.0
5923.0	2.0
5924.0	1.0
5926.0	1.0
5928.0	1.0
5948.0	1.0
5949.0	1.0
5979.0	1.0
5992.0	1.0
6009.0	1.0
6015.0	1.0
6016.0	1.0
6017.0	1.0
6024.0	1.0
6045.0	1.0
6066.0	1.0
6070.0	1.0
6091.0	1.0
6096.0	1.0
6098.0	1.0
6109.0	1.0
6112.0	1.0
6120.0	1.0
6136.0	1.0
6141.0	1.0
6143.0	1.0
6183.0	1.0
6196.0	1.0
6198.0	1.0
6200.0	1.0
6201.0	1.0
6207.0	1.0
6210.0	1.0
6213.0	1.0
6238.0	1.0
6252.0	1.0
6259.0	1.0
6285.0	1.0
6298.0	1.0
6304.0	1.0
6308.0	1.0
6329.0	1.0
6332.0	1.0
6342.0	1.0
6359.0	1.0
6362.0	1.0
6370.0	1.0
6380.0	1.0
6394.0	1.0
6404.0	1.0
6406.0	1.0
6418.0	1.0
6421.0	1.0
6451.0	1.0
6473.0	1.0
6476.0	1.0
6481.0	1.0
6494.0	1.0
6496.0	1.0
6499.0	1.0
6503.0	1.0
6512.0	1.0
6514.0	1.0
6542.0	1.0
6563.0	1.0
6567.0	1.0
6576.0	1.0
6587.0	1.0
6595.0	2.0
6605.0	1.0
6612.0	1.0
6616.0	1.0
6639.0	1.0
6642.0	1.0
6658.0	1.0
6663.0	1.0
6667.0	1.0
6668.0	1.0
6683.0	1.0
6699.0	1.0
6712.0	1.0
6724.0	1.0
6729.0	1.0
6749.0	1.0
6774.0	1.0
6776.0	1.0
6781.0	1.0
6790.0	1.0
6797.0	1.0
6801.0	1.0
6820.0	1.0
6821.0	1.0
6827.0	1.0
6829.0	1.0
6834.0	1.0
6843.0	1.0
6865.0	2.0
6874.0	1.0
6890.0	1.0
6896.0	1.0
6904.0	1.0
6911.0	1.0
6927.0	1.0
6928.0	1.0
6949.0	2.0
6956.0	1.0
6972.0	1.0
6976.0	1.0
6980.0	1.0
6997.0	1.0
7002.0	1.0
7015.0	1.0
7033.0	1.0
7034.0	1.0
7048.0	2.0
7051.0	1.0
7055.0	1.0
7066.0	1.0
7072.0	1.0
7106.0	2.0
7110.0	1.0
7111.0	1.0
7128.0	1.0
7160.0	1.0
7166.0	1.0
7191.0	2.0
7195.0	1.0
7201.0	1.0
7203.0	1.0
7209.0	1.0
7217.0	1.0
7221.0	1.0
7226.0	1.0
7230.0	1.0
7233.0	1.0
7246.0	1.0
7257.0	1.0
7279.0	1.0
7290.0	1.0
7298.0	2.0
7307.0	2.0
7308.0	1.0
7309.0	1.0
7316.0	1.0
7331.0	1.0
7340.0	1.0
7355.0	1.0
7358.0	1.0
7359.0	2.0
7361.0	1.0
7369.0	1.0
7381.0	1.0
7383.0	1.0
7404.0	1.0
7409.0	1.0
7415.0	1.0
7428.0	1.0
7429.0	1.0
7430.0	1.0
7435.0	1.0
7439.0	1.0
7452.0	1.0
7457.0	1.0
7462.0	1.0
7463.0	1.0
7469.0	1.0
7476.0	1.0
7479.0	1.0
7487.0	1.0
7496.0	1.0
7500.0	1.0
7503.0	1.0
7507.0	2.0
7509.0	1.0
7525.0	2.0
7526.0	1.0
7528.0	1.0
7531.0	1.0
7533.0	1.0
7537.0	1.0
7542.0	1.0
7544.0	1.0
7550.0	1.0
7552.0	1.0
7560.0	1.0
7581.0	2.0
7620.0	1.0
7622.0	1.0
7635.0	1.0
7645.0	2.0
7651.0	1.0
7654.0	1.0
7679.0	1.0
7683.0	1.0
7692.0	1.0
7730.0	1.0
7738.0	1.0
7747.0	1.0
7755.0	1.0
7762.0	1.0
7767.0	1.0
7771.0	1.0
7806.0	1.0
7807.0	1.0
7808.0	1.0
7821.0	1.0
7842.0	1.0
7850.0	1.0
7869.0	1.0
7900.0	1.0
7908.0	1.0
7917.0	1.0
7920.0	2.0
7936.0	1.0
7946.0	1.0
7975.0	1.0
7999.0	1.0
8003.0	1.0
8014.0	1.0
8015.0	1.0
8016.0	1.0
8027.0	1.0
8038.0	1.0
8048.0	1.0
8062.0	1.0
8068.0	1.0
8093.0	1.0
8124.0	1.0
8125.0	1.0
8126.0	1.0
8132.0	1.0
8137.0	1.0
8146.0	2.0
8147.0	1.0
8148.0	1.0
8150.0	1.0
8154.0	1.0
8158.0	1.0
8235.0	1.0
8293.0	1.0
8298.0	1.0
8308.0	1.0
8315.0	1.0
8325.0	1.0
8363.0	1.0
8365.0	2.0
8411.0	1.0
8427.0	1.0
8430.0	1.0
8436.0	1.0
8460.0	1.0
8480.0	1.0
8487.0	1.0
8523.0	1.0
8525.0	1.0
8552.0	1.0
8571.0	1.0
8575.0	1.0
8588.0	1.0
8614.0	1.0
8620.0	2.0
8625.0	1.0
8633.0	1.0
8654.0	1.0
8664.0	1.0
8669.0	1.0
8681.0	1.0
8683.0	1.0
8687.0	1.0
8688.0	1.0
8708.0	1.0
8719.0	1.0
8720.0	1.0
8736.0	1.0
8737.0	1.0
8744.0	1.0
8753.0	1.0
8763.0	1.0
8769.0	1.0
8770.0	1.0
8773.0	1.0
8778.0	1.0
8779.0	1.0
8787.0	1.0
8796.0	1.0
8806.0	1.0
8813.0	1.0
8846.0	1.0
8852.0	1.0
8854.0	1.0
8869.0	1.0
8929.0	1.0
8933.0	1.0
8972.0	1.0
8998.0	1.0
9003.0	2.0
9007.0	1.0
9026.0	1.0
9048.0	1.0
9059.0	1.0
9061.0	1.0
9102.0	1.0
9114.0	1.0
9120.0	1.0
9128.0	1.0
9135.0	1.0
9153.0	1.0
9169.0	1.0
9179.0	1.0
9186.0	1.0
9194.0	1.0
9213.0	1.0
9215.0	1.0
9240.0	1.0
9241.0	1.0
9258.0	1.0
9275.0	1.0
9284.0	1.0
9294.0	2.0
9302.0	1.0
9312.0	2.0
9323.0	1.0
9324.0	1.0
9334.0	1.0
9366.0	1.0
9369.0	1.0
9380.0	1.0
9385.0	1.0
9389.0	1.0
9394.0	1.0
9403.0	1.0
9434.0	1.0
9444.0	1.0
9446.0	1.0
9447.0	1.0
9453.0	1.0
9461.0	1.0
9473.0	2.0
9477.0	1.0
9478.0	1.0
9485.0	1.0
9512.0	1.0
9514.0	1.0
9532.0	2.0
9533.0	2.0
9556.0	1.0
9572.0	1.0
9580.0	1.0
9585.0	1.0
9607.0	1.0
9632.0	1.0
9638.0	1.0
9640.0	1.0
9649.0	2.0
9670.0	1.0
9677.0	1.0
9688.0	1.0
9700.0	1.0
9722.0	1.0
9726.0	1.0
9741.0	1.0
9749.0	1.0
9753.0	1.0
9777.0	1.0
9792.0	1.0
9793.0	1.0
9802.0	1.0
9811.0	1.0
9815.0	1.0
9819.0	1.0
9832.0	1.0
9856.0	1.0
9858.0	1.0
9873.0	1.0
9876.0	1.0
9921.0	1.0
9924.0	1.0
9933.0	1.0
9942.0	1.0
9962.0	1.0
9966.0	1.0
9973.0	2.0
10029.0	1.0
10038.0	2.0
10045.0	1.0
10049.0	1.0
10066.0	1.0
10070.0	1.0
10073.0	1.0
10092.0	1.0
10119.0	1.0
10151.0	1.0
10153.0	1.0
10156.0	1.0
10161.0	1.0
10175.0	1.0
10184.0	1.0
10196.0	1.0
10223.0	1.0
10239.0	1.0
10241.0	1.0
10242.0	1.0
10262.0	1.0
10266.0	1.0
10301.0	1.0
10313.0	2.0
10335.0	1.0
10366.0	1.0
10374.0	1.0
10375.0	1.0
10381.0	1.0
10390.0	1.0
10393.0	1.0
10395.0	1.0
10411.0	1.0
10417.0	1.0
10443.0	1.0
10448.0	1.0
10459.0	2.0
10478.0	1.0
10483.0	1.0
10491.0	1.0
10518.0	1.0
10528.0	2.0
10544.0	1.0
10548.0	1.0
10554.0	1.0
10563.0	1.0
10575.0	1.0
10581.0	1.0
10582.0	1.0
10597.0	1.0
10600.0	1.0
10606.0	1.0
10628.0	1.0
10635.0	1.0
10651.0	1.0
10660.0	1.0
10666.0	1.0
10670.0	1.0
10682.0	1.0
10698.0	1.0
10701.0	1.0
10732.0	1.0
10744.0	1.0
10759.0	1.0
10765.0	1.0
10770.0	1.0
10776.0	1.0
10805.0	1.0
10807.0	1.0
10827.0	1.0
10838.0	1.0
10848.0	1.0
10852.0	1.0
10863.0	1.0
10878.0	1.0
10890.0	1.0
10896.0	1.0
10910.0	1.0
10911.0	1.0
10938.0	1.0
10941.0	1.0
10958.0	1.0
10959.0	1.0
10965.0	1.0
11000.0	1.0
11006.0	1.0
11008.0	1.0
11009.0	1.0
11015.0	1.0
11022.0	1.0
11039.0	1.0
11042.0	1.0
11054.0	1.0
11070.0	1.0
11072.0	1.0
11088.0	1.0
11093.0	1.0
11112.0	1.0
11116.0	1.0
11129.0	2.0
11130.0	1.0
11140.0	1.0
11158.0	1.0
11160.0	1.0
11169.0	1.0
11179.0	1.0
11193.0	1.0
11208.0	1.0
11218.0	1.0
11233.0	1.0
11241.0	1.0
11242.0	1.0
11245.0	1.0
11256.0	1.0
11279.0	1.0
11288.0	1.0
11295.0	1.0
11297.0	2.0
11306.0	1.0
11307.0	1.0
11319.0	1.0
11320.0	1.0
11326.0	2.0
11328.0	1.0
11330.0	1.0
11334.0	1.0
11343.0	1.0
11348.0	1.0
11373.0	1.0
11375.0	1.0
11398.0	1.0
11403.0	1.0
11422.0	1.0
11432.0	1.0
11433.0	1.0
11440.0	1.0
11445.0	1.0
11454.0	1.0
11466.0	1.0
11468.0	1.0
11475.0	1.0
11509.0	1.0
11512.0	1.0
11516.0	1.0
11519.0	1.0
11522.0	2.0
11530.0	1.0
11540.0	1.0
11543.0	1.0
11546.0	1.0
11550.0	1.0
11586.0	1.0
11589.0	1.0
11591.0	1.0
11599.0	1.0
11603.0	1.0
11616.0	1.0
11619.0	1.0
11622.0	2.0
11624.0	1.0
11627.0	1.0
11630.0	1.0
11637.0	1.0
11641.0	1.0
11643.0	1.0
11649.0	1.0
11656.0	1.0
11657.0	1.0
11662.0	1.0
11679.0	1.0
11680.0	1.0
11685.0	1.0
11698.0	1.0
11700.0	1.0
11702.0	1.0
11718.0	1.0
11721.0	1.0
11742.0	1.0
11748.0	1.0
11749.0	1.0
11750.0	1.0
11756.0	1.0
11757.0	1.0
11758.0	1.0
11785.0	1.0
11788.0	1.0
11792.0	1.0
11793.0	1.0
11826.0	1.0
11828.0	1.0
11842.0	1.0
11849.0	1.0
11859.0	1.0
11864.0	1.0
11874.0	3.0
11875.0	1.0
11878.0	1.0
11887.0	1.0
11892.0	1.0
11893.0	1.0
11898.0	1.0
11900.0	1.0
11902.0	1.0
11905.0	1.0
11909.0	2.0
11926.0	1.0
11930.0	1.0
11931.0	1.0
11937.0	1.0
11950.0	1.0
11956.0	1.0
11957.0	1.0
11959.0	1.0
11961.0	1.0
11967.0	1.0
11982.0	1.0
11986.0	1.0
11992.0	1.0
11996.0	1.0
12013.0	1.0
12014.0	1.0
12029.0	1.0
12036.0	1.0
12037.0	1.0
12042.0	1.0
12054.0	1.0
12058.0	1.0
12066.0	1.0
12067.0	1.0
12085.0	1.0
12091.0	1.0
12100.0	1.0
12106.0	1.0
12122.0	1.0
12123.0	1.0
12143.0	1.0
12145.0	1.0
12148.0	1.0
12167.0	1.0
12191.0	1.0
12194.0	1.0
12195.0	1.0
12204.0	1.0
12213.0	1.0
12226.0	1.0
12257.0	1.0
12267.0	1.0
12268.0	1.0
12273.0	1.0
12279.0	1.0
12293.0	1.0
12301.0	2.0
12314.0	1.0
12318.0	1.0
12320.0	1.0
12325.0	1.0
12328.0	1.0
12338.0	1.0
12348.0	1.0
12358.0	1.0
12359.0	1.0
12367.0	1.0
12368.0	1.0
12372.0	1.0
12379.0	1.0
12424.0	1.0
12429.0	1.0
12438.0	1.0
12439.0	1.0
12448.0	1.0
12450.0	1.0
12454.0	1.0
12457.0	1.0
12466.0	1.0
12480.0	1.0
12510.0	1.0
12532.0	1.0
12559.0	1.0
12568.0	1.0
12581.0	1.0
12582.0	1.0
12593.0	1.0
12619.0	1.0
12627.0	1.0
12663.0	1.0
12664.0	1.0
12670.0	2.0
12675.0	1.0
12686.0	1.0
12707.0	1.0
12710.0	1.0
12735.0	1.0
12746.0	1.0
12756.0	1.0
12782.0	2.0
12786.0	1.0
12790.0	2.0
12793.0	1.0
12864.0	1.0
12875.0	1.0
12877.0	1.0
12895.0	1.0
12903.0	1.0
12906.0	1.0
12907.0	1.0
12915.0	1.0
12923.0	1.0
12925.0	1.0
12936.0	2.0
12943.0	1.0
12958.0	1.0
12972.0	1.0
12974.0	1.0
12980.0	1.0
12988.0	1.0
12993.0	1.0
12998.0	1.0
13007.0	1.0
13015.0	1.0
13033.0	1.0
13053.0	1.0
13071.0	1.0
13090.0	1.0
13100.0	1.0
13103.0	1.0
13114.0	1.0
13126.0	1.0
13133.0	1.0
13138.0	1.0
13149.0	1.0
13159.0	1.0
13169.0	2.0
13180.0	1.0
13187.0	1.0
13190.0	2.0
13207.0	1.0
13210.0	1.0
13219.0	1.0
13224.0	1.0
13226.0	1.0
13234.0	1.0
13241.0	1.0
13245.0	2.0
13255.0	1.0
13280.0	1.0
13302.0	1.0
13339.0	2.0
13368.0	1.0
13398.0	1.0
13408.0	1.0
13417.0	1.0
13459.0	1.0
13474.0	1.0
13498.0	2.0
13522.0	1.0
13554.0	1.0
13558.0	1.0
13568.0	1.0
13587.0	1.0
13618.0	1.0
13637.0	1.0
13657.0	1.0
13675.0	1.0
13686.0	1.0
13687.0	1.0
13689.0	1.0
13726.0	1.0
13765.0	1.0
13769.0	1.0
13796.0	1.0
13797.0	1.0
13812.0	1.0
13814.0	1.0
13839.0	1.0
13881.0	1.0
13902.0	1.0
13930.0	1.0
13958.0	1.0
13961.0	1.0
13963.0	1.0
14014.0	1.0
14018.0	1.0
14026.0	1.0
14034.0	1.0
14044.0	1.0
14060.0	1.0
14061.0	1.0
14125.0	1.0
14150.0	1.0
14163.0	1.0
14191.0	2.0
14195.0	1.0
14215.0	1.0
14239.0	1.0
14263.0	1.0
14286.0	1.0
14304.0	1.0
14321.0	1.0
14331.0	1.0
14358.0	1.0
14382.0	2.0
14406.0	1.0
14423.0	1.0
14433.0	1.0
14451.0	1.0
14470.0	1.0
14495.0	1.0
14504.0	1.0
14507.0	1.0
14511.0	1.0
14522.0	1.0
14532.0	1.0
14540.0	1.0
14552.0	1.0
14575.0	1.0
14590.0	1.0
14641.0	1.0
14664.0	1.0
14686.0	1.0
14688.0	1.0
14708.0	1.0
14714.0	1.0
14723.0	1.0
14727.0	2.0
14761.0	1.0
14763.0	1.0
14806.0	1.0
14829.0	1.0
14868.0	1.0
14871.0	1.0
14873.0	1.0
14878.0	1.0
14888.0	1.0
14893.0	1.0
14920.0	1.0
14923.0	1.0
14929.0	1.0
14968.0	1.0
14976.0	1.0
14985.0	1.0
14998.0	1.0
15014.0	1.0
15015.0	1.0
15023.0	1.0
15035.0	1.0
15042.0	1.0
15113.0	1.0
15127.0	1.0
15130.0	1.0
15152.0	1.0
15160.0	1.0
15188.0	1.0
15215.0	1.0
15219.0	1.0
15232.0	1.0
15234.0	1.0
15249.0	1.0
15269.0	1.0
15293.0	1.0
15297.0	1.0
15305.0	1.0
15315.0	1.0
15317.0	1.0
15322.0	1.0
15337.0	1.0
15355.0	1.0
15375.0	1.0
15382.0	1.0
15403.0	1.0
15406.0	1.0
15417.0	1.0
15425.0	1.0
15454.0	1.0
15470.0	1.0
15472.0	1.0
15476.0	1.0
15505.0	1.0
15510.0	1.0
15528.0	1.0
15533.0	1.0
15540.0	1.0
15549.0	1.0
15568.0	1.0
15592.0	1.0
15605.0	1.0
15608.0	1.0
15625.0	1.0
15626.0	1.0
15627.0	1.0
15631.0	1.0
15646.0	1.0
15649.0	1.0
15656.0	1.0
15667.0	1.0
15672.0	2.0
15674.0	1.0
15685.0	1.0
15693.0	1.0
15698.0	1.0
15714.0	1.0
15740.0	1.0
15745.0	1.0
15752.0	1.0
15759.0	1.0
15763.0	1.0
15766.0	1.0
15787.0	2.0
15789.0	1.0
15799.0	1.0
15808.0	1.0
15813.0	1.0
15824.0	1.0
15825.0	1.0
15869.0	1.0
15882.0	1.0
15893.0	1.0
15918.0	1.0
15929.0	2.0
15932.0	1.0
15935.0	1.0
15960.0	1.0
15961.0	1.0
15963.0	1.0
15975.0	1.0
15993.0	1.0
16002.0	1.0
16008.0	2.0
16035.0	1.0
16130.0	1.0
16142.0	1.0
16147.0	1.0
16186.0	1.0
16188.0	1.0
16222.0	1.0
16252.0	1.0
16254.0	1.0
16256.0	2.0
16260.0	1.0
16265.0	1.0
16266.0	1.0
16268.0	1.0
16279.0	1.0
16287.0	1.0
16297.0	1.0
16302.0	1.0
16303.0	2.0
16319.0	1.0
16343.0	1.0
16351.0	1.0
16379.0	1.0
16381.0	1.0
16398.0	1.0
16437.0	1.0
16466.0	1.0
16481.0	1.0
16536.0	1.0
16575.0	1.0
16629.0	1.0
16643.0	1.0
16683.0	1.0
16711.0	1.0
16741.0	1.0
16802.0	1.0
16811.0	1.0
16840.0	1.0
16847.0	1.0
16854.0	1.0
16920.0	1.0
16935.0	1.0
16982.0	1.0
17003.0	1.0
17018.0	1.0
17033.0	1.0
17085.0	1.0
17104.0	1.0
17123.0	1.0
17124.0	1.0
17159.0	1.0
17176.0	1.0
17203.0	1.0
17206.0	1.0
17328.0	1.0
17350.0	1.0
17351.0	1.0
17384.0	1.0
17389.0	1.0
17397.0	1.0
17417.0	1.0
17420.0	1.0
17438.0	1.0
17444.0	1.0
17445.0	1.0
17459.0	1.0
17515.0	1.0
17682.0	1.0
17734.0	1.0
17745.0	1.0
17757.0	1.0
17801.0	1.0
17825.0	1.0
17999.0	1.0
18072.0	1.0
18094.0	1.0
18123.0	1.0
18197.0	1.0
18288.0	1.0
18318.0	1.0
18325.0	1.0
18400.0	1.0
18479.0	1.0
18494.0	1.0
18582.0	1.0
18643.0	1.0
18666.0	1.0
18801.0	1.0
18814.0	1.0
18847.0	1.0
18858.0	1.0
18905.0	1.0
18961.0	1.0
19052.0	1.0
19073.0	1.0
19091.0	1.0
19110.0	1.0
19134.0	1.0
19144.0	1.0
19156.0	1.0
19180.0	1.0
19184.0	1.0
19272.0	1.0
19280.0	2.0
19333.0	1.0
19355.0	1.0
19364.0	1.0
19370.0	1.0
19391.0	1.0
19439.0	1.0
19448.0	1.0
19579.0	1.0
19581.0	1.0
19594.0	1.0
19608.0	1.0
19609.0	1.0
19610.0	1.0
19611.0	1.0
19624.0	1.0
19715.0	1.0
19785.0	1.0
19792.0	1.0
19850.0	1.0
19891.0	1.0
19919.0	1.0
19941.0	1.0
19950.0	1.0
20026.0	1.0
20063.0	1.0
20099.0	1.0
20107.0	1.0
20126.0	1.0
20128.0	1.0
20161.0	1.0
20185.0	1.0
20190.0	1.0
20221.0	1.0
20224.0	1.0
20257.0	1.0
20260.0	1.0
20288.0	1.0
20315.0	1.0
20327.0	1.0
20377.0	1.0
20383.0	1.0
20403.0	1.0
20404.0	1.0
20452.0	1.0
20554.0	1.0
20561.0	1.0
20636.0	1.0
20687.0	1.0
20704.0	1.0
20726.0	1.0
20738.0	1.0
20746.0	1.0
20786.0	1.0
20889.0	1.0
20898.0	1.0
21061.0	1.0
21112.0	1.0
21214.0	1.0
21279.0	1.0
21289.0	1.0
21290.0	1.0
21329.0	1.0
21386.0	1.0
21407.0	1.0
21420.0	1.0
21486.0	1.0
21585.0	1.0
21996.0	1.0
22058.0	1.0
22197.0	1.0
22395.0	1.0
22590.0	1.0
22598.0	1.0
22792.0	1.0
22888.0	1.0
23101.0	1.0
23287.0	1.0
23298.0	1.0
23471.0	1.0
23619.0	1.0
23818.0	1.0
23839.0	1.0
23900.0	1.0
23990.0	1.0
24205.0	1.0
24273.0	1.0
24306.0	1.0
24567.0	1.0
24719.0	1.0
24967.0	1.0
25048.0	1.0
25463.0	1.0
25477.0	1.0
25744.0	1.0
26066.0	1.0
26114.0	1.0
26342.0	1.0
26618.0	1.0
26658.0	1.0
26833.0	1.0
27044.0	1.0
27152.0	1.0
27264.0	1.0
27352.0	1.0
27401.0	1.0
27648.0	1.0
27971.0	1.0
28040.0	1.0
28165.0	1.0
28267.0	1.0
28279.0	1.0
28312.0	1.0
28597.0	1.0
28753.0	1.0
28787.0	1.0
29124.0	1.0
29275.0	1.0
29414.0	1.0
29467.0	1.0
29695.0	1.0
29728.0	1.0
29732.0	1.0
29777.0	1.0
30013.0	1.0
30117.0	1.0
30248.0	1.0
30311.0	1.0
30525.0	1.0
30651.0	1.0
30727.0	1.0
31018.0	1.0
31036.0	1.0
31293.0	1.0
31458.0	1.0
31660.0	1.0
31672.0	1.0
31712.0	1.0
32160.0	1.0
32219.0	1.0
32264.0	1.0
32268.0	1.0
32737.0	1.0
32815.0	1.0
33038.0	1.0
33174.0	1.0
33309.0	1.0
33315.0	1.0
33388.0	1.0
33407.0	1.0
33566.0	1.0
33664.0	1.0
33740.0	1.0
33934.0	1.0
34108.0	1.0
34342.0	1.0
34386.0	1.0
34437.0	1.0
34672.0	1.0
34824.0	1.0
34930.0	2.0
35129.0	1.0
35181.0	1.0
35182.0	1.0
35472.0	1.0
35600.0	1.0
35783.0	1.0
35948.0	1.0
36018.0	1.0
36260.0	1.0
36451.0	1.0
36527.0	1.0
36752.0	1.0
36892.0	1.0
37063.0	1.0
37225.0	1.0
37250.0	1.0
37450.0	1.0
37729.0	1.0
37992.0	1.0
38019.0	1.0
38295.0	1.0
38346.0	1.0
38517.0	1.0
38682.0	1.0
38804.0	1.0
39130.0	1.0
39453.0	1.0
39464.0	1.0
39622.0	1.0
39991.0	1.0
40224.0	1.0
40239.0	1.0
40512.0	1.0
40515.0	1.0
40783.0	1.0
41052.0	1.0
41302.0	1.0
41442.0	1.0
41715.0	2.0
41758.0	1.0
41944.0	1.0
42128.0	1.0
42131.0	1.0
42328.0	1.0
42358.0	1.0
42467.0	1.0
42511.0	1.0
42684.0	1.0
42744.0	1.0
42814.0	1.0
42838.0	1.0
42889.0	1.0
42981.0	1.0
43126.0	1.0
43272.0	1.0
43295.0	1.0
43369.0	1.0
43457.0	1.0
43519.0	1.0
43645.0	1.0
43699.0	1.0
43734.0	1.0
43908.0	1.0
43965.0	1.0
44046.0	1.0
44074.0	1.0
44100.0	1.0
44131.0	2.0
44150.0	1.0
44194.0	1.0
44405.0	1.0
44464.0	1.0
44486.0	1.0
