#Insert size (bp)	insert size
20.0	382.0
21.0	555.0
22.0	737.0
23.0	864.0
24.0	1054.0
25.0	1154.0
26.0	1291.0
27.0	1329.0
28.0	1496.0
29.0	1502.0
30.0	2224.0
31.0	2304.0
32.0	2409.0
33.0	2677.0
34.0	2862.0
35.0	3053.0
36.0	3428.0
37.0	3763.0
38.0	4057.0
39.0	4337.0
40.0	4834.0
41.0	5154.0
42.0	5567.0
43.0	6143.0
44.0	6598.0
45.0	6857.0
46.0	7165.0
47.0	8024.0
48.0	8416.0
49.0	8644.0
50.0	9161.0
51.0	9830.0
52.0	10142.0
53.0	10701.0
54.0	11153.0
55.0	11767.0
56.0	12294.0
57.0	12928.0
58.0	13511.0
59.0	14060.0
60.0	14575.0
61.0	15174.0
62.0	15779.0
63.0	16259.0
64.0	16747.0
65.0	17178.0
66.0	18100.0
67.0	18608.0
68.0	19091.0
69.0	19597.0
70.0	20076.0
71.0	20714.0
72.0	21218.0
73.0	21646.0
74.0	22030.0
75.0	22801.0
76.0	23149.0
77.0	23574.0
78.0	23462.0
79.0	24142.0
80.0	24803.0
81.0	25180.0
82.0	25534.0
83.0	25864.0
84.0	26106.0
85.0	26801.0
86.0	26729.0
87.0	27221.0
88.0	27685.0
89.0	27460.0
90.0	28111.0
91.0	28133.0
92.0	28248.0
93.0	28531.0
94.0	28757.0
95.0	28793.0
96.0	29123.0
97.0	29522.0
98.0	29547.0
99.0	29697.0
100.0	30081.0
101.0	30682.0
102.0	30437.0
103.0	30561.0
104.0	30662.0
105.0	30625.0
106.0	30549.0
107.0	30712.0
108.0	30726.0
109.0	30797.0
110.0	30888.0
111.0	31158.0
112.0	31030.0
113.0	30975.0
114.0	31247.0
115.0	31242.0
116.0	30956.0
117.0	30860.0
118.0	31374.0
119.0	31243.0
120.0	30861.0
121.0	31065.0
122.0	30748.0
123.0	30715.0
124.0	30494.0
125.0	31025.0
126.0	30736.0
127.0	30394.0
128.0	30565.0
129.0	30329.0
130.0	30279.0
131.0	30271.0
132.0	30686.0
133.0	30321.0
134.0	29909.0
135.0	30099.0
136.0	30063.0
137.0	29983.0
138.0	30149.0
139.0	30084.0
140.0	29860.0
141.0	30049.0
142.0	29540.0
143.0	29688.0
144.0	29531.0
145.0	29453.0
146.0	29032.0
147.0	29126.0
148.0	29493.0
149.0	29040.0
150.0	28825.0
151.0	28801.0
152.0	28681.0
153.0	29036.0
154.0	28093.0
155.0	28657.0
156.0	28876.0
157.0	28540.0
158.0	28430.0
159.0	28481.0
160.0	28396.0
161.0	28255.0
162.0	28376.0
163.0	28053.0
164.0	28478.0
165.0	27982.0
166.0	28095.0
167.0	28038.0
168.0	28261.0
169.0	28009.0
170.0	27871.0
171.0	28022.0
172.0	28063.0
173.0	27649.0
174.0	28331.0
175.0	27401.0
176.0	27904.0
177.0	27910.0
178.0	28085.0
179.0	27859.0
180.0	27952.0
181.0	27870.0
182.0	27781.0
183.0	27942.0
184.0	28186.0
185.0	28310.0
186.0	28026.0
187.0	28101.0
188.0	28191.0
189.0	28109.0
190.0	28193.0
191.0	28161.0
192.0	28604.0
193.0	28448.0
194.0	28317.0
195.0	28692.0
196.0	28822.0
197.0	29002.0
198.0	28906.0
199.0	29068.0
200.0	29158.0
201.0	28728.0
202.0	28742.0
203.0	28986.0
204.0	28787.0
205.0	29235.0
206.0	29433.0
207.0	29627.0
208.0	29737.0
209.0	29312.0
210.0	29792.0
211.0	29681.0
212.0	29965.0
213.0	29914.0
214.0	30331.0
215.0	30339.0
216.0	30626.0
217.0	30546.0
218.0	31045.0
219.0	30711.0
220.0	30927.0
221.0	31010.0
222.0	30945.0
223.0	31012.0
224.0	30909.0
225.0	31338.0
226.0	31335.0
227.0	31236.0
228.0	31582.0
229.0	31835.0
230.0	31761.0
231.0	31378.0
232.0	31602.0
233.0	31776.0
234.0	31687.0
235.0	31609.0
236.0	31833.0
237.0	31490.0
238.0	31514.0
239.0	31801.0
240.0	31893.0
241.0	31664.0
242.0	31874.0
243.0	31664.0
244.0	31603.0
245.0	31902.0
246.0	31337.0
247.0	31492.0
248.0	31517.0
249.0	31155.0
250.0	31227.0
251.0	30960.0
252.0	30728.0
253.0	30773.0
254.0	30378.0
255.0	30780.0
256.0	30180.0
257.0	30400.0
258.0	29834.0
259.0	30234.0
260.0	29629.0
261.0	29644.0
262.0	29502.0
263.0	29409.0
264.0	29154.0
265.0	28897.0
266.0	28960.0
267.0	28489.0
268.0	27915.0
269.0	28077.0
270.0	27967.0
271.0	27908.0
272.0	28001.0
273.0	27106.0
274.0	27204.0
275.0	26826.0
276.0	26701.0
277.0	26584.0
278.0	26188.0
279.0	25941.0
280.0	25464.0
281.0	25271.0
282.0	25331.0
283.0	24678.0
284.0	25141.0
285.0	24535.0
286.0	24074.0
287.0	23807.0
288.0	23407.0
289.0	23417.0
290.0	23179.0
291.0	22928.0
292.0	22970.0
293.0	22633.0
294.0	22204.0
295.0	21956.0
296.0	21700.0
297.0	21409.0
298.0	21389.0
299.0	20954.0
300.0	20711.0
301.0	20332.0
302.0	20509.0
303.0	20228.0
304.0	19821.0
305.0	19571.0
306.0	19166.0
307.0	19094.0
308.0	18775.0
309.0	18389.0
310.0	18587.0
311.0	18148.0
312.0	17720.0
313.0	17733.0
314.0	17617.0
315.0	17378.0
316.0	17105.0
317.0	16572.0
318.0	16477.0
319.0	16330.0
320.0	16106.0
321.0	15826.0
322.0	15748.0
323.0	15358.0
324.0	15453.0
325.0	14984.0
326.0	14803.0
327.0	14620.0
328.0	14443.0
329.0	14098.0
330.0	13946.0
331.0	13879.0
332.0	13616.0
333.0	13389.0
334.0	13068.0
335.0	13004.0
336.0	12683.0
337.0	12498.0
338.0	12416.0
339.0	12061.0
340.0	12103.0
341.0	12108.0
342.0	11589.0
343.0	11390.0
344.0	11410.0
345.0	11209.0
346.0	11039.0
347.0	10846.0
348.0	10742.0
349.0	10742.0
350.0	10356.0
351.0	9884.0
352.0	10134.0
353.0	10026.0
354.0	9579.0
355.0	9467.0
356.0	9579.0
357.0	9379.0
358.0	9250.0
359.0	9089.0
360.0	8929.0
361.0	8601.0
362.0	8691.0
363.0	8535.0
364.0	8411.0
365.0	8196.0
366.0	8126.0
367.0	7966.0
368.0	7806.0
369.0	7614.0
370.0	7658.0
371.0	7517.0
372.0	7316.0
373.0	7237.0
374.0	7047.0
375.0	6920.0
376.0	7035.0
377.0	6956.0
378.0	6595.0
379.0	6472.0
380.0	6493.0
381.0	6378.0
382.0	6264.0
383.0	6078.0
384.0	5953.0
385.0	5891.0
386.0	5947.0
387.0	5787.0
388.0	5640.0
389.0	5826.0
390.0	5496.0
391.0	5262.0
392.0	5180.0
393.0	5228.0
394.0	5118.0
395.0	5088.0
396.0	4945.0
397.0	4791.0
398.0	4686.0
399.0	4629.0
400.0	4681.0
401.0	4536.0
402.0	4359.0
403.0	4385.0
404.0	4329.0
405.0	4220.0
406.0	4080.0
407.0	4079.0
408.0	3864.0
409.0	3819.0
410.0	3792.0
411.0	3767.0
412.0	3752.0
413.0	3638.0
414.0	3521.0
415.0	3586.0
416.0	3443.0
417.0	3411.0
418.0	3356.0
419.0	3260.0
420.0	3200.0
421.0	3117.0
422.0	3075.0
423.0	3083.0
424.0	2964.0
425.0	2882.0
426.0	2831.0
427.0	2748.0
428.0	2792.0
429.0	2730.0
430.0	2621.0
431.0	2678.0
432.0	2541.0
433.0	2518.0
434.0	2491.0
435.0	2428.0
436.0	2405.0
437.0	2358.0
438.0	2267.0
439.0	2330.0
440.0	2236.0
441.0	2163.0
442.0	2224.0
443.0	2057.0
444.0	2022.0
445.0	1964.0
446.0	1972.0
447.0	2009.0
448.0	1818.0
449.0	1848.0
450.0	1912.0
451.0	1804.0
452.0	1765.0
453.0	1704.0
454.0	1667.0
455.0	1631.0
456.0	1622.0
457.0	1538.0
458.0	1529.0
459.0	1516.0
460.0	1558.0
461.0	1464.0
462.0	1389.0
463.0	1429.0
464.0	1360.0
465.0	1321.0
466.0	1328.0
467.0	1298.0
468.0	1176.0
469.0	1214.0
470.0	1198.0
471.0	1188.0
472.0	1136.0
473.0	1163.0
474.0	1121.0
475.0	1092.0
476.0	1094.0
477.0	1078.0
478.0	1013.0
479.0	994.0
480.0	999.0
481.0	990.0
482.0	903.0
483.0	896.0
484.0	864.0
485.0	831.0
486.0	809.0
487.0	753.0
488.0	763.0
489.0	758.0
490.0	741.0
491.0	750.0
492.0	693.0
493.0	701.0
494.0	690.0
495.0	714.0
496.0	634.0
497.0	593.0
498.0	588.0
499.0	620.0
500.0	659.0
