# Position (bp)	A	C	G	T	N
0.0	34.877555525746395	10.793105501775416	19.704089262265352	34.610566358703274	0.014683351509570043
1.0	34.097431045092506	14.607275988659953	11.438114275092982	39.83866960774819	0.01850908340636912
2.0	31.790286129857133	13.176139463567424	19.78190320537383	35.24977036585666	0.001900835344950485
3.0	32.69056626245844	12.423510927096347	19.246072158356426	35.638888203812854	9.624482759242963E-4
4.0	32.942258517216096	13.435284677161762	17.991382478749443	35.6310743268727	0.0
5.0	31.882849592794148	12.851595889624026	16.766167777592642	38.499386739989184	0.0
6.0	35.62675534023449	11.64430077230459	14.89038616432481	37.83837124878266	1.8647435346033238E-4
7.0	37.90102663154533	10.980187400709926	12.213739310056923	38.90368118419636	0.0013654734914675952
8.0	38.0999225830668	10.967368792734959	12.156214979665272	38.772932585912045	0.003561058620919896
9.0	38.239922715403445	11.01520848735012	11.886170039346089	38.85849423764171	2.0452025863391292E-4
10.0	38.32648892252111	11.065827251362014	11.974203980084539	38.63347984603234	0.0
11.0	38.38899993804239	11.08357239144937	11.721236481361288	38.80619118914696	0.0
12.0	38.315468889761775	11.023846460626542	12.028852996251866	38.63183165335982	0.0
13.0	38.34846281972081	11.06084056623238	11.553072706350415	39.0376239076964	0.0
14.0	38.2791785744577	11.0834821619235	11.753478498604752	38.88243513850533	0.0014256265087128639
15.0	38.2378775128171	11.061177423128955	11.567954562816894	39.11768757364985	0.01530292758719631
16.0	38.23717372251533	11.10744110869229	11.717398718861038	38.937805990879596	1.8045905173580556E-4
17.0	38.17530032897685	11.14966852679847	11.48375838457869	39.19127275964599	0.0
18.0	38.19219731152105	11.123923035417494	11.741369696233278	38.94250995682818	0.0
19.0	38.203674507211446	11.149259486281201	11.510460308933865	39.052553886576675	0.08405181099681369
20.0	38.1683756834794	11.166621890422162	11.753012230110835	38.911990195987606	0.0
21.0	38.25310268759819	11.19647084062629	11.596778814262997	38.953647657512526	0.0
22.0	38.21954739525959	11.239417449593846	11.708900000776143	38.83212913775457	6.016615847320912E-6
23.0	38.31639417900034	11.227059482952885	11.608332613766521	38.84794896380875	2.647604715022961E-4
24.0	38.30124324228035	11.249590167683404	11.739384921733462	38.70978166830278	0.0
25.0	38.340556010623985	11.283886639227736	11.522129958594826	38.84574717136467	0.007680220188782942
26.0	38.27366339287214	11.30216723965646	11.639814736945523	38.78360213556865	7.524949572302935E-4
27.0	38.366965676128586	11.251641918869097	11.592537271016441	38.77376055897734	0.015094575008537737
28.0	38.3647687389946	11.27067088696021	11.600959442304589	38.67598527714947	0.08761565459113498
29.0	38.323293277311485	11.32408455174156	11.596925756991594	38.75384125277348	0.00185516118188464
30.0	38.35134599892406	11.307470631575885	11.755141820181661	38.57681736469926	0.009224184619133055
31.0	38.34866892614971	11.335957872535818	11.611220498718698	38.70401408893368	1.3861366208797616E-4
32.0	38.39199129869571	11.337087645674323	11.731165048555395	38.53975600707457	0.0
33.0	38.368231801944894	11.351433040567246	11.667511141703313	38.61267928309557	1.447326889753613E-4
34.0	38.39482110605961	11.378747973469203	11.669945834905352	38.555730999535605	7.540860302365573E-4
35.0	38.400405985081406	11.401812678246866	11.605185422605715	38.59259591406601	0.0
36.0	38.407152620302384	11.373789749231918	11.718962871022164	38.500094759443535	0.0
37.0	38.43098762296322	11.39197795503603	11.543718293677747	38.633068472820256	2.4765550273916047E-4
38.0	38.392422609875645	11.407506815018223	11.648790520478414	38.550923492608376	3.565620193400448E-4
39.0	38.3961851836892	11.405351201145674	11.596244392625875	38.60221317587497	6.0466642850871605E-6
40.0	38.41730900044959	11.377522735315484	11.62602618164983	38.579142082585086	0.0
41.0	38.422580567824596	11.431726670814154	11.558439718613487	38.58725304274777	0.0
42.0	38.3711582114017	11.446129113322206	11.654971294499221	38.52694168340175	7.99697375126649E-4
43.0	38.43981166797838	11.424199526156663	11.527966815323994	38.57976260784689	0.028259382694065596
44.0	38.44675101156291	11.410001255446614	11.612122699306095	38.522089944224554	0.009035089459824829
45.0	38.46219528436806	11.423950364300522	11.545599464794972	38.56824274045283	1.214608361983414E-5
46.0	38.43910815975496	11.450592846454391	11.58591061344257	38.524388380348086	0.0
47.0	38.434461730767545	11.466562549588254	11.528940313022959	38.570035406621244	0.0
48.0	38.403902825031224	11.473346659551826	11.636719625787409	38.486018708071455	1.2181558083404814E-5
49.0	38.44289150203034	11.484843263339954	11.52589640413997	38.540119094960254	0.0062497355294843
50.0	38.40219136580192	11.50574480262374	11.59060565572986	38.50145817584448	0.0
51.0	38.45024222662086	11.479458362366282	11.555731924586714	38.51274009899795	0.0018273874281978836
52.0	38.42305379188734	11.491544387528936	11.574473985734054	38.50373146475749	0.007196370092179626
53.0	38.46810005222453	11.518502208068828	11.501467807710052	38.511923804514446	6.127482143444725E-6
54.0	38.42291773956611	11.529482494361506	11.589369534885705	38.45083639063016	0.007393840556522414
55.0	38.459080484194494	11.521498422316517	11.49241440539408	38.517064169738575	0.00994251835632843
56.0	38.42963617604042	11.516596296739639	11.570951564914141	38.451588762269864	0.031227200035941437
57.0	38.473208358665886	11.5433704251387	11.494759051618363	38.48588208222127	0.002780082355778913
58.0	38.472079064668904	11.523330082791565	11.565447372868427	38.43103616375395	0.008107315917155704
59.0	38.450034397522536	11.556720160040953	11.499343533704932	38.493332843442346	5.690652892317631E-4
60.0	38.45236242837039	11.546079076022178	11.563795731853736	38.43776276375369	0.0
61.0	38.4484979701225	11.564735704914689	11.488518677114286	38.49797446853741	2.7317931111255566E-4
62.0	38.44908799339885	11.566999324531716	11.546283636709294	38.43171294352257	0.005916101837574824
63.0	38.43773982024519	11.57603966546987	11.513173294315665	38.471189591947066	0.0018576280222065093
64.0	38.47655726584549	11.570596878325066	11.500882332528764	38.44995829308557	0.0020052302151087288
65.0	38.52043735721571	11.538116252799343	11.486699509609604	38.448824532992234	0.005922347383111268
66.0	38.52163680250549	11.52672915839965	11.503888979663959	38.44742504593762	3.200134932748223E-4
67.0	38.54138003147942	11.564244281578876	11.423036585001517	38.47082964474795	5.094571922304634E-4
68.0	38.5509586126342	11.546949844818027	11.445050399306867	38.457041143240914	0.0
69.0	38.50236104711539	11.575780099953418	11.446752082784235	38.46438709163619	0.01071967851077372
70.0	38.48502651028395	11.593742976062707	11.467165566483493	38.45396355850636	1.013886634927368E-4
71.0	38.5141784139217	11.590428004429253	11.43318163369506	38.45832351695114	0.003888431002841604
72.0	38.49586332470703	11.594069385035086	11.481347690966846	38.42696758064701	0.001752018644026763
73.0	38.482547174633034	11.618011969988142	11.461135871120742	38.43583892137221	0.0024660628858813424
74.0	38.49526845429681	11.585686238945092	11.496424968220055	38.41532285164773	0.007297486890311468
75.0	38.50922469294719	11.577755610023914	11.470321827120992	38.441746844136645	9.510257712561971E-4
76.0	38.51501146056439	11.605381989057438	11.482632812256794	38.39654190851542	4.318296059670859E-4
77.0	38.51971541388314	11.591522153511722	11.440847810509009	38.445651856282566	0.002262765813565165
78.0	38.5286024910979	11.591737238262548	11.497641777087788	38.37979418320147	0.002224310350306183
79.0	38.526191939757624	11.579010642300098	11.442103840865181	38.4506378607904	0.0020557162866920147
80.0	38.45578293628945	11.623868633128422	11.482285423084022	38.43782804711635	2.349603817636283E-4
81.0	38.479086107936965	11.586928121695115	11.471833775894755	38.45970289995056	0.0024490945226066487
82.0	38.52819732231783	11.606349103722502	11.424763664935048	38.43253577928315	0.008154129741468749
83.0	38.490545188518674	11.625513670722233	11.474207940976195	38.403298305354724	0.0064348944281726
84.0	38.542782099302194	11.607353686168473	11.47178323866029	38.377154722262524	9.262536065172791E-4
85.0	38.53266028826254	11.60633569640119	11.451055399396582	38.40994861593969	0.0
86.0	38.55082225768999	11.614043769379613	11.468199592081445	38.36674113031703	1.932505319220891E-4
87.0	38.49597003454543	11.633704902954642	11.478939033818216	38.39135258748268	3.3441199035529066E-5
88.0	38.531452550826266	11.611448286492346	11.472145816589064	38.384953346092324	0.0
89.0	38.50058837676409	11.638869348956714	11.460479632689555	38.400062641589635	0.0
90.0	38.51427699381125	11.643445311028708	11.473113880428688	38.368879703528606	2.8411120274824823E-4
91.0	38.482640523902	11.683024456483725	11.4567842916323	38.37733341790317	2.173100788007091E-4
92.0	38.50975454030721	11.66758307406333	11.45937167745505	38.36329070817441	0.0
93.0	38.539992718335455	11.616486405882501	11.437661921720121	38.40585895406192	0.0
94.0	38.52653778481572	11.626871117484699	11.423212492308593	38.41049229883393	0.012886306557054483
95.0	38.529257338868696	11.635372213926907	11.41204054517744	38.421425154319074	0.001904747707884579
96.0	38.491114269816464	11.638253566781804	11.409009463085704	38.4612414931897	3.812071263276058E-4
97.0	38.18192578382081	11.711758095638897	11.441686608226146	38.66462951231415	0.0
98.0	37.75532911622089	11.873823851297145	11.172799282413774	39.197584137783856	4.6361228432756536E-4
99.0	35.929913258857454	12.423729097126717	10.65025359425774	40.99312557482878	0.0029784749293062353
100.0	0.0	20.144966811407645	12.951650979657847	66.9033822089345	0.0
