#Coverage	Number of genomic locations
0.0	2.420822178E9
1.0	2.08832618E8
2.0	8.4338676E7
3.0	8566715.0
4.0	2475697.0
5.0	308751.0
6.0	100001.0
7.0	24893.0
8.0	12858.0
9.0	7162.0
10.0	5791.0
11.0	3903.0
12.0	3521.0
13.0	2719.0
14.0	2298.0
15.0	1952.0
16.0	1337.0
17.0	1323.0
18.0	1254.0
19.0	905.0
20.0	883.0
21.0	630.0
22.0	589.0
23.0	567.0
24.0	390.0
25.0	394.0
26.0	411.0
27.0	321.0
28.0	357.0
29.0	277.0
30.0	300.0
31.0	235.0
32.0	223.0
33.0	173.0
34.0	231.0
35.0	188.0
36.0	209.0
37.0	194.0
38.0	167.0
39.0	139.0
40.0	174.0
41.0	177.0
42.0	172.0
43.0	109.0
44.0	132.0
45.0	121.0
46.0	158.0
47.0	131.0
48.0	111.0
49.0	157.0
50.0	102.0
51.0	104.0
52.0	109.0
53.0	95.0
54.0	96.0
55.0	95.0
56.0	118.0
57.0	103.0
58.0	143.0
59.0	103.0
60.0	95.0
61.0	118.0
62.0	142.0
63.0	74.0
64.0	89.0
65.0	113.0
66.0	49.0
67.0	90.0
68.0	52.0
69.0	66.0
70.0	67.0
71.0	58.0
72.0	70.0
73.0	63.0
74.0	61.0
75.0	60.0
76.0	71.0
77.0	78.0
78.0	65.0
79.0	75.0
80.0	58.0
81.0	46.0
82.0	67.0
83.0	57.0
84.0	88.0
85.0	60.0
86.0	85.0
87.0	58.0
88.0	95.0
89.0	69.0
90.0	45.0
91.0	42.0
92.0	43.0
93.0	51.0
94.0	57.0
95.0	59.0
96.0	46.0
97.0	56.0
98.0	49.0
99.0	48.0
100.0	56.0
101.0	48.0
102.0	37.0
103.0	67.0
104.0	75.0
105.0	64.0
106.0	56.0
107.0	47.0
108.0	48.0
109.0	55.0
110.0	56.0
111.0	58.0
112.0	58.0
113.0	62.0
114.0	48.0
115.0	45.0
116.0	38.0
117.0	68.0
118.0	58.0
119.0	42.0
120.0	59.0
121.0	46.0
122.0	34.0
123.0	41.0
124.0	29.0
125.0	39.0
126.0	38.0
127.0	30.0
128.0	47.0
129.0	32.0
130.0	29.0
131.0	30.0
132.0	39.0
133.0	36.0
134.0	38.0
135.0	29.0
136.0	38.0
137.0	35.0
138.0	37.0
139.0	31.0
140.0	36.0
141.0	43.0
142.0	32.0
143.0	36.0
144.0	22.0
145.0	36.0
146.0	48.0
147.0	44.0
148.0	38.0
149.0	42.0
150.0	43.0
151.0	42.0
152.0	30.0
153.0	25.0
154.0	34.0
155.0	37.0
156.0	27.0
157.0	33.0
158.0	21.0
159.0	33.0
160.0	23.0
161.0	17.0
162.0	21.0
163.0	18.0
164.0	19.0
165.0	25.0
166.0	31.0
167.0	23.0
168.0	27.0
169.0	31.0
170.0	26.0
171.0	20.0
172.0	34.0
173.0	19.0
174.0	27.0
175.0	36.0
176.0	22.0
177.0	24.0
178.0	26.0
179.0	17.0
180.0	21.0
181.0	31.0
182.0	23.0
183.0	26.0
184.0	20.0
185.0	21.0
186.0	25.0
187.0	15.0
188.0	23.0
189.0	19.0
190.0	20.0
191.0	20.0
192.0	13.0
193.0	19.0
194.0	18.0
195.0	14.0
196.0	8.0
197.0	19.0
198.0	16.0
199.0	21.0
200.0	18.0
201.0	13.0
202.0	25.0
203.0	21.0
204.0	20.0
205.0	17.0
206.0	19.0
207.0	13.0
208.0	16.0
209.0	8.0
210.0	12.0
211.0	14.0
212.0	24.0
213.0	15.0
214.0	26.0
215.0	25.0
216.0	18.0
217.0	17.0
218.0	30.0
219.0	22.0
220.0	22.0
221.0	22.0
222.0	12.0
223.0	14.0
224.0	17.0
225.0	17.0
226.0	12.0
227.0	15.0
228.0	17.0
229.0	11.0
230.0	16.0
231.0	13.0
232.0	19.0
233.0	17.0
234.0	31.0
235.0	30.0
236.0	16.0
237.0	9.0
238.0	22.0
239.0	13.0
240.0	18.0
241.0	9.0
242.0	21.0
243.0	13.0
244.0	17.0
245.0	17.0
246.0	20.0
247.0	17.0
248.0	8.0
249.0	18.0
250.0	9.0
251.0	17.0
252.0	9.0
253.0	5.0
254.0	4.0
255.0	16.0
256.0	14.0
257.0	6.0
258.0	7.0
259.0	10.0
260.0	8.0
261.0	18.0
262.0	12.0
263.0	7.0
264.0	12.0
265.0	9.0
266.0	15.0
267.0	22.0
268.0	4.0
269.0	11.0
270.0	18.0
271.0	11.0
272.0	10.0
273.0	8.0
274.0	7.0
275.0	9.0
276.0	8.0
277.0	10.0
278.0	6.0
279.0	9.0
280.0	8.0
281.0	5.0
282.0	4.0
283.0	4.0
284.0	9.0
285.0	10.0
286.0	9.0
287.0	10.0
288.0	6.0
289.0	7.0
290.0	15.0
291.0	10.0
292.0	13.0
293.0	4.0
294.0	8.0
295.0	8.0
296.0	9.0
297.0	14.0
298.0	9.0
299.0	7.0
300.0	4.0
301.0	4.0
302.0	2.0
303.0	11.0
304.0	6.0
305.0	8.0
306.0	11.0
307.0	6.0
308.0	10.0
309.0	8.0
310.0	7.0
311.0	15.0
312.0	7.0
313.0	7.0
314.0	13.0
315.0	9.0
316.0	6.0
317.0	9.0
318.0	15.0
319.0	13.0
320.0	7.0
321.0	10.0
322.0	11.0
323.0	13.0
324.0	7.0
325.0	9.0
326.0	5.0
327.0	11.0
328.0	9.0
329.0	8.0
330.0	11.0
331.0	13.0
332.0	14.0
333.0	12.0
334.0	17.0
335.0	14.0
336.0	17.0
337.0	9.0
338.0	17.0
339.0	4.0
340.0	14.0
341.0	6.0
342.0	14.0
343.0	6.0
344.0	13.0
345.0	11.0
346.0	9.0
347.0	5.0
348.0	6.0
349.0	6.0
350.0	9.0
351.0	2.0
352.0	4.0
353.0	7.0
354.0	4.0
355.0	8.0
356.0	3.0
357.0	7.0
358.0	6.0
359.0	8.0
360.0	5.0
361.0	6.0
362.0	5.0
363.0	3.0
364.0	4.0
365.0	4.0
366.0	3.0
367.0	8.0
368.0	10.0
369.0	7.0
370.0	4.0
371.0	11.0
372.0	3.0
373.0	4.0
374.0	6.0
375.0	6.0
376.0	11.0
377.0	7.0
378.0	6.0
379.0	6.0
380.0	5.0
381.0	5.0
382.0	5.0
383.0	8.0
384.0	5.0
385.0	3.0
386.0	5.0
387.0	6.0
388.0	2.0
389.0	7.0
390.0	7.0
391.0	7.0
392.0	7.0
393.0	6.0
394.0	12.0
395.0	8.0
396.0	11.0
397.0	15.0
398.0	14.0
399.0	12.0
400.0	12.0
401.0	7.0
402.0	15.0
403.0	12.0
404.0	12.0
405.0	7.0
406.0	10.0
407.0	9.0
408.0	5.0
409.0	6.0
410.0	1.0
411.0	4.0
412.0	8.0
413.0	8.0
414.0	5.0
415.0	3.0
416.0	6.0
417.0	3.0
418.0	9.0
419.0	3.0
420.0	8.0
421.0	2.0
422.0	5.0
423.0	2.0
424.0	4.0
425.0	12.0
426.0	9.0
427.0	4.0
428.0	2.0
429.0	2.0
430.0	2.0
431.0	6.0
432.0	3.0
433.0	3.0
434.0	3.0
435.0	5.0
436.0	7.0
437.0	4.0
439.0	7.0
440.0	6.0
441.0	3.0
442.0	1.0
443.0	6.0
444.0	4.0
445.0	2.0
446.0	5.0
447.0	3.0
448.0	4.0
449.0	4.0
450.0	4.0
451.0	6.0
452.0	6.0
453.0	4.0
454.0	2.0
455.0	5.0
456.0	4.0
457.0	1.0
458.0	5.0
459.0	7.0
460.0	5.0
461.0	7.0
462.0	6.0
463.0	6.0
464.0	8.0
465.0	2.0
466.0	5.0
467.0	5.0
468.0	6.0
469.0	6.0
470.0	7.0
471.0	6.0
472.0	1.0
473.0	3.0
474.0	2.0
475.0	8.0
476.0	6.0
477.0	6.0
478.0	3.0
479.0	5.0
480.0	3.0
481.0	2.0
482.0	3.0
483.0	4.0
484.0	8.0
485.0	11.0
486.0	10.0
487.0	6.0
488.0	6.0
489.0	3.0
490.0	8.0
491.0	5.0
492.0	11.0
493.0	5.0
494.0	3.0
495.0	6.0
496.0	7.0
497.0	10.0
498.0	5.0
499.0	5.0
500.0	3.0
501.0	5.0
502.0	5.0
503.0	5.0
504.0	8.0
505.0	6.0
506.0	5.0
507.0	9.0
508.0	8.0
509.0	7.0
510.0	5.0
511.0	4.0
512.0	4.0
513.0	14.0
514.0	5.0
515.0	7.0
516.0	9.0
517.0	6.0
518.0	10.0
519.0	5.0
520.0	5.0
521.0	4.0
522.0	8.0
523.0	10.0
524.0	9.0
525.0	8.0
526.0	9.0
527.0	2.0
528.0	4.0
529.0	8.0
530.0	7.0
531.0	6.0
532.0	9.0
533.0	7.0
534.0	6.0
535.0	5.0
536.0	6.0
537.0	3.0
538.0	11.0
539.0	3.0
540.0	6.0
541.0	5.0
542.0	5.0
543.0	4.0
544.0	6.0
545.0	6.0
546.0	2.0
547.0	4.0
548.0	4.0
549.0	4.0
550.0	3.0
551.0	5.0
552.0	4.0
553.0	7.0
554.0	7.0
555.0	8.0
556.0	1.0
557.0	7.0
558.0	8.0
559.0	7.0
560.0	3.0
561.0	10.0
562.0	6.0
563.0	16.0
564.0	4.0
565.0	7.0
566.0	9.0
567.0	2.0
568.0	4.0
569.0	4.0
570.0	5.0
571.0	6.0
573.0	4.0
574.0	5.0
575.0	3.0
576.0	4.0
577.0	6.0
578.0	4.0
579.0	3.0
580.0	4.0
581.0	2.0
582.0	3.0
583.0	8.0
584.0	3.0
585.0	1.0
586.0	3.0
587.0	2.0
588.0	3.0
589.0	8.0
590.0	4.0
591.0	4.0
592.0	5.0
593.0	5.0
594.0	6.0
596.0	3.0
597.0	4.0
598.0	2.0
599.0	2.0
600.0	1.0
601.0	2.0
602.0	6.0
603.0	4.0
604.0	3.0
605.0	3.0
606.0	2.0
607.0	2.0
608.0	3.0
609.0	3.0
610.0	6.0
611.0	3.0
612.0	5.0
613.0	4.0
614.0	3.0
615.0	4.0
616.0	6.0
617.0	7.0
618.0	3.0
619.0	5.0
620.0	13.0
621.0	5.0
622.0	5.0
623.0	1.0
624.0	4.0
625.0	7.0
626.0	3.0
627.0	5.0
628.0	3.0
629.0	5.0
630.0	4.0
631.0	6.0
632.0	2.0
633.0	4.0
634.0	5.0
635.0	4.0
636.0	3.0
637.0	2.0
638.0	3.0
639.0	4.0
640.0	4.0
641.0	4.0
642.0	4.0
643.0	2.0
644.0	1.0
645.0	3.0
646.0	4.0
647.0	2.0
648.0	4.0
649.0	2.0
650.0	2.0
652.0	8.0
653.0	3.0
654.0	7.0
655.0	1.0
656.0	4.0
657.0	2.0
658.0	4.0
659.0	3.0
660.0	2.0
661.0	3.0
662.0	6.0
663.0	3.0
664.0	4.0
665.0	2.0
666.0	4.0
667.0	2.0
668.0	9.0
669.0	4.0
670.0	4.0
671.0	7.0
672.0	3.0
673.0	4.0
674.0	3.0
675.0	3.0
676.0	6.0
677.0	7.0
678.0	2.0
679.0	4.0
680.0	4.0
681.0	6.0
682.0	5.0
683.0	6.0
684.0	4.0
685.0	5.0
686.0	3.0
687.0	2.0
688.0	2.0
689.0	4.0
690.0	5.0
691.0	6.0
692.0	3.0
693.0	7.0
694.0	11.0
695.0	6.0
696.0	4.0
697.0	4.0
698.0	6.0
699.0	3.0
700.0	2.0
701.0	1.0
702.0	4.0
703.0	6.0
704.0	5.0
705.0	2.0
706.0	6.0
707.0	8.0
708.0	4.0
709.0	3.0
710.0	3.0
711.0	1.0
712.0	3.0
713.0	5.0
715.0	3.0
716.0	5.0
717.0	4.0
718.0	2.0
719.0	1.0
720.0	2.0
721.0	4.0
722.0	3.0
723.0	7.0
724.0	7.0
725.0	9.0
726.0	2.0
727.0	3.0
728.0	3.0
729.0	4.0
730.0	2.0
731.0	2.0
732.0	6.0
733.0	3.0
734.0	6.0
735.0	4.0
736.0	3.0
737.0	1.0
739.0	1.0
740.0	2.0
741.0	4.0
742.0	2.0
744.0	2.0
745.0	1.0
746.0	2.0
747.0	4.0
748.0	3.0
749.0	2.0
751.0	1.0
752.0	2.0
753.0	3.0
754.0	4.0
755.0	2.0
756.0	3.0
757.0	2.0
758.0	5.0
759.0	3.0
760.0	3.0
761.0	3.0
762.0	6.0
763.0	3.0
764.0	6.0
765.0	3.0
766.0	1.0
767.0	1.0
768.0	1.0
769.0	3.0
770.0	1.0
771.0	1.0
772.0	7.0
773.0	2.0
774.0	1.0
775.0	1.0
776.0	2.0
777.0	2.0
778.0	2.0
779.0	3.0
780.0	6.0
781.0	1.0
782.0	3.0
783.0	4.0
784.0	3.0
785.0	4.0
786.0	3.0
787.0	2.0
788.0	2.0
789.0	4.0
790.0	2.0
791.0	3.0
792.0	5.0
793.0	3.0
794.0	5.0
795.0	2.0
796.0	2.0
797.0	3.0
798.0	4.0
799.0	3.0
800.0	1.0
801.0	5.0
802.0	6.0
803.0	3.0
804.0	2.0
805.0	2.0
806.0	2.0
808.0	7.0
809.0	1.0
810.0	1.0
811.0	3.0
812.0	1.0
813.0	1.0
814.0	2.0
815.0	1.0
816.0	2.0
817.0	3.0
818.0	2.0
819.0	1.0
820.0	2.0
821.0	1.0
822.0	2.0
823.0	1.0
824.0	2.0
825.0	1.0
826.0	2.0
827.0	1.0
828.0	1.0
829.0	1.0
830.0	1.0
831.0	2.0
832.0	1.0
833.0	1.0
834.0	4.0
835.0	3.0
836.0	1.0
837.0	2.0
838.0	3.0
839.0	1.0
840.0	5.0
842.0	1.0
843.0	4.0
844.0	3.0
845.0	2.0
846.0	3.0
847.0	2.0
848.0	2.0
849.0	3.0
852.0	1.0
853.0	1.0
854.0	2.0
855.0	2.0
857.0	2.0
858.0	2.0
859.0	1.0
860.0	4.0
861.0	3.0
864.0	1.0
865.0	3.0
866.0	2.0
867.0	2.0
868.0	3.0
869.0	1.0
870.0	4.0
871.0	3.0
872.0	2.0
873.0	1.0
874.0	3.0
877.0	3.0
879.0	3.0
880.0	1.0
881.0	3.0
882.0	3.0
883.0	2.0
884.0	1.0
885.0	3.0
886.0	2.0
889.0	1.0
890.0	1.0
891.0	2.0
892.0	1.0
893.0	1.0
894.0	3.0
896.0	1.0
897.0	3.0
898.0	1.0
899.0	3.0
900.0	4.0
901.0	2.0
903.0	1.0
905.0	2.0
906.0	3.0
907.0	2.0
908.0	3.0
909.0	5.0
910.0	3.0
911.0	5.0
912.0	1.0
914.0	1.0
915.0	2.0
916.0	2.0
917.0	1.0
918.0	1.0
919.0	2.0
920.0	1.0
921.0	2.0
922.0	3.0
923.0	6.0
924.0	2.0
925.0	2.0
926.0	1.0
927.0	1.0
928.0	2.0
929.0	5.0
930.0	4.0
931.0	2.0
932.0	4.0
933.0	4.0
934.0	3.0
935.0	2.0
936.0	1.0
937.0	2.0
938.0	3.0
939.0	2.0
940.0	2.0
941.0	2.0
942.0	2.0
943.0	2.0
945.0	3.0
946.0	1.0
947.0	3.0
948.0	3.0
949.0	1.0
950.0	2.0
951.0	3.0
952.0	3.0
953.0	1.0
954.0	2.0
955.0	2.0
956.0	1.0
957.0	5.0
958.0	3.0
959.0	1.0
960.0	3.0
961.0	2.0
962.0	1.0
963.0	3.0
964.0	2.0
965.0	2.0
966.0	5.0
967.0	5.0
968.0	2.0
971.0	2.0
972.0	1.0
973.0	5.0
974.0	4.0
976.0	2.0
977.0	2.0
978.0	1.0
980.0	2.0
981.0	3.0
982.0	2.0
983.0	1.0
984.0	2.0
985.0	1.0
986.0	2.0
987.0	3.0
988.0	2.0
989.0	2.0
990.0	1.0
991.0	2.0
992.0	1.0
993.0	2.0
994.0	3.0
995.0	2.0
996.0	1.0
997.0	2.0
998.0	4.0
999.0	2.0
1000.0	2.0
1001.0	2.0
1002.0	2.0
1003.0	3.0
1004.0	3.0
1005.0	2.0
1006.0	6.0
1007.0	2.0
1008.0	4.0
1009.0	1.0
1010.0	1.0
1011.0	2.0
1012.0	1.0
1013.0	3.0
1014.0	5.0
1017.0	1.0
1019.0	1.0
1020.0	1.0
1021.0	1.0
1022.0	5.0
1023.0	1.0
1024.0	2.0
1025.0	6.0
1026.0	3.0
1028.0	2.0
1029.0	1.0
1030.0	2.0
1031.0	1.0
1032.0	1.0
1033.0	3.0
1034.0	4.0
1035.0	3.0
1037.0	3.0
1038.0	2.0
1039.0	2.0
1040.0	5.0
1041.0	1.0
1042.0	2.0
1043.0	2.0
1044.0	3.0
1045.0	4.0
1046.0	2.0
1047.0	1.0
1048.0	1.0
1050.0	1.0
1052.0	5.0
1053.0	1.0
1054.0	2.0
1056.0	1.0
1057.0	3.0
1058.0	2.0
1062.0	1.0
1064.0	2.0
1065.0	1.0
1066.0	3.0
1067.0	2.0
1068.0	1.0
1069.0	4.0
1071.0	1.0
1072.0	2.0
1073.0	1.0
1074.0	1.0
1075.0	2.0
1078.0	5.0
1079.0	1.0
1080.0	2.0
1081.0	2.0
1082.0	1.0
1083.0	2.0
1084.0	2.0
1085.0	1.0
1086.0	1.0
1087.0	2.0
1088.0	1.0
1089.0	1.0
1091.0	1.0
1092.0	2.0
1093.0	3.0
1094.0	3.0
1095.0	5.0
1096.0	1.0
1098.0	3.0
1100.0	1.0
1101.0	2.0
1103.0	2.0
1104.0	2.0
1106.0	1.0
1107.0	3.0
1108.0	3.0
1109.0	2.0
1110.0	2.0
1113.0	3.0
1114.0	3.0
1115.0	1.0
1116.0	1.0
1118.0	4.0
1119.0	1.0
1120.0	1.0
1121.0	3.0
1123.0	2.0
1124.0	2.0
1126.0	1.0
1127.0	1.0
1128.0	2.0
1129.0	1.0
1130.0	1.0
1131.0	1.0
1132.0	3.0
1133.0	4.0
1134.0	1.0
1135.0	1.0
1136.0	1.0
1137.0	3.0
1138.0	1.0
1140.0	1.0
1141.0	1.0
1142.0	1.0
1143.0	1.0
1146.0	1.0
1147.0	3.0
1148.0	3.0
1149.0	1.0
1150.0	3.0
1151.0	1.0
1152.0	3.0
1154.0	2.0
1155.0	2.0
1156.0	2.0
1158.0	1.0
1159.0	1.0
1160.0	1.0
1161.0	1.0
1162.0	2.0
1163.0	2.0
1164.0	2.0
1165.0	2.0
1166.0	3.0
1168.0	1.0
1169.0	1.0
1170.0	1.0
1171.0	1.0
1172.0	2.0
1173.0	2.0
1175.0	1.0
1176.0	2.0
1177.0	2.0
1178.0	1.0
1179.0	4.0
1180.0	1.0
1181.0	1.0
1182.0	1.0
1184.0	2.0
1185.0	6.0
1186.0	4.0
1187.0	1.0
1189.0	1.0
1190.0	2.0
1191.0	3.0
1192.0	1.0
1195.0	2.0
1196.0	2.0
1197.0	2.0
1199.0	1.0
1200.0	1.0
1201.0	1.0
1205.0	5.0
1208.0	1.0
1210.0	1.0
1212.0	3.0
1213.0	2.0
1214.0	2.0
1215.0	2.0
1217.0	1.0
1219.0	1.0
1220.0	1.0
1222.0	1.0
1223.0	1.0
1224.0	2.0
1225.0	1.0
1226.0	4.0
1228.0	1.0
1230.0	1.0
1231.0	1.0
1232.0	3.0
1233.0	1.0
1234.0	1.0
1235.0	1.0
1236.0	1.0
1239.0	1.0
1240.0	2.0
1241.0	1.0
1242.0	1.0
1243.0	1.0
1245.0	1.0
1247.0	1.0
1248.0	2.0
1250.0	1.0
1251.0	1.0
1252.0	3.0
1255.0	1.0
1256.0	2.0
1257.0	3.0
1258.0	1.0
1259.0	2.0
1263.0	1.0
1264.0	1.0
1265.0	2.0
1266.0	2.0
1267.0	1.0
1268.0	2.0
1269.0	1.0
1270.0	2.0
1272.0	1.0
1273.0	5.0
1274.0	1.0
1275.0	1.0
1276.0	1.0
1277.0	1.0
1278.0	3.0
1279.0	5.0
1280.0	2.0
1281.0	1.0
1282.0	2.0
1283.0	4.0
1284.0	1.0
1285.0	1.0
1286.0	2.0
1287.0	1.0
1288.0	1.0
1289.0	1.0
1290.0	2.0
1291.0	2.0
1292.0	1.0
1295.0	1.0
1297.0	1.0
1300.0	5.0
1301.0	4.0
1302.0	2.0
1303.0	2.0
1304.0	1.0
1305.0	1.0
1306.0	2.0
1307.0	1.0
1309.0	1.0
1311.0	1.0
1314.0	1.0
1315.0	1.0
1317.0	3.0
1319.0	1.0
1320.0	1.0
1321.0	2.0
1323.0	1.0
1324.0	3.0
1325.0	1.0
1326.0	1.0
1328.0	4.0
1331.0	1.0
1332.0	1.0
1334.0	2.0
1335.0	1.0
1336.0	3.0
1337.0	5.0
1339.0	2.0
1340.0	2.0
1341.0	2.0
1342.0	1.0
1343.0	1.0
1344.0	1.0
1345.0	1.0
1346.0	2.0
1347.0	2.0
1349.0	1.0
1350.0	1.0
1351.0	1.0
1352.0	3.0
1355.0	2.0
1356.0	2.0
1357.0	1.0
1358.0	3.0
1359.0	1.0
1360.0	1.0
1361.0	3.0
1362.0	2.0
1364.0	1.0
1365.0	2.0
1366.0	3.0
1367.0	1.0
1368.0	1.0
1369.0	3.0
1370.0	1.0
1371.0	1.0
1372.0	2.0
1373.0	2.0
1375.0	5.0
1376.0	1.0
1377.0	1.0
1378.0	1.0
1380.0	1.0
1381.0	3.0
1382.0	2.0
1383.0	2.0
1384.0	2.0
1385.0	2.0
1387.0	3.0
1388.0	1.0
1389.0	2.0
1390.0	3.0
1391.0	1.0
1392.0	2.0
1393.0	2.0
1394.0	1.0
1395.0	1.0
1397.0	2.0
1398.0	2.0
1399.0	2.0
1400.0	4.0
1401.0	1.0
1402.0	1.0
1405.0	1.0
1406.0	1.0
1408.0	4.0
1409.0	1.0
1410.0	1.0
1411.0	2.0
1413.0	1.0
1414.0	3.0
1415.0	2.0
1416.0	3.0
1417.0	4.0
1418.0	5.0
1419.0	1.0
1420.0	2.0
1421.0	1.0
1422.0	2.0
1423.0	1.0
1424.0	1.0
1425.0	1.0
1426.0	1.0
1427.0	2.0
1428.0	2.0
1429.0	4.0
1430.0	2.0
1431.0	1.0
1432.0	2.0
1433.0	1.0
1434.0	5.0
1436.0	2.0
1437.0	1.0
1438.0	2.0
1439.0	3.0
1440.0	3.0
1441.0	1.0
1442.0	1.0
1443.0	3.0
1444.0	2.0
1445.0	2.0
1446.0	1.0
1447.0	2.0
1450.0	2.0
1451.0	2.0
1452.0	4.0
1453.0	1.0
1454.0	3.0
1455.0	4.0
1456.0	2.0
1457.0	4.0
1458.0	3.0
1459.0	5.0
1460.0	3.0
1461.0	5.0
1462.0	2.0
1463.0	4.0
1464.0	3.0
1465.0	1.0
1466.0	1.0
1467.0	3.0
1469.0	3.0
1471.0	4.0
1472.0	1.0
1473.0	1.0
1474.0	1.0
1475.0	4.0
1476.0	2.0
1477.0	2.0
1478.0	1.0
1479.0	2.0
1480.0	4.0
1481.0	3.0
1482.0	5.0
1483.0	2.0
1484.0	2.0
1485.0	4.0
1487.0	2.0
1488.0	2.0
1489.0	5.0
1491.0	1.0
1492.0	1.0
1493.0	1.0
1494.0	3.0
1495.0	3.0
1497.0	3.0
1498.0	3.0
1499.0	4.0
1500.0	1.0
1501.0	4.0
1502.0	3.0
1503.0	3.0
1504.0	2.0
1506.0	3.0
1507.0	4.0
1508.0	5.0
1509.0	4.0
1510.0	2.0
1511.0	4.0
1512.0	2.0
1514.0	4.0
1515.0	3.0
1516.0	1.0
1517.0	3.0
1519.0	1.0
1520.0	2.0
1521.0	2.0
1522.0	1.0
1523.0	2.0
1524.0	2.0
1525.0	1.0
1526.0	1.0
1527.0	2.0
1529.0	1.0
1530.0	1.0
1531.0	1.0
1536.0	1.0
1537.0	1.0
1538.0	3.0
1539.0	1.0
1540.0	2.0
1541.0	2.0
1542.0	2.0
1545.0	1.0
1546.0	3.0
1547.0	1.0
1548.0	1.0
1550.0	1.0
1551.0	1.0
1553.0	1.0
1554.0	2.0
1556.0	1.0
1557.0	3.0
1558.0	1.0
1559.0	1.0
1561.0	2.0
1562.0	3.0
1565.0	1.0
1566.0	2.0
1567.0	1.0
1570.0	1.0
1571.0	1.0
1573.0	1.0
1574.0	2.0
1576.0	1.0
1578.0	1.0
1579.0	3.0
1582.0	3.0
1583.0	1.0
1584.0	1.0
1585.0	4.0
1586.0	2.0
1587.0	2.0
1589.0	1.0
1590.0	2.0
1591.0	1.0
1592.0	1.0
1597.0	1.0
1598.0	2.0
1599.0	1.0
1600.0	2.0
1601.0	1.0
1603.0	1.0
1604.0	2.0
1607.0	3.0
1608.0	1.0
1609.0	1.0
1610.0	2.0
1611.0	1.0
1614.0	2.0
1618.0	2.0
1621.0	1.0
1622.0	1.0
1623.0	2.0
1624.0	1.0
1625.0	2.0
1626.0	2.0
1627.0	3.0
1628.0	1.0
1629.0	2.0
1630.0	1.0
1631.0	1.0
1632.0	1.0
1633.0	1.0
1634.0	2.0
1637.0	1.0
1638.0	3.0
1639.0	1.0
1644.0	1.0
1646.0	1.0
1652.0	1.0
1654.0	1.0
1655.0	1.0
1657.0	1.0
1658.0	1.0
1660.0	3.0
1661.0	2.0
1663.0	3.0
1665.0	2.0
1667.0	1.0
1669.0	1.0
1672.0	1.0
1673.0	1.0
1674.0	1.0
1675.0	1.0
1677.0	1.0
1678.0	3.0
1681.0	1.0
1683.0	2.0
1684.0	2.0
1685.0	2.0
1688.0	1.0
1689.0	1.0
1690.0	2.0
1691.0	1.0
1693.0	1.0
1694.0	1.0
1695.0	1.0
1696.0	2.0
1697.0	2.0
1698.0	2.0
1700.0	1.0
1701.0	2.0
1703.0	1.0
1704.0	2.0
1705.0	2.0
1709.0	2.0
1710.0	1.0
1711.0	1.0
1712.0	1.0
1713.0	1.0
1714.0	1.0
1715.0	2.0
1716.0	1.0
1720.0	5.0
1721.0	4.0
1722.0	2.0
1723.0	2.0
1725.0	1.0
1727.0	1.0
1731.0	1.0
1732.0	2.0
1734.0	1.0
1735.0	2.0
1736.0	1.0
1739.0	3.0
1740.0	1.0
1742.0	2.0
1743.0	2.0
1745.0	1.0
1746.0	1.0
1749.0	1.0
1750.0	2.0
1752.0	1.0
1753.0	1.0
1755.0	2.0
1756.0	1.0
1761.0	1.0
1764.0	1.0
1765.0	1.0
1767.0	3.0
1768.0	2.0
1769.0	1.0
1770.0	1.0
1779.0	1.0
1782.0	1.0
1784.0	1.0
1785.0	1.0
1789.0	3.0
1790.0	1.0
1791.0	1.0
1792.0	1.0
1793.0	1.0
1794.0	1.0
1795.0	1.0
1798.0	2.0
1803.0	2.0
1805.0	1.0
1808.0	1.0
1811.0	2.0
1813.0	1.0
1814.0	1.0
1815.0	2.0
1816.0	3.0
1819.0	1.0
1820.0	2.0
1823.0	1.0
1825.0	1.0
1827.0	1.0
1830.0	1.0
1835.0	1.0
1839.0	1.0
1842.0	1.0
1846.0	1.0
1847.0	2.0
1849.0	1.0
1850.0	1.0
1851.0	2.0
1852.0	2.0
1854.0	2.0
1855.0	2.0
1861.0	1.0
1864.0	1.0
1865.0	1.0
1867.0	1.0
1868.0	1.0
1873.0	2.0
1874.0	1.0
1875.0	1.0
1876.0	1.0
1880.0	1.0
1882.0	2.0
1884.0	1.0
1886.0	2.0
1888.0	4.0
1890.0	1.0
1892.0	1.0
1893.0	1.0
1903.0	2.0
1904.0	2.0
1907.0	1.0
1908.0	2.0
1909.0	2.0
1913.0	2.0
1914.0	1.0
1915.0	1.0
1918.0	1.0
1919.0	1.0
1920.0	1.0
1922.0	3.0
1923.0	2.0
1924.0	1.0
1925.0	1.0
1926.0	2.0
1927.0	1.0
1928.0	2.0
1932.0	2.0
1933.0	2.0
1936.0	2.0
1937.0	1.0
1938.0	1.0
1943.0	1.0
1944.0	3.0
1945.0	1.0
1946.0	1.0
1947.0	1.0
1948.0	2.0
1949.0	1.0
1950.0	2.0
1956.0	1.0
1964.0	1.0
1968.0	1.0
1969.0	1.0
1970.0	1.0
1973.0	2.0
1976.0	2.0
1979.0	2.0
1980.0	2.0
1981.0	1.0
1982.0	1.0
1983.0	1.0
1984.0	1.0
1985.0	1.0
1987.0	1.0
1988.0	2.0
1989.0	3.0
1990.0	2.0
1992.0	1.0
1993.0	2.0
1994.0	1.0
1996.0	2.0
1998.0	1.0
1999.0	1.0
2001.0	1.0
2002.0	1.0
2003.0	2.0
2005.0	1.0
2006.0	1.0
2007.0	2.0
2008.0	2.0
2010.0	2.0
2012.0	1.0
2014.0	2.0
2015.0	1.0
2016.0	1.0
2017.0	2.0
2018.0	3.0
2020.0	3.0
2021.0	2.0
2022.0	1.0
2024.0	1.0
2025.0	1.0
2026.0	1.0
2027.0	2.0
2030.0	1.0
2031.0	3.0
2032.0	1.0
2033.0	1.0
2036.0	3.0
2039.0	3.0
2040.0	1.0
2041.0	2.0
2044.0	3.0
2045.0	1.0
2046.0	3.0
2051.0	1.0
2053.0	1.0
2054.0	1.0
2055.0	2.0
2057.0	1.0
2059.0	2.0
2062.0	1.0
2066.0	2.0
2067.0	2.0
2069.0	1.0
2071.0	2.0
2072.0	1.0
2074.0	2.0
2075.0	1.0
2077.0	1.0
2080.0	1.0
2081.0	1.0
2084.0	1.0
2085.0	3.0
2086.0	1.0
2087.0	2.0
2090.0	1.0
2092.0	1.0
2093.0	1.0
2094.0	3.0
2097.0	1.0
2098.0	1.0
2100.0	3.0
2105.0	1.0
2106.0	2.0
2107.0	1.0
2108.0	1.0
2113.0	1.0
2115.0	1.0
2120.0	1.0
2125.0	1.0
2126.0	1.0
2127.0	1.0
2128.0	1.0
2129.0	1.0
2130.0	1.0
2134.0	2.0
2137.0	1.0
2139.0	2.0
2142.0	1.0
2144.0	1.0
2149.0	1.0
2154.0	1.0
2158.0	1.0
2161.0	2.0
2162.0	2.0
2163.0	1.0
2164.0	1.0
2168.0	1.0
2169.0	1.0
2171.0	1.0
2172.0	1.0
2176.0	1.0
2177.0	1.0
2179.0	2.0
2182.0	1.0
2183.0	1.0
2188.0	1.0
2190.0	1.0
2191.0	2.0
2192.0	2.0
2194.0	1.0
2199.0	1.0
2202.0	1.0
2203.0	2.0
2204.0	1.0
2206.0	1.0
2208.0	1.0
2211.0	1.0
2215.0	1.0
2218.0	1.0
2220.0	1.0
2223.0	2.0
2226.0	2.0
2227.0	1.0
2229.0	1.0
2233.0	1.0
2235.0	1.0
2236.0	1.0
2237.0	1.0
2239.0	2.0
2243.0	2.0
2244.0	1.0
2247.0	2.0
2252.0	1.0
2254.0	1.0
2256.0	2.0
2257.0	1.0
2258.0	1.0
2259.0	1.0
2260.0	2.0
2263.0	1.0
2264.0	1.0
2265.0	1.0
2268.0	2.0
2274.0	3.0
2275.0	1.0
2277.0	1.0
2278.0	3.0
2279.0	3.0
2280.0	1.0
2281.0	4.0
2282.0	1.0
2284.0	1.0
2285.0	1.0
2289.0	1.0
2291.0	1.0
2292.0	1.0
2295.0	1.0
2297.0	1.0
2298.0	1.0
2299.0	2.0
2300.0	1.0
2305.0	2.0
2308.0	1.0
2309.0	1.0
2310.0	1.0
2313.0	1.0
2316.0	1.0
2318.0	1.0
2319.0	1.0
2322.0	1.0
2323.0	1.0
2324.0	1.0
2325.0	1.0
2326.0	2.0
2327.0	1.0
2328.0	4.0
2330.0	1.0
2332.0	2.0
2335.0	1.0
2336.0	1.0
2337.0	1.0
2339.0	1.0
2340.0	1.0
2341.0	2.0
2347.0	1.0
2348.0	1.0
2349.0	1.0
2351.0	2.0
2355.0	1.0
2358.0	2.0
2359.0	1.0
2362.0	1.0
2364.0	1.0
2369.0	2.0
2370.0	1.0
2371.0	1.0
2372.0	1.0
2376.0	2.0
2379.0	1.0
2380.0	1.0
2381.0	1.0
2388.0	2.0
2389.0	2.0
2390.0	1.0
2396.0	1.0
2397.0	1.0
2401.0	1.0
2403.0	1.0
2404.0	1.0
2405.0	2.0
2407.0	1.0
2409.0	1.0
2412.0	1.0
2414.0	1.0
2415.0	1.0
2418.0	1.0
2423.0	1.0
2424.0	1.0
2429.0	1.0
2431.0	1.0
2432.0	1.0
2433.0	1.0
2437.0	1.0
2438.0	1.0
2441.0	1.0
2443.0	1.0
2444.0	1.0
2445.0	1.0
2447.0	2.0
2448.0	1.0
2449.0	1.0
2450.0	1.0
2454.0	1.0
2456.0	1.0
2459.0	2.0
2460.0	1.0
2461.0	3.0
2464.0	2.0
2466.0	1.0
2467.0	2.0
2468.0	1.0
2469.0	2.0
2470.0	1.0
2471.0	2.0
2472.0	1.0
2473.0	3.0
2474.0	1.0
2477.0	1.0
2478.0	2.0
2479.0	1.0
2480.0	1.0
2482.0	1.0
2484.0	1.0
2485.0	1.0
2486.0	1.0
2487.0	3.0
2488.0	1.0
2493.0	1.0
2494.0	2.0
2495.0	1.0
2497.0	1.0
2503.0	1.0
2504.0	2.0
2505.0	1.0
2506.0	1.0
2510.0	4.0
2513.0	1.0
2515.0	1.0
2516.0	1.0
2517.0	1.0
2518.0	3.0
2520.0	2.0
2521.0	1.0
2523.0	1.0
2524.0	2.0
2527.0	3.0
2529.0	1.0
2531.0	1.0
2534.0	1.0
2535.0	1.0
2536.0	1.0
2537.0	1.0
2539.0	2.0
2541.0	3.0
2542.0	1.0
2545.0	1.0
2548.0	1.0
2549.0	1.0
2550.0	2.0
2551.0	2.0
2554.0	1.0
2555.0	1.0
2557.0	1.0
2558.0	1.0
2559.0	2.0
2560.0	1.0
2561.0	1.0
2562.0	3.0
2563.0	1.0
2568.0	3.0
2570.0	2.0
2575.0	1.0
2576.0	2.0
2578.0	1.0
2580.0	1.0
2584.0	2.0
2590.0	1.0
2592.0	1.0
2599.0	1.0
2602.0	2.0
2604.0	1.0
2609.0	1.0
2617.0	1.0
2626.0	1.0
2628.0	1.0
2629.0	2.0
2632.0	1.0
2633.0	1.0
2636.0	1.0
2644.0	2.0
2646.0	1.0
2651.0	1.0
2654.0	2.0
2655.0	1.0
2656.0	1.0
2657.0	1.0
2658.0	1.0
2660.0	1.0
2661.0	1.0
2662.0	1.0
2663.0	1.0
2666.0	1.0
2669.0	1.0
2672.0	2.0
2674.0	1.0
2687.0	1.0
2689.0	1.0
2695.0	1.0
2699.0	2.0
2701.0	1.0
2708.0	1.0
2718.0	2.0
2722.0	1.0
2723.0	1.0
2731.0	1.0
2733.0	1.0
2743.0	1.0
2748.0	1.0
2753.0	1.0
2757.0	1.0
2761.0	1.0
2770.0	1.0
2774.0	1.0
2777.0	1.0
2778.0	1.0
2780.0	1.0
2783.0	1.0
2785.0	1.0
2788.0	1.0
2791.0	1.0
2799.0	1.0
2801.0	1.0
2808.0	1.0
2812.0	2.0
2813.0	1.0
2817.0	1.0
2824.0	1.0
2830.0	1.0
2840.0	1.0
2865.0	1.0
2866.0	1.0
2868.0	1.0
2869.0	1.0
2871.0	1.0
2876.0	2.0
2882.0	1.0
2892.0	1.0
2894.0	1.0
2898.0	1.0
2902.0	1.0
2903.0	1.0
2916.0	1.0
2919.0	1.0
2920.0	1.0
2937.0	1.0
2948.0	1.0
2953.0	1.0
2954.0	1.0
2956.0	1.0
2962.0	1.0
2964.0	1.0
2971.0	1.0
2990.0	1.0
2994.0	1.0
2997.0	1.0
3000.0	1.0
3009.0	1.0
3013.0	1.0
3019.0	2.0
3020.0	1.0
3025.0	1.0
3032.0	1.0
3034.0	1.0
3048.0	2.0
3053.0	1.0
3058.0	1.0
3059.0	1.0
3062.0	1.0
3063.0	1.0
3064.0	1.0
3069.0	1.0
3076.0	1.0
3085.0	1.0
3096.0	1.0
3098.0	1.0
3099.0	1.0
3103.0	2.0
3104.0	1.0
3106.0	1.0
3107.0	1.0
3108.0	1.0
3111.0	1.0
3118.0	1.0
3123.0	1.0
3124.0	2.0
3132.0	1.0
3133.0	1.0
3143.0	2.0
3150.0	1.0
3153.0	1.0
3158.0	1.0
3170.0	1.0
3178.0	1.0
3182.0	1.0
3186.0	1.0
3191.0	1.0
3192.0	1.0
3196.0	1.0
3197.0	1.0
3209.0	1.0
3211.0	1.0
3213.0	1.0
3215.0	1.0
3227.0	1.0
3236.0	1.0
3238.0	1.0
3240.0	1.0
3242.0	1.0
3249.0	1.0
3254.0	2.0
3256.0	1.0
3260.0	1.0
3261.0	1.0
3270.0	1.0
3272.0	1.0
3279.0	1.0
3282.0	1.0
3290.0	1.0
3296.0	1.0
3298.0	1.0
3303.0	1.0
3311.0	2.0
3314.0	1.0
3318.0	1.0
3325.0	1.0
3331.0	1.0
3333.0	1.0
3338.0	1.0
3341.0	1.0
3348.0	1.0
3349.0	1.0
3360.0	1.0
3364.0	1.0
3367.0	1.0
3371.0	1.0
3372.0	2.0
3389.0	1.0
3392.0	1.0
3395.0	1.0
3408.0	1.0
3427.0	1.0
3429.0	1.0
3431.0	1.0
3434.0	1.0
3437.0	1.0
3443.0	1.0
3448.0	1.0
3450.0	1.0
3456.0	1.0
3462.0	1.0
3466.0	1.0
3470.0	1.0
3473.0	2.0
3474.0	1.0
3475.0	1.0
3476.0	2.0
3478.0	4.0
3479.0	2.0
3480.0	1.0
3482.0	1.0
3483.0	1.0
3487.0	1.0
3488.0	2.0
3489.0	1.0
3490.0	1.0
3494.0	1.0
3500.0	1.0
3502.0	1.0
3503.0	1.0
3506.0	1.0
3507.0	1.0
3510.0	2.0
3514.0	1.0
3515.0	1.0
3516.0	1.0
3521.0	1.0
3526.0	1.0
3528.0	2.0
3533.0	1.0
3536.0	1.0
3545.0	1.0
3546.0	1.0
3547.0	2.0
3550.0	2.0
3552.0	1.0
3553.0	1.0
3555.0	1.0
3557.0	1.0
3559.0	3.0
3567.0	1.0
3568.0	2.0
3570.0	1.0
3575.0	2.0
3578.0	2.0
3580.0	1.0
3585.0	1.0
3586.0	2.0
3591.0	1.0
3592.0	1.0
3604.0	1.0
3606.0	1.0
3608.0	1.0
3609.0	1.0
3614.0	1.0
3617.0	1.0
3627.0	1.0
3635.0	1.0
3636.0	1.0
3640.0	1.0
3646.0	1.0
3648.0	1.0
3652.0	1.0
3654.0	2.0
3656.0	1.0
3671.0	1.0
3674.0	1.0
3677.0	1.0
3678.0	1.0
3693.0	1.0
3695.0	1.0
3697.0	1.0
3700.0	1.0
3701.0	1.0
3720.0	1.0
3729.0	1.0
3738.0	2.0
3741.0	1.0
3743.0	2.0
3755.0	2.0
3756.0	1.0
3757.0	1.0
3764.0	1.0
3768.0	1.0
3769.0	1.0
3770.0	1.0
3771.0	2.0
3776.0	1.0
3789.0	1.0
3795.0	1.0
3797.0	1.0
3800.0	1.0
3805.0	1.0
3810.0	1.0
3820.0	1.0
3822.0	1.0
3834.0	1.0
3835.0	2.0
3837.0	1.0
3838.0	1.0
3841.0	1.0
3847.0	1.0
3855.0	1.0
3857.0	1.0
3859.0	1.0
3871.0	1.0
3874.0	1.0
3884.0	1.0
3886.0	1.0
3891.0	1.0
3901.0	1.0
3902.0	2.0
3905.0	1.0
3906.0	2.0
3907.0	2.0
3910.0	1.0
3911.0	1.0
3913.0	1.0
3914.0	1.0
3915.0	1.0
3916.0	1.0
3919.0	2.0
3922.0	2.0
3924.0	1.0
3925.0	1.0
3926.0	2.0
3931.0	1.0
3943.0	1.0
3956.0	1.0
3968.0	1.0
3972.0	1.0
3987.0	1.0
3997.0	1.0
4004.0	1.0
4039.0	1.0
4042.0	1.0
4045.0	1.0
4050.0	1.0
4051.0	1.0
4093.0	1.0
4115.0	1.0
4123.0	1.0
4127.0	2.0
4130.0	1.0
4173.0	1.0
4183.0	2.0
4190.0	1.0
4192.0	1.0
4198.0	1.0
4219.0	1.0
4240.0	1.0
4241.0	1.0
4247.0	1.0
4255.0	1.0
4260.0	1.0
4262.0	1.0
4282.0	1.0
4286.0	1.0
4288.0	1.0
4294.0	1.0
4306.0	1.0
4322.0	1.0
4330.0	1.0
4352.0	1.0
4366.0	1.0
4388.0	1.0
4400.0	1.0
4405.0	1.0
4413.0	1.0
4415.0	1.0
4418.0	1.0
4422.0	1.0
4433.0	1.0
4450.0	1.0
4471.0	1.0
4476.0	1.0
4492.0	1.0
4501.0	1.0
4504.0	1.0
4519.0	1.0
4532.0	1.0
4534.0	1.0
4544.0	1.0
4547.0	1.0
4548.0	1.0
4552.0	1.0
4562.0	1.0
4563.0	1.0
4590.0	3.0
4592.0	1.0
4628.0	1.0
4629.0	1.0
4641.0	1.0
4643.0	1.0
4647.0	1.0
4653.0	1.0
4666.0	1.0
4684.0	1.0
4686.0	1.0
4709.0	1.0
4719.0	1.0
4725.0	1.0
4750.0	1.0
4762.0	1.0
4765.0	1.0
4769.0	1.0
4775.0	1.0
4787.0	1.0
4791.0	1.0
4804.0	1.0
4812.0	2.0
4820.0	1.0
4828.0	1.0
4844.0	2.0
4853.0	1.0
4876.0	1.0
4877.0	1.0
4896.0	1.0
4909.0	1.0
4914.0	1.0
4919.0	1.0
4927.0	1.0
4936.0	1.0
4942.0	1.0
4951.0	1.0
4970.0	1.0
4974.0	1.0
4981.0	1.0
4988.0	1.0
5020.0	1.0
5029.0	1.0
5035.0	1.0
5041.0	1.0
5044.0	1.0
5051.0	1.0
5063.0	1.0
5068.0	1.0
5070.0	1.0
5073.0	1.0
5076.0	1.0
5082.0	1.0
5085.0	1.0
5091.0	1.0
5098.0	1.0
5119.0	2.0
5126.0	1.0
5135.0	1.0
5143.0	1.0
5144.0	1.0
5145.0	1.0
5151.0	1.0
5161.0	1.0
5163.0	1.0
5164.0	1.0
5165.0	1.0
5168.0	1.0
5178.0	1.0
5179.0	1.0
5185.0	1.0
5193.0	1.0
5194.0	1.0
5204.0	1.0
5220.0	1.0
5226.0	1.0
5230.0	1.0
5231.0	1.0
5232.0	1.0
5233.0	1.0
5236.0	1.0
5242.0	1.0
5243.0	1.0
5264.0	2.0
5272.0	1.0
5286.0	1.0
5289.0	1.0
5291.0	1.0
5296.0	1.0
5299.0	1.0
5305.0	1.0
5312.0	1.0
5316.0	1.0
5324.0	1.0
5327.0	1.0
5335.0	1.0
5337.0	3.0
5338.0	1.0
5339.0	1.0
5348.0	1.0
5353.0	1.0
5358.0	2.0
5362.0	1.0
5376.0	1.0
5379.0	1.0
5382.0	1.0
5383.0	1.0
5387.0	1.0
5392.0	1.0
5399.0	2.0
5411.0	1.0
5413.0	1.0
5414.0	1.0
5417.0	2.0
5434.0	1.0
5435.0	1.0
5463.0	1.0
5476.0	2.0
5487.0	1.0
5493.0	1.0
5518.0	1.0
5532.0	1.0
5533.0	1.0
5537.0	1.0
5540.0	1.0
5553.0	1.0
5558.0	1.0
5566.0	1.0
5578.0	1.0
5582.0	1.0
5585.0	1.0
5594.0	1.0
5604.0	1.0
5605.0	1.0
5609.0	1.0
5614.0	1.0
5648.0	1.0
5658.0	1.0
5674.0	1.0
5678.0	1.0
5680.0	1.0
5687.0	1.0
5693.0	1.0
5707.0	1.0
5713.0	1.0
5715.0	1.0
5720.0	1.0
5722.0	1.0
5739.0	1.0
5758.0	1.0
5767.0	1.0
5771.0	1.0
5779.0	1.0
5786.0	1.0
5799.0	2.0
5804.0	1.0
5822.0	2.0
5834.0	1.0
5863.0	1.0
5864.0	1.0
5867.0	1.0
5870.0	1.0
5871.0	1.0
5872.0	1.0
5874.0	1.0
5875.0	1.0
5878.0	1.0
5889.0	1.0
5891.0	1.0
5896.0	1.0
5897.0	1.0
5908.0	1.0
5911.0	1.0
5915.0	1.0
5918.0	1.0
5930.0	1.0
5932.0	1.0
5935.0	1.0
5945.0	2.0
5956.0	2.0
5958.0	1.0
5969.0	1.0
5973.0	1.0
5976.0	1.0
5981.0	1.0
5982.0	1.0
5983.0	1.0
5984.0	1.0
5987.0	1.0
5990.0	1.0
5995.0	1.0
5999.0	1.0
6002.0	1.0
6013.0	1.0
6025.0	1.0
6031.0	1.0
6036.0	1.0
6056.0	1.0
6063.0	1.0
6073.0	2.0
6087.0	1.0
6089.0	1.0
6096.0	1.0
6100.0	1.0
6108.0	1.0
6111.0	1.0
6119.0	1.0
6122.0	1.0
6123.0	1.0
6135.0	1.0
6139.0	1.0
6156.0	1.0
6163.0	1.0
6182.0	1.0
6192.0	1.0
6206.0	1.0
6213.0	1.0
6221.0	1.0
6223.0	1.0
6224.0	1.0
6235.0	1.0
6248.0	1.0
6253.0	1.0
6273.0	1.0
6311.0	1.0
6313.0	2.0
6317.0	1.0
6326.0	1.0
6338.0	1.0
6347.0	1.0
6348.0	1.0
6349.0	1.0
6354.0	1.0
6364.0	1.0
6379.0	1.0
6383.0	1.0
6385.0	1.0
6386.0	1.0
6391.0	1.0
6404.0	1.0
6420.0	1.0
6429.0	1.0
6439.0	2.0
6444.0	1.0
6468.0	1.0
6473.0	1.0
6474.0	1.0
6491.0	1.0
6492.0	1.0
6498.0	1.0
6504.0	1.0
6506.0	1.0
6536.0	1.0
6546.0	1.0
6549.0	1.0
6550.0	1.0
6551.0	1.0
6552.0	1.0
6556.0	1.0
6557.0	1.0
6559.0	1.0
6564.0	1.0
6572.0	1.0
6587.0	1.0
6599.0	1.0
6608.0	1.0
6610.0	1.0
6617.0	1.0
6641.0	2.0
6644.0	1.0
6649.0	1.0
6658.0	1.0
6664.0	1.0
6665.0	1.0
6666.0	1.0
6672.0	1.0
6677.0	1.0
6678.0	1.0
6680.0	1.0
6681.0	1.0
6685.0	2.0
6693.0	1.0
6696.0	2.0
6697.0	1.0
6698.0	1.0
6702.0	1.0
6715.0	1.0
6725.0	2.0
6731.0	1.0
6741.0	1.0
6745.0	1.0
6759.0	1.0
6775.0	1.0
6777.0	1.0
6785.0	1.0
6793.0	1.0
6815.0	1.0
6824.0	1.0
6832.0	2.0
6835.0	1.0
6836.0	1.0
6852.0	1.0
6857.0	1.0
6861.0	1.0
6864.0	1.0
6874.0	1.0
6881.0	1.0
6891.0	1.0
6897.0	1.0
6909.0	1.0
6917.0	1.0
6924.0	1.0
6931.0	2.0
6932.0	1.0
6939.0	1.0
6942.0	1.0
6957.0	1.0
6971.0	1.0
6984.0	1.0
6987.0	1.0
6989.0	1.0
6993.0	1.0
7000.0	1.0
7012.0	1.0
7018.0	1.0
7026.0	1.0
7028.0	1.0
7031.0	1.0
7034.0	2.0
7041.0	1.0
7046.0	1.0
7047.0	1.0
7055.0	1.0
7060.0	1.0
7088.0	1.0
7093.0	1.0
7103.0	1.0
7109.0	1.0
7116.0	1.0
7117.0	2.0
7118.0	1.0
7121.0	1.0
7123.0	1.0
7127.0	2.0
7136.0	1.0
7139.0	1.0
7141.0	1.0
7144.0	1.0
7152.0	1.0
7153.0	1.0
7155.0	1.0
7156.0	2.0
7164.0	1.0
7167.0	1.0
7175.0	1.0
7177.0	1.0
7179.0	2.0
7180.0	2.0
7185.0	1.0
7188.0	1.0
7190.0	1.0
7191.0	1.0
7193.0	1.0
7199.0	1.0
7203.0	2.0
7207.0	1.0
7210.0	1.0
7211.0	2.0
7220.0	1.0
7221.0	1.0
7227.0	1.0
7228.0	1.0
7244.0	1.0
7250.0	1.0
7256.0	1.0
7266.0	1.0
7270.0	1.0
7272.0	1.0
7278.0	2.0
7289.0	3.0
7291.0	1.0
7316.0	1.0
7323.0	1.0
7325.0	1.0
7326.0	1.0
7328.0	1.0
7330.0	1.0
7337.0	1.0
7347.0	1.0
7349.0	1.0
7351.0	1.0
7361.0	1.0
7368.0	1.0
7371.0	1.0
7375.0	1.0
7388.0	1.0
7413.0	1.0
7416.0	1.0
7420.0	1.0
7422.0	1.0
7431.0	1.0
7432.0	1.0
7443.0	1.0
7449.0	2.0
7475.0	1.0
7477.0	1.0
7480.0	1.0
7482.0	1.0
7504.0	1.0
7505.0	1.0
7516.0	1.0
7524.0	1.0
7564.0	1.0
7568.0	1.0
7575.0	1.0
7584.0	1.0
7600.0	1.0
7601.0	1.0
7604.0	1.0
7606.0	1.0
7608.0	1.0
7620.0	1.0
7621.0	1.0
7623.0	1.0
7644.0	1.0
7660.0	1.0
7687.0	1.0
7689.0	2.0
7690.0	1.0
7693.0	1.0
7716.0	1.0
7717.0	1.0
7718.0	1.0
7729.0	1.0
7736.0	1.0
7739.0	1.0
7743.0	1.0
7756.0	1.0
7767.0	1.0
7775.0	1.0
7781.0	1.0
7801.0	1.0
7814.0	1.0
7821.0	1.0
7824.0	1.0
7825.0	1.0
7828.0	1.0
7833.0	1.0
7842.0	2.0
7850.0	1.0
7857.0	1.0
7866.0	1.0
7877.0	1.0
7885.0	1.0
7899.0	1.0
7919.0	1.0
7927.0	2.0
7936.0	1.0
7950.0	1.0
7957.0	1.0
7963.0	1.0
7972.0	1.0
7976.0	1.0
7990.0	1.0
7992.0	1.0
8001.0	1.0
8039.0	1.0
8050.0	1.0
8051.0	1.0
8072.0	1.0
8076.0	1.0
8077.0	1.0
8079.0	1.0
8087.0	1.0
8105.0	1.0
8117.0	1.0
8126.0	2.0
8133.0	1.0
8137.0	1.0
8143.0	2.0
8144.0	1.0
8146.0	1.0
8152.0	1.0
8153.0	1.0
8168.0	1.0
8187.0	1.0
8217.0	1.0
8225.0	1.0
8251.0	1.0
8255.0	1.0
8274.0	1.0
8277.0	1.0
8282.0	1.0
8285.0	1.0
8288.0	1.0
8317.0	1.0
8325.0	1.0
8347.0	1.0
8361.0	1.0
8373.0	1.0
8374.0	1.0
8395.0	1.0
8397.0	1.0
8398.0	1.0
8438.0	1.0
8445.0	1.0
8448.0	1.0
8452.0	1.0
8453.0	1.0
8454.0	1.0
8481.0	1.0
8486.0	1.0
8489.0	1.0
8493.0	1.0
8503.0	1.0
8513.0	1.0
8521.0	1.0
8523.0	1.0
8540.0	1.0
8548.0	1.0
8565.0	1.0
8572.0	1.0
8594.0	1.0
8603.0	1.0
8627.0	1.0
8630.0	1.0
8633.0	1.0
8661.0	1.0
8667.0	1.0
8678.0	1.0
8682.0	1.0
8688.0	1.0
8696.0	1.0
8702.0	1.0
8712.0	2.0
8716.0	1.0
8718.0	1.0
8722.0	1.0
8728.0	1.0
8736.0	1.0
8739.0	1.0
8742.0	1.0
8748.0	1.0
8750.0	1.0
8764.0	1.0
8766.0	1.0
8781.0	1.0
8783.0	1.0
8790.0	1.0
8792.0	1.0
8799.0	1.0
8810.0	1.0
8823.0	1.0
8828.0	1.0
8843.0	1.0
8848.0	1.0
8858.0	1.0
8859.0	1.0
8862.0	1.0
8866.0	1.0
8873.0	1.0
8879.0	1.0
8884.0	1.0
8889.0	1.0
8891.0	1.0
8897.0	1.0
8913.0	1.0
8920.0	1.0
8922.0	1.0
8923.0	1.0
8931.0	1.0
8936.0	1.0
8938.0	2.0
8949.0	1.0
8954.0	1.0
8973.0	1.0
8978.0	1.0
8979.0	1.0
8981.0	1.0
8984.0	1.0
8987.0	1.0
8999.0	1.0
9000.0	1.0
9009.0	1.0
9021.0	1.0
9022.0	1.0
9024.0	1.0
9037.0	1.0
9042.0	1.0
9043.0	1.0
9045.0	1.0
9046.0	1.0
9049.0	1.0
9051.0	1.0
9058.0	1.0
9063.0	1.0
9065.0	1.0
9079.0	1.0
9081.0	1.0
9087.0	1.0
9088.0	1.0
9091.0	1.0
9103.0	1.0
9112.0	1.0
9120.0	1.0
9127.0	1.0
9130.0	1.0
9132.0	1.0
9133.0	1.0
9137.0	2.0
9146.0	1.0
9148.0	1.0
9160.0	1.0
9170.0	2.0
9189.0	1.0
9202.0	1.0
9212.0	1.0
9215.0	1.0
9226.0	1.0
9253.0	1.0
9254.0	1.0
9267.0	1.0
9270.0	1.0
9281.0	1.0
9282.0	1.0
9289.0	1.0
9293.0	1.0
9295.0	1.0
9304.0	1.0
9308.0	1.0
9309.0	1.0
9322.0	2.0
9324.0	1.0
9345.0	1.0
9351.0	1.0
9375.0	1.0
9377.0	1.0
9386.0	1.0
9392.0	1.0
9407.0	1.0
9414.0	1.0
9419.0	1.0
9430.0	1.0
9435.0	1.0
9438.0	1.0
9447.0	2.0
9448.0	1.0
9450.0	1.0
9461.0	1.0
9465.0	2.0
9467.0	1.0
9476.0	1.0
9478.0	1.0
9494.0	1.0
9503.0	1.0
9527.0	1.0
9528.0	1.0
9531.0	1.0
9533.0	1.0
9536.0	1.0
9537.0	1.0
9543.0	1.0
9556.0	1.0
9566.0	1.0
9570.0	1.0
9585.0	1.0
9593.0	1.0
9597.0	1.0
9607.0	1.0
9617.0	1.0
9619.0	1.0
9639.0	1.0
9647.0	1.0
9650.0	1.0
9678.0	1.0
9691.0	1.0
9713.0	1.0
9729.0	1.0
9756.0	1.0
9759.0	1.0
9769.0	1.0
9773.0	1.0
9789.0	1.0
9794.0	1.0
9823.0	1.0
9856.0	1.0
9880.0	1.0
9890.0	1.0
9920.0	1.0
9936.0	1.0
9947.0	1.0
9961.0	1.0
9969.0	1.0
10039.0	1.0
10053.0	1.0
10083.0	1.0
10088.0	1.0
10102.0	1.0
10105.0	1.0
10110.0	1.0
10119.0	1.0
10126.0	1.0
10151.0	1.0
10215.0	1.0
10229.0	1.0
10231.0	1.0
10256.0	1.0
10264.0	1.0
10317.0	1.0
10318.0	1.0
10319.0	1.0
10329.0	1.0
10372.0	1.0
10382.0	1.0
10399.0	1.0
10403.0	1.0
10417.0	1.0
10424.0	1.0
10429.0	1.0
10447.0	1.0
10473.0	1.0
10480.0	1.0
10502.0	1.0
10510.0	1.0
10518.0	1.0
10539.0	1.0
10557.0	1.0
10562.0	1.0
10588.0	1.0
10644.0	1.0
10650.0	1.0
10651.0	1.0
10652.0	1.0
10670.0	1.0
10681.0	1.0
10732.0	1.0
10739.0	1.0
10742.0	1.0
10756.0	1.0
10766.0	1.0
10800.0	1.0
10811.0	1.0
10833.0	1.0
10840.0	1.0
10841.0	1.0
10871.0	1.0
10873.0	1.0
10904.0	1.0
10907.0	1.0
10925.0	1.0
10929.0	1.0
10931.0	1.0
10937.0	1.0
10938.0	1.0
10951.0	1.0
10958.0	1.0
10960.0	1.0
10968.0	1.0
10970.0	1.0
10972.0	1.0
10973.0	1.0
10974.0	1.0
10977.0	1.0
10987.0	1.0
10993.0	1.0
10994.0	1.0
10996.0	1.0
11012.0	1.0
11031.0	1.0
11041.0	1.0
11058.0	1.0
11078.0	1.0
11097.0	1.0
11105.0	1.0
11108.0	1.0
11141.0	1.0
11145.0	1.0
11176.0	1.0
11198.0	1.0
11201.0	1.0
11224.0	1.0
11264.0	2.0
11270.0	1.0
11284.0	1.0
11290.0	1.0
11309.0	1.0
11344.0	1.0
11355.0	1.0
11376.0	1.0
11377.0	1.0
11378.0	1.0
11383.0	1.0
11385.0	1.0
11394.0	1.0
11396.0	1.0
11409.0	1.0
11428.0	1.0
11438.0	1.0
11439.0	1.0
11440.0	1.0
11445.0	1.0
11449.0	1.0
11460.0	1.0
11483.0	1.0
11490.0	1.0
11499.0	1.0
11539.0	1.0
11542.0	1.0
11560.0	1.0
11571.0	1.0
11582.0	1.0
11594.0	2.0
11595.0	1.0
11600.0	1.0
11612.0	1.0
11616.0	1.0
11623.0	1.0
11627.0	1.0
11630.0	1.0
11632.0	1.0
11648.0	1.0
11656.0	1.0
11665.0	1.0
11672.0	1.0
11683.0	1.0
11712.0	1.0
11713.0	1.0
11720.0	1.0
11725.0	1.0
11763.0	1.0
11772.0	2.0
11781.0	1.0
11783.0	1.0
11794.0	1.0
11799.0	2.0
11824.0	1.0
11837.0	1.0
11887.0	1.0
11894.0	1.0
11897.0	1.0
11932.0	1.0
11948.0	1.0
11952.0	1.0
11982.0	1.0
12016.0	2.0
12021.0	1.0
12036.0	1.0
12049.0	1.0
12054.0	1.0
12099.0	1.0
12105.0	1.0
12106.0	1.0
12113.0	1.0
12167.0	1.0
12170.0	2.0
12196.0	1.0
12200.0	1.0
12204.0	1.0
12228.0	1.0
12253.0	1.0
12308.0	1.0
12327.0	1.0
12360.0	1.0
12385.0	1.0
12408.0	1.0
12411.0	1.0
12426.0	1.0
12429.0	1.0
12439.0	1.0
12517.0	1.0
12526.0	1.0
12527.0	1.0
12612.0	1.0
12617.0	1.0
12645.0	1.0
12648.0	1.0
12649.0	1.0
12652.0	1.0
12666.0	1.0
12689.0	1.0
12718.0	1.0
12721.0	1.0
12789.0	1.0
12797.0	1.0
12813.0	1.0
12830.0	1.0
12837.0	1.0
12873.0	1.0
12894.0	1.0
12903.0	1.0
12918.0	1.0
12962.0	1.0
12966.0	1.0
13025.0	1.0
13032.0	1.0
13047.0	1.0
13095.0	1.0
13099.0	1.0
13107.0	1.0
13123.0	1.0
13136.0	1.0
13147.0	1.0
13157.0	1.0
13174.0	1.0
13190.0	1.0
13194.0	1.0
13204.0	1.0
13221.0	1.0
13268.0	1.0
13291.0	1.0
13310.0	1.0
13330.0	1.0
13385.0	1.0
13395.0	1.0
13419.0	1.0
13443.0	1.0
13444.0	1.0
13459.0	1.0
13471.0	1.0
13494.0	1.0
13551.0	1.0
13560.0	1.0
13722.0	1.0
13805.0	1.0
13860.0	1.0
13870.0	1.0
13901.0	1.0
13903.0	1.0
13907.0	1.0
13920.0	1.0
13997.0	1.0
13998.0	1.0
14154.0	1.0
14326.0	1.0
14374.0	1.0
14533.0	1.0
14704.0	1.0
14746.0	1.0
14837.0	1.0
15095.0	1.0
15175.0	1.0
15249.0	1.0
15323.0	1.0
15395.0	1.0
15562.0	1.0
15606.0	1.0
15738.0	1.0
15854.0	1.0
15958.0	1.0
16048.0	1.0
16114.0	1.0
16118.0	1.0
16202.0	1.0
16205.0	1.0
16209.0	1.0
16315.0	1.0
16404.0	1.0
16418.0	1.0
16537.0	1.0
16712.0	1.0
16749.0	1.0
16780.0	1.0
17027.0	1.0
17152.0	1.0
17188.0	1.0
17359.0	1.0
17540.0	1.0
17679.0	1.0
17731.0	1.0
17851.0	1.0
17995.0	1.0
18073.0	1.0
18105.0	1.0
18114.0	1.0
18120.0	1.0
18440.0	1.0
18476.0	1.0
18499.0	1.0
18614.0	1.0
18737.0	1.0
18751.0	1.0
18855.0	1.0
19001.0	1.0
19191.0	1.0
19328.0	1.0
19478.0	1.0
19536.0	1.0
19567.0	1.0
19671.0	1.0
19705.0	1.0
19736.0	1.0
19763.0	1.0
19886.0	1.0
19977.0	1.0
20063.0	1.0
20139.0	1.0
20186.0	1.0
20422.0	1.0
20432.0	1.0
20501.0	1.0
20694.0	1.0
20890.0	1.0
21020.0	1.0
21045.0	1.0
21230.0	1.0
21242.0	1.0
21337.0	1.0
21602.0	1.0
21609.0	1.0
21635.0	1.0
21861.0	1.0
22039.0	1.0
22235.0	1.0
22260.0	1.0
22401.0	1.0
22509.0	1.0
22531.0	1.0
22583.0	1.0
22667.0	1.0
22831.0	1.0
22919.0	1.0
23069.0	1.0
23089.0	1.0
23201.0	1.0
23303.0	1.0
23376.0	1.0
23411.0	1.0
23589.0	1.0
23715.0	1.0
23773.0	1.0
23819.0	1.0
23843.0	1.0
23846.0	1.0
23925.0	1.0
24101.0	1.0
24166.0	1.0
24195.0	1.0
24289.0	1.0
24438.0	1.0
24627.0	1.0
24645.0	1.0
24846.0	1.0
25021.0	1.0
25072.0	1.0
25297.0	1.0
25462.0	1.0
25475.0	1.0
25724.0	1.0
25863.0	1.0
25930.0	1.0
25998.0	1.0
26190.0	1.0
26416.0	1.0
26540.0	1.0
26551.0	1.0
26692.0	1.0
26756.0	1.0
27247.0	1.0
27307.0	1.0
27398.0	1.0
27541.0	1.0
27672.0	1.0
27861.0	1.0
28140.0	1.0
28141.0	1.0
28352.0	1.0
28395.0	1.0
28730.0	1.0
28852.0	1.0
28877.0	1.0
29061.0	1.0
29181.0	1.0
29289.0	1.0
29407.0	1.0
29470.0	1.0
29679.0	1.0
29732.0	1.0
29851.0	1.0
29893.0	1.0
29983.0	1.0
30023.0	1.0
30188.0	1.0
30203.0	1.0
30207.0	1.0
30228.0	1.0
30364.0	1.0
30509.0	1.0
30577.0	1.0
30655.0	1.0
30698.0	1.0
30835.0	1.0
30888.0	1.0
30904.0	1.0
31022.0	1.0
31072.0	1.0
31163.0	1.0
31203.0	1.0
31220.0	1.0
31246.0	1.0
31258.0	1.0
31285.0	1.0
31298.0	1.0
31332.0	1.0
31485.0	1.0
31577.0	1.0
31618.0	1.0
31623.0	1.0
