# Position (bp)	A	C	G	T	N
0.0	32.818752518375454	11.901755568214975	18.82168685998527	36.444540162009694	0.013264891414597546
1.0	32.66819274429979	14.8279124577955	13.97904624779425	38.50622125578358	0.018627294326881663
2.0	31.25475451918134	13.57182927845938	18.532616435786636	36.63910637617929	0.0016933903933528782
3.0	32.02759184254769	12.746800794764557	18.11530425449139	37.109586673799164	7.164343971877562E-4
4.0	31.50730849925665	14.143956419946925	17.234307047282936	37.1144280335135	0.0
5.0	30.558423705381333	13.403488905253505	16.17472228397549	39.86336510538967	0.0
6.0	34.052278869266786	12.223803684817495	14.707442928401719	39.016387676981005	8.68405329924553E-5
7.0	37.40914309235664	11.075793548790486	12.195319989995971	39.318571021661505	0.0011723471953981465
8.0	37.52396798710592	11.083522356226814	12.070834085951287	39.31850589126176	0.003169679454224618
9.0	37.85320215781356	11.058859644856957	11.922966368398383	39.16475472759862	2.1710133248113822E-4
10.0	37.954935842214226	11.179177203318002	11.989963839602062	38.875923114865714	0.0
11.0	38.061793118061445	11.127094593655778	11.797742319823262	39.013369968459514	0.0
12.0	37.94056373400397	11.10866269052813	12.07988721151575	38.870886363952145	0.0
13.0	38.11476584318684	11.141553542399022	11.642536577232496	39.10114403718164	0.0
14.0	37.95497926248072	11.221142890886608	11.807186227786191	39.015475851384586	0.0012157674618943743
15.0	37.985308318628334	11.12880969418238	11.69175344930597	39.17984327020606	0.014285267677258896
16.0	37.915792471967876	11.25540148115213	11.816217643217406	39.01254498339609	4.342026649622765E-5
17.0	37.946989933445415	11.230174306317823	11.604587264314793	39.21824849592197	0.0
18.0	37.89903224910034	11.244828646260299	11.833086416751192	39.023052687888175	0.0
19.0	37.97692820719457	11.255162669686401	11.612837114949077	39.07298599435884	0.08208601381111837
20.0	37.85006632984278	11.26104864116098	11.829987168269367	39.05889786072687	0.0
21.0	38.03965209687523	11.237561898723321	11.732425973958293	38.99036003044315	0.0
22.0	37.98073206177624	11.355127359846836	11.779471971104607	38.884668607272324	0.0
23.0	38.134464305922116	11.28209015619872	11.677142831698827	38.90610722157073	1.9548460960528834E-4
24.0	38.09986341596519	11.316900813312632	11.814834021177804	38.768401749544374	0.0
25.0	38.2219915957512	11.326244176935122	11.609819124816003	38.83514364972475	0.006801452772928393
26.0	38.16631343245626	11.376300610826029	11.677312235060757	38.779443399099165	6.303225577880807E-4
27.0	38.21200643026136	11.306202280159896	11.648869812427519	38.818419907198646	0.014501569952573125
28.0	38.14448549792772	11.360208539805965	11.689216359831207	38.718748552380816	0.08734105005429456
29.0	38.18699375013733	11.399086376117417	11.685570142508704	38.726696270859435	0.0016534603771064488
30.0	38.12428960917241	11.410373109995817	11.880673059803208	38.57578365549326	0.008880565535308737
31.0	38.21371115535983	11.470056651961215	11.733204173337185	38.58291912770832	1.0889163344201444E-4
32.0	38.22949302107765	11.50947429759142	11.844217630890615	38.41681505044031	0.0
33.0	38.237679313807476	11.466270959694802	11.754503220207223	38.5414592821233	8.722416720000611E-5
34.0	38.26425060427747	11.56048928798699	11.791878021932938	38.38253099077063	8.51095031961892E-4
35.0	38.266388426076794	11.516303459892903	11.704015383902993	38.513292730127304	0.0
36.0	38.28552163464061	11.502749588086518	11.821742035464789	38.38998674180808	0.0
37.0	38.32930845128929	11.468112385036981	11.632127969800472	38.57018855882959	2.626350436565101E-4
38.0	38.247842178265984	11.536496166428917	11.717382872844643	38.49795009674316	3.286857172908408E-4
39.0	38.227925199941986	11.516364514797715	11.69974660448029	38.55594173987433	2.1940905681092887E-5
40.0	38.29088551228193	11.504362555390248	11.709389145565803	38.49536278676202	0.0
41.0	38.3373453305216	11.530961842858957	11.656151999202514	38.475540827416935	0.0
42.0	38.23240786172547	11.592685807392751	11.762610559096297	38.4116124578274	6.83313958076264E-4
43.0	38.401309437685555	11.526037263854697	11.64305544882072	38.40245775729647	0.027140092342563173
44.0	38.35729372578018	11.56380447399316	11.722094849433859	38.34826626237791	0.008540688414888057
45.0	38.36862735012302	11.538419754214143	11.675637517185478	38.41731537847736	0.0
46.0	38.29933736694514	11.619885968367898	11.711383232892977	38.36939343179399	0.0
47.0	38.34239804592382	11.611435835330598	11.62000986124331	38.42615625750228	0.0
48.0	38.295580622333745	11.657294529186824	11.752013019048619	38.295089505959254	2.2323471567710438E-5
49.0	38.33716725296283	11.626746384146438	11.643620255538444	38.386871322407984	0.00559478494429944
50.0	38.288433124249025	11.664256456800775	11.690486421113214	38.35682399783698	0.0
51.0	38.38857803891626	11.590060789911139	11.661872120488253	38.35795923537131	0.0015298153130463325
52.0	38.28200277718557	11.653350388997742	11.66844329837599	38.38959333746189	0.006610197978813527
53.0	38.424196215862786	11.645101956321563	11.560781261665646	38.36992056615	0.0
54.0	38.27802689361949	11.709357220620529	11.671101135384337	38.33416304716299	0.007351703212648924
55.0	38.39466073374401	11.656454283693353	11.582626538115964	38.356950322393295	0.009308122053376278
56.0	38.30666588752194	11.665417295917342	11.692809102845278	38.30591261283141	0.029195100884024914
57.0	38.345180900537216	11.661023732377469	11.660336872645216	38.3307568461599	0.0027016482801948114
58.0	38.29633935681217	11.687112287883043	11.749079619753017	38.25963668952966	0.007832046022113012
59.0	38.31482438522328	11.726890734036335	11.6442438780384	38.3134419454798	5.99057222176269E-4
60.0	38.316320598381026	11.7249292834402	11.71979760859329	38.23895250958548	0.0
61.0	38.38845422914627	11.723172948604185	11.618503625274082	38.26966046134286	2.0873563261044318E-4
62.0	38.36229153989088	11.75151287382615	11.690590686910456	38.19001997773013	0.005584921642385832
63.0	38.39022574684281	11.73602455611589	11.670529438712682	38.20163249790672	0.0015877604218959632
64.0	38.41378977463636	11.7725800624107	11.627378417932368	38.1842601136214	0.001991631399170263
65.0	38.49701408943483	11.672326235711763	11.657207403572183	38.167527005808175	0.005925265473054856
66.0	38.41455112793469	11.707948646131507	11.637513930618146	38.23982112177844	1.6517353721725534E-4
67.0	38.517286671975555	11.717386408922904	11.533327697674865	38.23119412735972	8.050940669539905E-4
68.0	38.504471287377164	11.7126770122219	11.547736505818186	38.23511519458275	0.0
69.0	38.48517353859039	11.704655534161363	11.530780688755202	38.26908795715777	0.010302281335271054
70.0	38.5250170779333	11.761920924022704	11.56366371095951	38.14937435164889	2.3935435598598913E-5
71.0	38.517315174910316	11.72583337417441	11.507453736670193	38.24634664560228	0.0030510686427981807
72.0	38.48174590371274	11.76143064832371	11.573655765016866	38.18135914098597	0.001808541960705447
73.0	38.451769154953304	11.772267651370072	11.587224286596712	38.18648788903885	0.0022510180410624417
74.0	38.452920545562115	11.752959056114856	11.62066255158531	38.16689768948832	0.006560157249398956
75.0	38.495774452757	11.761943927349076	11.577033550708519	38.16412606980202	0.001121999383388165
76.0	38.492651695381156	11.762527870662982	11.602766679849495	38.14173540715962	3.1834694674667786E-4
77.0	38.498534275147186	11.724643353397521	11.557690359847497	38.216894826743555	0.0022371848642397554
78.0	38.46541171104329	11.749276433323509	11.599231684001166	38.18400684395593	0.002073327676110674
79.0	38.49738694416336	11.72057217335315	11.536132835976625	38.24404927866177	0.001858767845100697
80.0	38.43407523167733	11.783691508316494	11.592377293132795	38.18978131252302	7.465435035784318E-5
81.0	38.4587397685281	11.760707749480993	11.551630388608519	38.22614838870248	0.00277370467991448
82.0	38.48105083706335	11.811553727477527	11.526100547971742	38.17351618797554	0.007778699511848966
83.0	38.4952161274046	11.778317244271626	11.557988419504872	38.16232855962614	0.006149649192757729
84.0	38.47254011817376	11.794593735302323	11.602944876715435	38.12875684668142	0.0011644231270633704
85.0	38.50225472908289	11.82322212037342	11.55545158784544	38.119071562698245	0.0
86.0	38.50192202086766	11.804426394901855	11.580118258559697	38.11335453303194	1.7879263885164042E-4
87.0	38.45686436370103	11.831286464698925	11.613919202810505	38.09792996878954	0.0
88.0	38.472971952130386	11.813586227469107	11.61588699482986	38.09755482557065	0.0
89.0	38.44821042514304	11.860326243945913	11.570014987066045	38.121448343845	0.0
90.0	38.48584022641057	11.837138520260048	11.630437329625783	38.04650581517961	7.810852398322228E-5
91.0	38.49516957835385	11.893658754885706	11.597487107753144	38.01355370646372	1.3085254357716834E-4
92.0	38.50015374284254	11.855453846503883	11.586607722704201	38.05778468794937	0.0
93.0	38.51541645691176	11.82544408110429	11.581643660607394	38.07749580137656	0.0
94.0	38.50555678124012	11.828381715385412	11.539471620676915	38.114734707222354	0.01185517547520381
95.0	38.48499515067387	11.804213902720033	11.53583730851576	38.17308285920224	0.0018707788880998953
96.0	38.41170783418883	11.862707968849996	11.502536387409155	38.222752146313525	2.9566323849621376E-4
97.0	38.15841165599935	11.876309868139714	11.597260748865573	38.36801772699536	0.0
98.0	37.54807649529301	12.116055380563415	11.30089601907711	39.03452720979482	4.448952716530529E-4
99.0	35.87113032541961	12.6950591233193	10.578961623321499	40.85203192486114	0.0028170030784561767
100.0	0.0	20.589086288213878	12.879499523472058	66.53141418831406	0.0
