## htsjdk.samtools.metrics.StringHeader
# CollectInsertSizeMetrics --Histogram_FILE /dev/null --MINIMUM_PCT 0.0 --INCLUDE_DUPLICATES true --INPUT 250504_B1_Bap1_P60_ctrl2_5mC_S45_L002.good_mapq --OUTPUT 250504_B1_Bap1_P60_ctrl2_5mC_S45_L002.good_mapq.insert_size_metrics.txt --VALIDATION_STRINGENCY SILENT --DEVIATIONS 10.0 --METRIC_ACCUMULATION_LEVEL ALL_READS --ASSUME_SORTED true --STOP_AFTER 0 --VERBOSITY INFO --QUIET false --COMPRESSION_LEVEL 5 --MAX_RECORDS_IN_RAM 500000 --CREATE_INDEX false --CREATE_MD5_FILE false --help false --version false --showHidden false --USE_JDK_DEFLATER false --USE_JDK_INFLATER false
## htsjdk.samtools.metrics.StringHeader
# Started on: Fri Jun 26 13:08:36 PDT 2026

## METRICS CLASS	picard.analysis.InsertSizeMetrics
MEDIAN_INSERT_SIZE	MODE_INSERT_SIZE	MEDIAN_ABSOLUTE_DEVIATION	MIN_INSERT_SIZE	MAX_INSERT_SIZE	MEAN_INSERT_SIZE	STANDARD_DEVIATION	READ_PAIRS	PAIR_ORIENTATION	WIDTH_OF_10_PERCENT	WIDTH_OF_20_PERCENT	WIDTH_OF_30_PERCENT	WIDTH_OF_40_PERCENT	WIDTH_OF_50_PERCENT	WIDTH_OF_60_PERCENT	WIDTH_OF_70_PERCENT	WIDTH_OF_80_PERCENT	WIDTH_OF_90_PERCENT	WIDTH_OF_95_PERCENT	WIDTH_OF_99_PERCENT	SAMPLE	LIBRARY	READ_GROUP
236	192	63	2	136372192	259.33303	107.892303	11390487	FR	25	49	75	101	127	157	193	241	345	469	729			
2409.5	2458	168	192	140582059	2253.431034	373.676035	498	RF	63	101	149	213	335	545	5245	509663	61419395	108979303	190103689			
28197132	28197132	0	28197132	28197132	28197132	?	1	TANDEM	1	1	1	1	1	1	1	1	1	1	1			

## HISTOGRAM	java.lang.Integer
insert_size	All_Reads.fr_count	All_Reads.rf_count	All_Reads.tandem_count
2	20	0	0
3	21	0	0
4	27	0	0
5	22	0	0
6	21	0	0
7	21	0	0
8	28	0	0
9	30	0	0
10	33	0	0
11	25	0	0
12	33	0	0
13	45	0	0
14	33	0	0
15	46	0	0
16	35	0	0
17	41	0	0
18	36	0	0
19	48	0	0
20	48	0	0
21	54	0	0
22	37	0	0
23	57	0	0
24	53	0	0
25	49	0	0
26	57	0	0
27	64	0	0
28	52	0	0
29	50	0	0
30	66	0	0
31	75	0	0
32	77	0	0
33	74	0	0
34	94	0	0
35	77	0	0
36	99	0	0
37	75	0	0
38	64	0	0
39	42	0	0
40	81	0	0
41	71	0	0
42	87	0	0
43	94	0	0
44	87	0	0
45	106	0	0
46	125	0	0
47	118	0	0
48	132	0	0
49	162	0	0
50	179	0	0
51	175	0	0
52	196	0	0
53	219	0	0
54	246	0	0
55	262	0	0
56	315	0	0
57	344	0	0
58	322	0	0
59	428	0	0
60	404	0	0
61	494	0	0
62	519	0	0
63	607	0	0
64	637	0	0
65	678	0	0
66	781	0	0
67	828	0	0
68	912	0	0
69	986	0	0
70	1127	0	0
71	1318	0	0
72	1351	0	0
73	1508	0	0
74	1637	0	0
75	1720	0	0
76	1964	0	0
77	1995	0	0
78	2192	0	0
79	2413	0	0
80	2604	0	0
81	2821	0	0
82	3032	0	0
83	3275	0	0
84	3509	0	0
85	3842	0	0
86	4042	0	0
87	4348	0	0
88	4747	0	0
89	4965	0	0
90	5229	0	0
91	5586	0	0
92	6010	0	0
93	6195	0	0
94	6711	0	0
95	7041	0	0
96	7406	0	0
97	7899	0	0
98	8188	0	0
99	8932	0	0
100	9294	0	0
101	9773	0	0
102	10239	0	0
103	10743	0	0
104	11191	0	0
105	11751	0	0
106	12288	0	0
107	12740	0	0
108	13267	0	0
109	13837	0	0
110	14257	0	0
111	15146	0	0
112	15613	0	0
113	16167	0	0
114	16724	0	0
115	17257	0	0
116	17820	0	0
117	18375	0	0
118	19277	0	0
119	19945	0	0
120	20494	0	0
121	21050	0	0
122	21954	0	0
123	22501	0	0
124	23079	0	0
125	23942	0	0
126	24276	0	0
127	24975	0	0
128	25499	0	0
129	26130	0	0
130	26696	0	0
131	27902	0	0
132	28305	0	0
133	29010	0	0
134	29188	0	0
135	30186	0	0
136	31207	0	0
137	31916	0	0
138	32359	0	0
139	33703	0	0
140	33849	0	0
141	34594	0	0
142	35446	0	0
143	35568	0	0
144	36676	0	0
145	37178	0	0
146	37494	0	0
147	38350	0	0
148	38919	0	0
149	39728	0	0
150	40353	0	0
151	40668	0	0
152	41259	0	0
153	41867	0	0
154	42592	0	0
155	42680	0	0
156	43671	0	0
157	43784	0	0
158	44512	0	0
159	44883	0	0
160	45207	0	0
161	46073	0	0
162	46423	0	0
163	46880	0	0
164	47753	0	0
165	47681	0	0
166	47894	0	0
167	48936	0	0
168	49627	0	0
169	49526	0	0
170	49618	0	0
171	50259	0	0
172	50429	0	0
173	50705	0	0
174	50872	0	0
175	51687	0	0
176	51674	0	0
177	52077	0	0
178	52357	0	0
179	52453	0	0
180	52327	0	0
181	53338	0	0
182	53134	0	0
183	53300	0	0
184	53707	0	0
185	53191	0	0
186	53706	0	0
187	54064	0	0
188	54340	0	0
189	54407	0	0
190	53631	0	0
191	54214	0	0
192	54650	1	0
193	54237	0	0
194	54446	0	0
195	54300	0	0
196	54166	0	0
197	54304	0	0
198	54503	0	0
199	54377	0	0
200	54440	0	0
201	54106	0	0
202	54278	0	0
203	53847	0	0
204	54193	0	0
205	54077	0	0
206	53835	0	0
207	53068	0	0
208	53522	0	0
209	53427	0	0
210	53439	0	0
211	53054	0	0
212	52445	0	0
213	52946	0	0
214	52429	0	0
215	52431	0	0
216	51621	0	0
217	51503	0	0
218	51714	0	0
219	51455	0	0
220	50761	0	0
221	50789	0	0
222	50312	0	0
223	50416	0	0
224	50686	0	0
225	49651	0	0
226	49636	0	0
227	49299	0	0
228	49197	0	0
229	48719	0	0
230	48898	0	0
231	48038	0	0
232	48402	0	0
233	47905	0	0
234	47208	0	0
235	47039	0	0
236	46338	0	0
237	46829	0	0
238	46261	0	0
239	45511	0	0
240	45524	0	0
241	45926	0	0
242	45195	0	0
243	44555	0	0
244	44471	0	0
245	44150	0	0
246	43958	0	0
247	43945	1	0
248	43762	0	0
249	42891	0	0
250	43222	0	0
251	42292	0	0
252	42415	0	0
253	41726	0	0
254	41930	0	0
255	41056	0	0
256	41087	0	0
257	40744	0	0
258	40532	0	0
259	40000	0	0
260	40276	0	0
261	39923	0	0
262	39543	0	0
263	39316	0	0
264	38920	0	0
265	38998	0	0
266	38440	0	0
267	37811	0	0
268	38181	0	0
269	37697	0	0
270	37211	0	0
271	36972	0	0
272	36678	0	0
273	36407	0	0
274	36336	0	0
275	35642	0	0
276	35981	0	0
277	35131	0	0
278	34901	0	0
279	34784	0	0
280	34396	0	0
281	34247	0	0
282	34346	0	0
283	33731	1	0
284	33862	0	0
285	33547	0	0
286	33399	0	0
287	33328	0	0
288	32645	0	0
289	32317	0	0
290	31766	0	0
291	31845	0	0
292	31549	0	0
293	31590	0	0
294	31430	0	0
295	31120	0	0
296	30708	0	0
297	30559	0	0
298	30372	0	0
299	29853	0	0
300	29941	0	0
301	29581	0	0
302	29075	0	0
303	29208	0	0
304	28711	0	0
305	28918	0	0
306	28193	0	0
307	28600	0	0
308	27883	0	0
309	27734	0	0
310	27373	0	0
311	27589	0	0
312	27097	0	0
313	26687	0	0
314	26762	0	0
315	26442	0	0
316	26007	0	0
317	26052	0	0
318	25917	0	0
319	25395	0	0
320	25434	0	0
321	25119	0	0
322	25161	0	0
323	25423	0	0
324	24759	0	0
325	24560	0	0
326	24176	0	0
327	23743	0	0
328	23703	0	0
329	23720	0	0
330	23622	2	0
331	23265	0	0
332	23225	0	0
333	22735	0	0
334	22917	0	0
335	22378	0	0
336	22064	0	0
337	22251	0	0
338	22024	0	0
339	21630	0	0
340	21464	0	0
341	21230	0	0
342	20984	0	0
343	20961	0	0
344	20675	0	0
345	20771	0	0
346	20129	0	0
347	20608	0	0
348	20274	0	0
349	20118	0	0
350	19852	0	0
351	19636	0	0
352	19626	0	0
353	19383	0	0
354	19542	3	0
355	18892	0	0
356	18622	0	0
357	18618	0	0
358	18624	0	0
359	18735	0	0
360	18565	0	0
361	18107	0	0
362	17796	0	0
363	17661	0	0
364	17597	0	0
365	17683	0	0
366	17184	0	0
367	17280	0	0
368	16940	0	0
369	16960	0	0
370	17171	0	0
371	16737	0	0
372	16403	0	0
373	16399	0	0
374	15886	0	0
375	15833	0	0
376	15940	0	0
377	16012	0	0
378	15699	0	0
379	15600	0	0
380	15297	0	0
381	15213	0	0
382	15061	0	0
383	15283	0	0
384	15003	0	0
385	14948	0	0
386	14733	0	0
387	14695	0	0
388	14418	0	0
389	14333	0	0
390	13916	0	0
391	13787	0	0
392	13834	0	0
393	13487	0	0
394	13655	0	0
395	13348	0	0
396	13603	0	0
397	13277	0	0
398	13058	0	0
399	12993	0	0
400	12685	0	0
401	12415	0	0
402	12451	0	0
403	12126	0	0
404	12496	0	0
405	12304	0	0
406	11936	0	0
407	12091	0	0
408	11790	0	0
409	12053	0	0
410	11909	0	0
411	11661	0	0
412	11666	0	0
413	11524	0	0
414	11395	0	0
415	11213	0	0
416	11047	0	0
417	11061	0	0
418	10829	0	0
419	10826	0	0
420	10717	0	0
421	10741	0	0
422	10594	0	0
423	10555	0	0
424	10380	0	0
425	10187	0	0
426	10113	0	0
427	10186	0	0
428	10128	0	0
429	9900	0	0
430	9777	0	0
431	9775	0	0
432	9409	0	0
433	9584	0	0
434	9394	0	0
435	9449	0	0
436	9048	0	0
437	9494	0	0
438	8881	0	0
439	8765	0	0
440	8748	0	0
441	8561	0	0
442	8514	0	0
443	8776	0	0
444	8688	0	0
445	8404	0	0
446	8235	0	0
447	8327	0	0
448	8246	0	0
449	8161	0	0
450	8126	0	0
451	8104	0	0
452	7931	0	0
453	7736	0	0
454	7688	0	0
455	7735	0	0
456	7713	0	0
457	7537	0	0
458	7441	0	0
459	7424	0	0
460	7183	0	0
461	7283	0	0
462	7073	0	0
463	7157	0	0
464	6956	0	0
465	6832	0	0
466	7001	0	0
467	6744	0	0
468	6793	0	0
469	6538	0	0
470	6738	0	0
471	6712	0	0
472	6473	0	0
473	6468	0	0
474	6209	0	0
475	6086	0	0
476	6205	0	0
477	6042	0	0
478	6113	0	0
479	5905	1	0
480	5780	0	0
481	5962	0	0
482	5707	0	0
483	5587	0	0
484	5817	0	0
485	5617	0	0
486	5501	0	0
487	5532	0	0
488	5400	0	0
489	5518	0	0
490	5249	0	0
491	5298	0	0
492	5112	0	0
493	5344	0	0
494	5219	0	0
495	5057	0	0
496	4994	0	0
497	5145	0	0
498	5039	0	0
499	4922	0	0
500	4776	0	0
501	4738	0	0
502	4912	0	0
503	4584	0	0
504	4674	0	0
505	4495	0	0
506	4581	0	0
507	4340	0	0
508	4489	1	0
509	4320	0	0
510	4238	0	0
511	4277	0	0
512	4315	0	0
513	4164	0	0
514	4121	0	0
515	4114	0	0
516	4127	0	0
517	4100	0	0
518	3847	0	0
519	3963	0	0
520	3788	0	0
521	3792	0	0
522	3738	0	0
523	3554	0	0
524	3612	0	0
525	3753	0	0
526	3612	0	0
527	3528	0	0
528	3476	0	0
529	3440	0	0
530	3554	0	0
531	3459	0	0
532	3343	0	0
533	3259	0	0
534	3217	0	0
535	3196	0	0
536	3250	0	0
537	3268	0	0
538	3103	0	0
539	3270	0	0
540	3085	0	0
541	2980	0	0
542	3124	0	0
543	2979	0	0
544	2952	0	0
545	2966	0	0
546	3072	0	0
547	2825	0	0
548	2803	0	0
549	2699	0	0
550	2812	0	0
551	2731	0	0
552	2718	0	0
553	2728	0	0
554	2574	0	0
555	2586	0	0
556	2577	0	0
557	2500	0	0
558	2407	0	0
559	2476	0	0
560	2424	0	0
561	2495	0	0
562	2464	0	0
563	2309	0	0
564	2399	0	0
565	2322	0	0
566	2221	0	0
567	2311	0	0
568	2160	0	0
569	2273	0	0
570	2360	0	0
571	2223	0	0
572	2153	0	0
573	2047	0	0
574	2004	0	0
575	1971	0	0
576	1916	0	0
577	2087	0	0
578	1917	0	0
579	1869	0	0
580	2025	0	0
581	1876	0	0
582	1883	0	0
583	1785	0	0
584	1891	0	0
585	1737	0	0
586	1852	0	0
587	1774	0	0
588	1702	0	0
589	1806	0	0
590	1685	0	0
591	1732	0	0
592	1699	0	0
593	1667	0	0
594	1613	0	0
595	1597	0	0
596	1577	0	0
597	1481	0	0
598	1637	0	0
599	1514	0	0
600	1467	0	0
601	1599	0	0
602	1458	0	0
603	1485	0	0
604	1491	0	0
605	1387	0	0
606	1324	0	0
607	1446	0	0
608	1362	0	0
609	1358	0	0
610	1342	0	0
611	1366	0	0
612	1296	0	0
613	1238	0	0
614	1257	0	0
615	1358	0	0
616	1258	0	0
617	1378	0	0
618	1291	0	0
619	1225	0	0
620	1152	0	0
621	1153	0	0
622	1115	0	0
623	1052	0	0
624	1105	0	0
625	1068	0	0
626	1093	0	0
627	1092	0	0
628	1104	0	0
629	1099	0	0
630	1037	0	0
631	1086	0	0
632	969	0	0
633	1106	0	0
634	1012	0	0
635	1006	0	0
636	985	0	0
637	1031	0	0
638	1047	0	0
639	925	0	0
640	990	0	0
641	885	0	0
642	964	0	0
643	902	0	0
644	920	0	0
645	897	0	0
646	869	0	0
647	911	0	0
648	866	0	0
649	809	0	0
650	798	0	0
651	789	0	0
652	813	0	0
653	828	0	0
654	750	0	0
655	813	0	0
656	753	0	0
657	773	0	0
658	800	0	0
659	725	0	0
660	679	0	0
661	720	0	0
662	707	0	0
663	670	0	0
664	663	0	0
665	724	0	0
666	695	0	0
667	640	0	0
668	638	0	0
669	581	0	0
670	642	0	0
671	640	0	0
672	626	0	0
673	617	0	0
674	610	0	0
675	589	0	0
676	598	0	0
677	568	0	0
678	593	0	0
679	603	0	0
680	558	0	0
681	530	0	0
682	481	0	0
683	583	0	0
684	467	0	0
685	513	0	0
686	475	0	0
687	501	0	0
688	498	0	0
689	465	0	0
690	447	0	0
691	447	0	0
692	510	0	0
693	528	0	0
694	571	0	0
695	395	0	0
696	444	0	0
697	458	0	0
698	425	0	0
699	425	0	0
700	415	0	0
701	397	0	0
702	418	0	0
703	537	0	0
704	417	0	0
705	354	0	0
706	395	0	0
707	374	0	0
708	352	0	0
709	337	0	0
710	334	0	0
711	366	0	0
712	397	0	0
713	336	0	0
714	341	0	0
715	318	0	0
716	263	0	0
717	340	0	0
718	275	0	0
719	322	0	0
720	318	0	0
721	323	0	0
722	345	0	0
723	341	0	0
724	293	0	0
725	345	0	0
726	336	0	0
727	293	0	0
728	309	0	0
729	247	0	0
730	272	0	0
731	261	0	0
732	275	0	0
733	224	0	0
734	215	0	0
735	225	0	0
736	212	0	0
737	208	0	0
738	228	0	0
739	234	0	0
740	239	0	0
741	235	0	0
742	243	0	0
743	202	0	0
744	202	0	0
745	174	0	0
746	205	0	0
747	178	0	0
748	164	0	0
749	181	0	0
750	167	0	0
751	201	0	0
752	173	0	0
753	183	0	0
754	204	0	0
755	137	0	0
756	154	0	0
757	194	0	0
758	139	0	0
759	170	0	0
760	130	0	0
761	153	0	0
762	131	0	0
763	150	0	0
764	164	0	0
765	148	0	0
766	122	0	0
767	152	0	0
768	138	0	0
769	139	0	0
770	176	0	0
771	132	0	0
772	138	0	0
773	117	0	0
774	150	0	0
775	141	0	0
776	110	0	0
777	114	0	0
778	125	0	0
779	112	0	0
780	118	0	0
781	117	0	0
782	113	0	0
783	110	0	0
784	96	0	0
785	136	0	0
786	98	0	0
787	94	0	0
788	104	0	0
789	95	0	0
790	92	0	0
791	105	0	0
792	100	0	0
793	103	0	0
794	72	0	0
795	98	0	0
796	90	0	0
797	86	0	0
798	94	0	0
799	88	0	0
800	62	0	0
801	82	0	0
802	93	0	0
803	75	0	0
804	62	0	0
805	74	0	0
806	77	0	0
807	74	0	0
808	61	0	0
809	70	0	0
810	94	0	0
811	79	0	0
812	84	0	0
813	65	0	0
814	64	0	0
815	81	0	0
816	62	0	0
817	67	0	0
818	60	0	0
819	46	0	0
820	70	0	0
821	53	0	0
822	79	0	0
823	66	0	0
824	68	0	0
825	52	0	0
826	60	0	0
827	49	0	0
828	49	0	0
829	52	0	0
830	52	0	0
831	34	0	0
832	64	0	0
833	46	0	0
834	42	0	0
835	41	0	0
836	52	0	0
837	30	0	0
838	35	0	0
839	48	0	0
840	48	0	0
841	44	0	0
842	48	0	0
843	32	0	0
844	43	0	0
845	49	0	0
846	42	0	0
847	25	0	0
848	27	0	0
849	34	0	0
850	40	0	0
851	38	0	0
852	37	0	0
853	41	0	0
854	44	0	0
855	29	0	0
856	36	0	0
857	49	0	0
858	19	0	0
859	21	0	0
860	33	0	0
861	24	0	0
862	39	0	0
863	31	0	0
864	36	0	0
865	34	0	0
866	23	0	0
1010	0	1	0
1147	0	1	0
1713	0	1	0
1797	0	2	0
1800	0	1	0
1929	0	1	0
1934	0	2	0
1957	0	1	0
1962	0	1	0
1977	0	1	0
1982	0	1	0
1985	0	1	0
2012	0	1	0
2014	0	1	0
2030	0	1	0
2046	0	5	0
2053	0	1	0
2060	0	1	0
2074	0	2	0
2079	0	1	0
2082	0	1	0
2087	0	1	0
2092	0	1	0
2094	0	1	0
2097	0	1	0
2102	0	1	0
2123	0	1	0
2125	0	2	0
2127	0	1	0
2137	0	1	0
2139	0	2	0
2147	0	1	0
2148	0	2	0
2160	0	1	0
2161	0	5	0
2162	0	2	0
2174	0	2	0
2175	0	1	0
2177	0	1	0
2178	0	1	0
2180	0	3	0
2186	0	1	0
2188	0	3	0
2190	0	1	0
2194	0	1	0
2195	0	3	0
2200	0	2	0
2204	0	1	0
2208	0	1	0
2209	0	1	0
2210	0	1	0
2212	0	1	0
2217	0	3	0
2218	0	2	0
2229	0	1	0
2231	0	2	0
2234	0	1	0
2238	0	1	0
2240	0	1	0
2241	0	1	0
2242	0	4	0
2245	0	5	0
2247	0	1	0
2249	0	1	0
2251	0	3	0
2255	0	2	0
2256	0	1	0
2260	0	1	0
2261	0	1	0
2262	0	2	0
2264	0	1	0
2266	0	1	0
2273	0	1	0
2274	0	1	0
2276	0	4	0
2278	0	1	0
2279	0	1	0
2280	0	1	0
2283	0	1	0
2286	0	1	0
2291	0	1	0
2294	0	1	0
2295	0	5	0
2298	0	2	0
2299	0	2	0
2300	0	1	0
2301	0	2	0
2303	0	3	0
2306	0	3	0
2308	0	2	0
2309	0	6	0
2310	0	1	0
2313	0	3	0
2319	0	1	0
2320	0	1	0
2328	0	2	0
2329	0	1	0
2330	0	1	0
2332	0	1	0
2333	0	3	0
2334	0	1	0
2335	0	1	0
2336	0	1	0
2337	0	3	0
2338	0	2	0
2341	0	1	0
2343	0	4	0
2344	0	1	0
2346	0	1	0
2347	0	1	0
2350	0	2	0
2351	0	1	0
2353	0	1	0
2354	0	3	0
2355	0	2	0
2356	0	1	0
2358	0	1	0
2365	0	6	0
2369	0	5	0
2371	0	1	0
2372	0	1	0
2375	0	1	0
2376	0	2	0
2377	0	2	0
2378	0	3	0
2379	0	1	0
2382	0	1	0
2384	0	1	0
2386	0	2	0
2389	0	3	0
2391	0	1	0
2395	0	1	0
2397	0	3	0
2398	0	1	0
2399	0	1	0
2400	0	1	0
2401	0	1	0
2403	0	3	0
2404	0	3	0
2405	0	2	0
2408	0	1	0
2409	0	2	0
2410	0	1	0
2411	0	1	0
2412	0	3	0
2413	0	1	0
2416	0	1	0
2417	0	2	0
2419	0	1	0
2421	0	2	0
2422	0	1	0
2434	0	1	0
2435	0	1	0
2437	0	3	0
2438	0	1	0
2439	0	2	0
2441	0	1	0
2443	0	2	0
2444	0	4	0
2445	0	1	0
2447	0	1	0
2450	0	3	0
2451	0	1	0
2452	0	1	0
2453	0	1	0
2454	0	2	0
2456	0	1	0
2458	0	10	0
2459	0	2	0
2462	0	1	0
2463	0	3	0
2464	0	2	0
2465	0	1	0
2466	0	1	0
2467	0	5	0
2468	0	1	0
2472	0	1	0
2473	0	1	0
2474	0	1	0
2476	0	3	0
2477	0	3	0
2479	0	1	0
2485	0	1	0
2488	0	1	0
2489	0	3	0
2491	0	1	0
2492	0	1	0
2498	0	2	0
2499	0	2	0
2500	0	1	0
2501	0	1	0
2502	0	1	0
2508	0	2	0
2510	0	1	0
2511	0	2	0
2512	0	1	0
2513	0	1	0
2526	0	1	0
2892	0	1	0
2990	0	1	0
28197132	0	0	1

